-9.444904923439025879e-01 1.573296636343002319e-01 -3.256175220012664795e-01 -1.028893813490867615e-01 -2.115687280893325806e-01 7.667641621083021164e-04 -3.997522965073585510e-02 -1.639640033245086670e-01
4.260222017765045166e-01 -1.183728724718093872e-01 -2.600936293601989746e-01 -5.253531932830810547e-01 -1.954351305961608887e+00 -1.267099380493164062e-01 -7.721795141696929932e-02 -2.456358522176742554e-01
2.264127016067504883e+00 5.190436244010925293e-01 6.108489632606506348e-01 5.009469985961914062e-01 4.384987056255340576e-01 2.674346268177032471e-01 2.038126438856124878e-01 8.543357253074645996e-02
6.077880263328552246e-01 -3.341566026210784912e-01 6.347166746854782104e-02 -1.864758431911468506e-01 1.051862001419067383e+00 -5.334757566452026367e-01 -6.177834868431091309e-01 -1.416884828358888626e-02
1.913397759199142456e-01 -4.498061835765838623e-01 -3.187936544418334961e-01 4.960496723651885986e-02 -8.421225100755691528e-02 -7.029458880424499512e-02 -2.065150588750839233e-01 -1.757602579891681671e-02
-1.067846268415451050e-02 -1.035316139459609985e-01 -1.475550532341003418e-01 1.486922651529312134e-01 1.943712383508682251e-01 1.255938410758972168e-02 4.633089900016784668e-02 1.231267210096120834e-02
1.557820737361907959e-01 5.604122206568717957e-02 -2.108621448278427124e-01 -1.641646176576614380e-01 2.568625807762145996e-01 -8.322916179895401001e-02 -1.227756664156913757e-01 -9.125963784754276276e-03
8.226986527442932129e-01 -6.992425918579101562e-01 3.968132436275482178e-01 -7.956122159957885742e-01 6.208328008651733398e-01 -4.045201539993286133e-01 1.994133889675140381e-01 -1.027158573269844055e-01
-4.216490089893341064e-01 4.897425770759582520e-01 5.675715804100036621e-01 4.450888037681579590e-01 -1.047801133245229721e-02 -3.143879771232604980e-01 -2.546308636665344238e-01 -2.473695762455463409e-02
-1.271936535835266113e+00 7.401725649833679199e-01 -4.121836721897125244e-01 6.886922717094421387e-01 -1.107135862112045288e-01 2.666884958744049072e-01 2.097592949867248535e-01 3.664285410195589066e-03
2.262988686561584473e-01 1.060370355844497681e-01 -1.320674896240234375e+00 -3.434848189353942871e-01 -2.564717769622802734e+00 5.480024814605712891e-01 -5.196610689163208008e-01 2.821319699287414551e-01
-1.744663476943969727e+00 1.806802302598953247e-01 -1.358728647232055664e+00 2.239440977573394775e-01 -5.863103270530700684e-01 1.106363311409950256e-01 6.554091572761535645e-01 -7.330302149057388306e-02
8.072786331176757812e-01 -2.738052308559417725e-01 5.907980799674987793e-01 -2.160864472389221191e-01 3.374176919460296631e-01 -2.351267077028751373e-02 5.755946040153503418e-01 -3.230079775676131248e-03
-9.209204316139221191e-01 2.777313292026519775e-01 4.958859384059906006e-01 4.655088856816291809e-02 5.243937969207763672e-01 -1.840642243623733521e-01 6.581054925918579102e-01 1.211940869688987732e-02
1.104382872581481934e+00 -1.113553866744041443e-01 -4.363358020782470703e-01 -3.210420608520507812e-01 1.770894378423690796e-01 -1.647415608167648315e-01 -9.541576504707336426e-01 -6.357893347740173340e-01
1.164414286613464355e+00 -2.261941581964492798e-01 5.779095739126205444e-02 -7.413311600685119629e-01 2.072913199663162231e-01 -3.392092287540435791e-01 -8.715313076972961426e-01 -1.347360163927078247e-01
-7.126377820968627930e-01 4.384803473949432373e-01 2.825081050395965576e-01 3.557851910591125488e-01 -1.837067157030105591e-01 1.557915061712265015e-01 1.928337812423706055e-01 -1.459291875362396240e-01
1.446678876876831055e+00 7.332696765661239624e-02 -8.932640552520751953e-01 3.427102416753768921e-02 9.282498955726623535e-01 3.423472344875335693e-01 2.672692574560642242e-02 4.338291287422180176e-01
1.803573518991470337e-01 -5.717726349830627441e-01 1.006387397646903992e-01 -7.255486249923706055e-01 3.559564352035522461e-01 3.361812978982925415e-02 3.784900605678558350e-01 4.725106358528137207e-01
1.500892758369445801e+00 7.422235608100891113e-01 1.205364227294921875e+00 5.198475122451782227e-01 -1.288342773914337158e-01 2.031787037849426270e-01 -3.041929304599761963e-01 2.029004320502281189e-02
-6.919315457344055176e-01 9.804394841194152832e-02 -6.544508337974548340e-01 2.021736949682235718e-01 1.573446393013000488e-01 6.489782780408859253e-02 -6.280363351106643677e-02 2.877379655838012695e-01
-1.376020461320877075e-01 2.698104679584503174e-01 7.054706215858459473e-01 3.761623799800872803e-01 2.497252225875854492e-01 4.887972772121429443e-02 -1.534284204244613647e-01 -2.142811715602874756e-01
-4.984897971153259277e-01 2.523687295615673065e-02 -1.034987494349479675e-01 5.693872570991516113e-01 -1.649577617645263672e+00 1.073392331600189209e-01 1.456395629793405533e-02 -3.124822974205017090e-01
-1.375913977622985840e+00 3.415765166282653809e-01 -5.988190770149230957e-01 1.984270960092544556e-01 -7.437382824718952179e-03 1.996846646070480347e-01 2.849963009357452393e-01 -1.778236776590347290e-01
-2.848302423954010010e-01 1.029646620154380798e-01 5.553883910179138184e-01 3.865457475185394287e-01 2.215262949466705322e-01 -5.282180011272430420e-02 3.015695214271545410e-01 4.029725193977355957e-01
3.225602507591247559e-01 2.138810604810714722e-01 4.569642543792724609e-01 5.796723961830139160e-01 -1.136923655867576599e-01 2.209130227565765381e-01 4.026706516742706299e-02 -9.699916243553161621e-01
-5.131408572196960449e-01 1.973469108343124390e-01 1.611607968807220459e-01 2.135252803564071655e-01 9.042059630155563354e-02 1.269347369670867920e-01 -1.127469614148139954e-01 -1.016138046979904175e-01
4.890401959419250488e-01 -1.614267379045486450e-01 -3.960254669189453125e+00 3.011716008186340332e-01 6.027318239212036133e-01 5.029472336173057556e-02 -6.392069160938262939e-02 2.026126533746719360e-02
5.071365833282470703e+00 6.995814442634582520e-01 -7.900348901748657227e-01 2.140576988458633423e-01 -6.607270836830139160e-01 6.841529160737991333e-02 -2.563192546367645264e-01 9.232532232999801636e-03
1.030270338058471680e+00 -4.231260716915130615e-01 -6.557878572493791580e-03 1.257784012705087662e-02 2.779723703861236572e-01 -2.869880944490432739e-02 -1.894835680723190308e-01 -1.636776626110076904e-01
1.558873534202575684e+00 7.097874283790588379e-01 7.233852744102478027e-01 4.337825477123260498e-01 4.241068363189697266e-01 -8.572331815958023071e-02 -2.842409312725067139e-01 -1.387180238962173462e-01
5.873884558677673340e-01 -5.165159702301025391e-03 8.212191462516784668e-01 -3.422155082225799561e-01 4.483852982521057129e-01 -5.407943576574325562e-02 8.648513555526733398e-01 1.362356357276439667e-02
6.156077980995178223e-01 2.190080732107162476e-01 1.102669239044189453e+00 1.517448425292968750e-01 7.902712225914001465e-01 -8.329542353749275208e-03 6.810878515243530273e-01 -1.641245000064373016e-02
-5.120570659637451172e-01 4.333043396472930908e-01 2.216371148824691772e-02 4.160914123058319092e-01 3.804017901420593262e-01 5.751874446868896484e-01 -1.523514240980148315e-01 -5.277750641107559204e-02
6.974521875381469727e-01 3.195882737636566162e-01 5.360065698623657227e-01 2.024134844541549683e-01 2.715746462345123291e-01 6.863333582878112793e-01 1.101473808288574219e+00 -7.964692264795303345e-02
-1.654595434665679932e-01 2.992003858089447021e-01 -1.052602827548980713e-01 1.869627833366394043e-01 -2.458085268735885620e-01 3.959870934486389160e-01 2.290818691253662109e-01 2.350971996784210205e-01
-1.253958463668823242e+00 4.752221703529357910e-01 -9.904206395149230957e-01 3.174278736114501953e-01 -1.292029857635498047e+00 1.622879654169082642e-01 -1.919579058885574341e-01 9.680907428264617920e-02
-9.551283717155456543e-01 9.488782286643981934e-02 4.956454634666442871e-01 2.482711672782897949e-01 -9.159512817859649658e-02 -2.139506489038467407e-01 -8.793734014034271240e-02 -2.771759591996669769e-02
1.176814138889312744e-01 -1.283252120018005371e+00 7.592118978500366211e-01 -1.256472110748291016e+00 2.104035168886184692e-01 -1.169946044683456421e-01 9.682890027761459351e-02 1.778959631919860840e-01
-1.026333332061767578e+00 5.036259070038795471e-03 1.235824376344680786e-01 2.367997020483016968e-01 3.532544374465942383e-01 7.254069447517395020e-01 6.267395615577697754e-01 4.238333702087402344e-01
1.131374001502990723e+00 3.501282334327697754e-01 9.344838261604309082e-01 2.123149037361145020e-01 5.379948616027832031e-01 -2.434347867965698242e-01 -3.005569875240325928e-01 3.970647603273391724e-02
5.406485795974731445e-01 -3.240931630134582520e-01 -2.890537381172180176e-01 1.159687042236328125e-01 1.133869141340255737e-01 4.386129230260848999e-02 -4.551656246185302734e-01 -8.201638460159301758e-01
1.533224821090698242e+00 3.870331346988677979e-01 -2.030373573303222656e+00 2.253818511962890625e-01 1.226264119148254395e+00 2.768025398254394531e-01 -6.855587940663099289e-03 1.133185774087905884e-01
1.166836142539978027e+00 -3.297977447509765625e-01 7.842489480972290039e-01 -1.454997225664556026e-03 9.977131336927413940e-02 -3.558951914310455322e-01 -2.033275514841079712e-01 -5.022132396697998047e-02
6.844068411737680435e-03 1.028305105865001678e-02 1.143522858619689941e-01 2.366201579570770264e-02 -1.140694990754127502e-01 -8.648628368973731995e-03 -8.918944746255874634e-03 -7.545253261923789978e-03
-1.024350166320800781e+00 6.447139382362365723e-02 -8.659950643777847290e-02 5.001473426818847656e-01 1.304552108049392700e-01 -2.193464785814285278e-01 1.178312674164772034e-01 -1.084758806973695755e-02
1.135814547538757324e+00 -3.066023588180541992e-01 3.490131795406341553e-01 -3.010247647762298584e-01 9.689345955848693848e-02 -5.276765674352645874e-02 -1.270328462123870850e-01 -1.240257844328880310e-01
3.543475866317749023e-01 -4.658300057053565979e-02 3.590137958526611328e-01 -1.636150628328323364e-01 -2.022677958011627197e-01 -1.298229545354843140e-01 -1.672166436910629272e-01 -1.968945190310478210e-02
4.911675453186035156e-01 -4.362075626850128174e-01 1.490442305803298950e-01 -2.675028443336486816e-01 1.406125277280807495e-01 -2.210163474082946777e-01 -4.374149441719055176e-01 2.197133302688598633e-01
-9.697449207305908203e-01 4.090771377086639404e-01 7.429633736610412598e-01 2.684651613235473633e-01 2.773813605308532715e-01 -1.246013417840003967e-01 4.519883692264556885e-01 -1.045027654618024826e-02
1.307320356369018555e+00 2.428754866123199463e-01 -3.175440549850463867e+00 -1.874658167362213135e-01 -2.321601629257202148e+00 2.165248095989227295e-01 -3.893656134605407715e-01 2.693528309464454651e-02
-6.362441778182983398e-01 -1.301886588335037231e-01 -1.626189827919006348e+00 -2.594008743762969971e-01 -1.127509355545043945e+00 -9.134037792682647705e-02 -1.163911744952201843e-01 3.459398448467254639e-01
-6.766194701194763184e-01 3.484305143356323242e-01 -1.227402091026306152e+00 -1.701166778802871704e-01 -5.091959983110427856e-02 -2.747605443000793457e-01 -7.761558294296264648e-01 -7.687718421220779419e-02
1.840450167655944824e-01 3.509486317634582520e-01 -4.086522012948989868e-02 -1.659847646951675415e-01 -3.024535179138183594e-01 9.626977443695068359e-01 -8.479743450880050659e-02 -1.374164968729019165e-01
-3.907032907009124756e-01 6.148128584027290344e-02 -2.047621086239814758e-02 9.499429166316986084e-02 6.302319467067718506e-02 -5.696537718176841736e-02 4.064733535051345825e-02 -7.289640139788389206e-03
-3.939113020896911621e-01 4.001668989658355713e-01 -3.361153602600097656e-01 5.482193231582641602e-01 -3.858644068241119385e-01 1.114352867007255554e-01 -1.718791276216506958e-01 -2.270783483982086182e-01
-1.625598669052124023e+00 -5.104708075523376465e-01 5.784573554992675781e-01 -6.379949450492858887e-01 -2.305451035499572754e-01 9.290910512208938599e-02 -3.158732950687408447e-01 -1.269293017685413361e-02
-7.281501591205596924e-02 1.030246261507272720e-03 -3.380396068096160889e-01 2.756517194211483002e-02 4.359077215194702148e-01 -1.368404924869537354e-01 -6.078122928738594055e-02 -2.349518425762653351e-02
7.152602076530456543e-01 -2.538991868495941162e-01 -1.579855084419250488e-01 -3.449763059616088867e-01 7.873663306236267090e-02 6.517049074172973633e-01 -5.742078423500061035e-01 -1.211024299263954163e-01
3.680871725082397461e+00 6.259778738021850586e-01 -1.440508127212524414e+00 3.923704326152801514e-01 5.767413973808288574e-01 2.677844278514385223e-02 -2.562374621629714966e-02 9.676209837198257446e-02
1.057732939720153809e+00 -2.335752099752426147e-01 3.239965736865997314e-01 -2.695937752723693848e-01 6.653156280517578125e-01 -4.461428150534629822e-02 -2.719459533691406250e-01 1.884292662143707275e-01
3.475323915481567383e-01 -2.782019227743148804e-02 -6.776087880134582520e-01 -4.591638147830963135e-01 7.316782325506210327e-02 2.030674070119857788e-01 -5.501030683517456055e-01 5.590851232409477234e-02
-7.953678965568542480e-01 1.339765042066574097e-01 5.301110148429870605e-01 4.320209324359893799e-01 1.085820198059082031e-01 7.213414907455444336e-01 -6.321225315332412720e-02 5.755147710442543030e-02
-7.518110871315002441e-01 -2.749879360198974609e-01 -1.489920258522033691e+00 -3.522375822067260742e-01 -1.227881193161010742e+00 -1.110080331563949585e-01 -2.885019779205322266e-01 -3.617700561881065369e-02
