-3.300064802169799805e-02
-6.272063255310058594e-01
-4.324590265750885010e-01
-6.173926591873168945e-01
1.054111346602439880e-01
-1.506384611129760742e-01
-2.287826687097549438e-01
7.616462558507919312e-02
5.393750071525573730e-01
-7.650294303894042969e-01
-2.018688470125198364e-01
-3.288766741752624512e-02
-1.437249183654785156e-01
3.370480239391326904e-01
4.836280271410942078e-02
-2.371760085225105286e-02
-1.156644225120544434e+00
-5.778153538703918457e-01
-1.283777952194213867e+00
-1.105519384145736694e-01
4.781236946582794189e-01
-6.520770192146301270e-01
-1.001265406608581543e+00
-3.149265944957733154e-01
-4.173609912395477295e-01
-8.592122197151184082e-01
-1.462391912937164307e-01
-4.203394651412963867e-01
-2.139317244291305542e-02
7.175949811935424805e-01
-1.120491981506347656e+00
-9.684246778488159180e-01
-1.603994846343994141e+00
2.131061702966690063e-01
-1.178395897150039673e-01
4.605904817581176758e-01
6.676322817802429199e-01
-1.408657789230346680e+00
-3.199049532413482666e-01
1.813284605741500854e-01
-8.005443811416625977e-01
6.783038973808288574e-01
-6.516172289848327637e-01
-5.469512343406677246e-01
-1.093595772981643677e-01
-7.706911563873291016e-01
5.696228146553039551e-01
-2.425465583801269531e-01
-6.769278049468994141e-01
-1.916167378425598145e+00
1.265182644128799438e-01
2.254269570112228394e-01
3.809474110603332520e-01
5.506644845008850098e-01
-5.338487029075622559e-01
-7.182936072349548340e-01
-2.313855290412902832e-01
-4.905715286731719971e-01
9.363672733306884766e-01
-8.777028322219848633e-01
2.126735895872116089e-01
9.625544548034667969e-01
7.507837414741516113e-01
1.794068515300750732e-01
