9.163829684257507324e-01
-3.970975279808044434e-01
-3.160115182399749756e-01
5.365845933556556702e-02
2.703815102577209473e-01
3.399397432804107666e-01
-3.936448097229003906e-01
9.442507028579711914e-01
-6.003742814064025879e-01
8.716221451759338379e-01
6.666347980499267578e-01
8.046498894691467285e-01
7.556173801422119141e-01
-4.431511461734771729e-01
9.975633621215820312e-01
-2.501935362815856934e-01
1.119254380464553833e-01
8.319981694221496582e-01
-1.584693491458892822e-01
2.795442193746566772e-02
8.042618036270141602e-01
2.535318136215209961e-01
8.902912735939025879e-01
-1.950895413756370544e-02
-1.175540219992399216e-02
-4.099452495574951172e-01
2.234129756689071655e-01
-3.154316246509552002e-01
8.762482404708862305e-01
-1.110697388648986816e-01
-1.556821107864379883e+00
7.216963768005371094e-01
