5.381134338676929474e-03 -1.084797739982604980e+00 2.112684100866317749e-01 3.473051786422729492e-01 2.232813537120819092e-01 -4.728081636130809784e-03 3.146897256374359131e-02 -2.740000486373901367e-01 6.191268563270568848e-01 -4.814309477806091309e-01 -3.106558918952941895e-01 -2.926166653633117676e-01 2.863052189350128174e-01 4.463281333446502686e-01 -3.378013670444488525e-01 6.006821990013122559e-01 2.321809232234954834e-01 -1.994624286890029907e-01 -2.719924598932266235e-02 7.388708591461181641e-01 2.826846837997436523e-01 2.180206626653671265e-01 -4.548859298229217529e-01 1.285304278135299683e-01 4.663018584251403809e-01 -8.095180988311767578e-02 2.968052923679351807e-01 -1.441908597946166992e+00 7.156704366207122803e-02 2.277762889862060547e-01 4.851923286914825439e-01 3.118152916431427002e-01 8.411704301834106445e-01 5.088009238243103027e-01 1.141599118709564209e-01 2.629654109477996826e-01 -4.714050590991973877e-01 9.462431073188781738e-02 -7.530164122581481934e-01 4.189465939998626709e-01 5.802129507064819336e-01 -1.413380960002541542e-03 -9.014268517494201660e-01 2.947621345520019531e-01 -3.257567808032035828e-02 4.873323142528533936e-01 1.414041668176651001e-01 5.725903064012527466e-02 -1.404724270105361938e-01 5.583248138427734375e-01 2.461903095245361328e-01 -2.045588344335556030e-01 -2.980617880821228027e-01 9.570907801389694214e-02 1.732182502746582031e-01 1.578633934259414673e-01 5.288287401199340820e-01 6.938938051462173462e-02 2.468376159667968750e-01 -3.183456063270568848e-01 3.732355833053588867e-01 -2.814825437963008881e-02 5.914916396141052246e-01 8.586569130420684814e-02
3.496473282575607300e-02 1.022191882133483887e+00 1.078070640563964844e+00 -1.846045970916748047e+00 -3.043181598186492920e-01 -1.430695205926895142e-01 -1.919592916965484619e-01 1.784505322575569153e-02 1.335303857922554016e-02 5.983290672302246094e-01 -1.856278896331787109e+00 1.909200668334960938e+00 -5.524745583534240723e-01 -1.263563871383666992e+00 -1.884182170033454895e-02 -1.504220008850097656e+00 9.328929781913757324e-01 -5.640020594000816345e-02 2.633931348100304604e-03 1.639906615018844604e-01 -2.340873479843139648e-01 1.341400444507598877e-01 2.726342201232910156e+00 -7.748155854642391205e-03 -3.828975558280944824e-01 4.899671673774719238e-01 -8.900226652622222900e-02 4.332047402858734131e-01 -1.402356624603271484e+00 -2.635546922683715820e-01 9.219784140586853027e-01 -1.678682208061218262e+00 -9.579740166664123535e-01 -1.438858807086944580e-01 -2.992885112762451172e-01 3.142482340335845947e-01 8.232221603393554688e-01 1.001880764961242676e+00 4.878288507461547852e-01 -1.988058805465698242e+00 5.545217394828796387e-01 -1.721829921007156372e-01 4.159994050860404968e-02 -9.403815492987632751e-03 2.890968695282936096e-02 1.974529772996902466e-02 -2.664873838424682617e+00 1.564275175333023071e-01 1.032441556453704834e-01 1.731710076332092285e+00 -4.403748214244842529e-01 -1.195038795471191406e+00 1.269359290599822998e-01 2.505168318748474121e-01 -1.994123160839080811e-01 7.578131556510925293e-01 -1.533328652381896973e+00 -3.137916922569274902e-01 -4.590007662773132324e-01 8.312913775444030762e-02 -2.294303476810455322e-01 -2.819484472274780273e-01 -4.913347065448760986e-01 -1.166208460927009583e-01
-6.799587607383728027e-01 3.435500144958496094e+00 -6.597788929939270020e-01 7.035421133041381836e-01 -1.882778946310281754e-03 4.359804093837738037e-01 5.731493234634399414e-01 3.302108123898506165e-02 -2.715991437435150146e-01 -8.288568258285522461e-02 1.281210184097290039e+00 -1.885799914598464966e-01 2.349454164505004883e-01 -5.317742228507995605e-01 7.984662652015686035e-01 2.089511230587959290e-02 6.626897454261779785e-01 2.004987001419067383e-01 -1.938774436712265015e-01 -8.711840510368347168e-01 -2.621934115886688232e-01 -2.203252725303173065e-02 -2.853982709348201752e-02 -8.122328668832778931e-02 1.155145093798637390e-01 4.302276074886322021e-01 3.505646288394927979e-01 1.287740588188171387e+00 -1.960745453834533691e-01 1.570931077003479004e-01 -5.152914524078369141e-01 2.447237819433212280e-01 -6.321145296096801758e-01 2.445715069770812988e-01 2.719040215015411377e-01 -3.859776854515075684e-01 -1.547158360481262207e-01 -1.314971745014190674e-01 3.238485455513000488e-01 -3.635633587837219238e-01 -6.977241486310958862e-02 -3.348146975040435791e-01 7.387381792068481445e-01 2.726503312587738037e-01 6.943698525428771973e-01 -2.967415750026702881e-01 -2.104731500148773193e-01 5.879153013229370117e-01 5.656722784042358398e-01 -6.478130221366882324e-01 -2.302815020084381104e-01 1.771437972784042358e-01 -1.904983520507812500e-01 1.131233200430870056e-02 1.741001307964324951e-01 -5.704733729362487793e-01 -2.772131562232971191e-01 4.556944966316223145e-01 1.146989390254020691e-01 7.325658202171325684e-02 2.421368211507797241e-01 -2.493410184979438782e-02 -1.566406786441802979e-01 2.314915180206298828e+00
-4.378994405269622803e-01 4.349354207515716553e-01 -4.060793817043304443e-01 1.220380544662475586e+00 4.557228684425354004e-01 7.657188922166824341e-02 2.723051607608795166e-01 6.131462454795837402e-01 2.850596606731414795e-01 -4.306603670120239258e-01 -2.649735286831855774e-02 2.546562552452087402e-01 5.129654407501220703e-01 -5.651776120066642761e-02 6.636397242546081543e-01 5.422096848487854004e-01 -2.405886411666870117e+00 8.496138453483581543e-02 -1.835719794034957886e-01 -4.880573451519012451e-01 -3.346576914191246033e-02 -1.053674891591072083e-01 5.392076969146728516e-01 -4.391068816184997559e-01 7.498286664485931396e-02 4.084135964512825012e-02 2.104306668043136597e-01 1.272935390472412109e+00 -5.807654932141304016e-02 7.361345291137695312e-01 1.308603584766387939e-01 2.619428038597106934e-01 -4.637156963348388672e+00 1.856690198183059692e-01 2.177509814500808716e-01 -2.918484993278980255e-02 2.869826257228851318e-01 -2.799875259399414062e+00 8.322577476501464844e-01 -1.827187687158584595e-01 -3.470750898122787476e-02 1.533794105052947998e-01 5.744450092315673828e-01 6.560182571411132812e-01 3.820365294814109802e-02 -5.291472002863883972e-02 4.684258401393890381e-01 4.103362262248992920e-01 7.259982228279113770e-01 -4.974240779876708984e+00 -3.530327081680297852e-01 -9.798139333724975586e-02 5.104962587356567383e-01 2.807579636573791504e-01 2.812469303607940674e-01 -9.091839194297790527e-02 -2.454866021871566772e-01 2.096011042594909668e-01 6.077522039413452148e-01 1.134769544005393982e-01 1.044195413589477539e+00 3.545921444892883301e-01 8.332242071628570557e-02 6.371019035577774048e-02
-4.172293543815612793e-01 1.668795198202133179e-01 -1.295085668563842773e+00 5.799165368080139160e-01 2.969291210174560547e-01 3.521393239498138428e-02 1.711326688528060913e-01 1.549713611602783203e-01 3.123434484004974365e-01 -5.353393778204917908e-02 -6.326530128717422485e-02 8.997160196304321289e-01 7.493407130241394043e-01 4.032481610774993896e-01 5.693695545196533203e-01 9.627020359039306641e-01 -9.821930527687072754e-01 -1.808478236198425293e-01 4.152941405773162842e-01 -1.006824612617492676e+00 2.636521160602569580e-01 -2.653551101684570312e-01 -1.200045108795166016e+00 -3.373591005802154541e-01 4.852097854018211365e-02 5.251020789146423340e-01 6.968939304351806641e-02 -8.272129893302917480e-01 -6.525014042854309082e-01 8.317747712135314941e-01 -4.830897152423858643e-01 -2.454608529806137085e-01 -1.698923468589782715e+00 -1.701744459569454193e-02 1.075047612190246582e+00 3.302266597747802734e-01 2.574168145656585693e-01 -7.261402606964111328e-01 5.866011381149291992e-01 -4.507449641823768616e-02 1.379194706678390503e-01 1.299584209918975830e-01 -9.373867511749267578e-01 7.344563007354736328e-01 9.487330168485641479e-02 3.232226967811584473e-01 8.610229492187500000e-01 3.176151514053344727e-01 5.235704183578491211e-01 -1.373209238052368164e+00 1.610166728496551514e-01 3.651043400168418884e-02 1.901665031909942627e-01 5.264797806739807129e-01 -8.744436316192150116e-03 -7.040202617645263672e-01 -1.512871235609054565e-01 9.927187860012054443e-02 4.712125957012176514e-01 -8.648827672004699707e-01 4.943051338195800781e-01 2.847231030464172363e-01 1.439127027988433838e-01 -3.071374259889125824e-02
2.228013873100280762e-01 -1.948052495718002319e-01 -1.217383742332458496e-01 1.046928390860557556e-01 -4.703698307275772095e-02 1.910919249057769775e-01 3.294786438345909119e-02 1.462866961956024170e-01 2.719896733760833740e-01 1.238505244255065918e-01 9.489570558071136475e-02 3.673879206180572510e-01 6.873843260109424591e-03 3.653663396835327148e-01 5.545699000358581543e-01 5.500178933143615723e-01 -3.450713306665420532e-02 3.605285286903381348e-02 1.163514927029609680e-01 -8.277695775032043457e-01 5.787988901138305664e-01 -5.937411189079284668e-01 6.430264711380004883e-01 7.812238931655883789e-01 -1.765719950199127197e-01 4.645508825778961182e-01 1.223665475845336914e-01 1.319673657417297363e+00 -2.120089769363403320e+00 -3.210738673806190491e-02 -1.159919738769531250e+00 2.445496618747711182e-01 5.289859771728515625e-01 2.643651068210601807e-01 2.535027861595153809e-01 4.588643312454223633e-01 -8.152776397764682770e-03 -9.787431955337524414e-01 -1.666643023490905762e+00 6.483075767755508423e-02 -4.975620210170745850e-01 1.428161859512329102e-01 -1.364590883255004883e+00 5.689154863357543945e-01 1.815129444003105164e-02 2.040242552757263184e-01 -2.430801242589950562e-01 -2.025704383850097656e-01 -7.066588401794433594e-01 -6.091018915176391602e-01 -9.759560227394104004e-01 -5.442477464675903320e-01 6.159744858741760254e-01 -5.575307831168174744e-02 1.489456277340650558e-03 2.930431999266147614e-02 -1.523275494575500488e+00 -4.504087567329406738e-02 2.109379693865776062e-02 -3.089220762252807617e+00 -4.972626268863677979e-01 5.439126491546630859e-01 3.310633003711700439e-01 1.445693612098693848e+00
-4.323077201843261719e-02 3.985580682754516602e+00 -2.392168790102005005e-01 1.259096562862396240e-01 -2.725653052330017090e-01 3.804869353771209717e-01 3.139103529974818230e-03 2.196986824274063110e-01 -1.382000148296356201e-01 -2.335496842861175537e-01 9.462109208106994629e-01 -4.398013055324554443e-01 -3.428056091070175171e-02 -5.485146641731262207e-01 4.905563294887542725e-01 -1.767458319664001465e-01 5.811541676521301270e-01 3.496344387531280518e-01 3.735970705747604370e-02 -5.699383616447448730e-01 -2.965379357337951660e-01 -6.751165259629487991e-03 1.756537258625030518e-01 -2.152256816625595093e-01 5.733415484428405762e-02 -1.367523521184921265e-01 4.421929717063903809e-01 1.044567704200744629e+00 -9.824783354997634888e-02 -1.596888601779937744e-01 -3.040890097618103027e-01 -2.436202615499496460e-01 1.349415630102157593e-01 3.857336938381195068e-02 1.900673210620880127e-01 -1.284517943859100342e-01 -3.307251036167144775e-01 4.623562693595886230e-01 2.295521795749664307e-01 -5.117109417915344238e-01 1.678798198699951172e-01 -2.795700728893280029e-01 8.145859837532043457e-01 -3.669393956661224365e-01 4.962937533855438232e-01 2.773743867874145508e-01 -2.149156033992767334e-01 -2.452328987419605255e-02 2.069514542818069458e-01 2.090638279914855957e-01 -1.963258832693099976e-01 5.914767086505889893e-02 -2.577479183673858643e-01 2.883522510528564453e-01 1.706285625696182251e-01 8.862598240375518799e-02 5.770909041166305542e-02 8.414053171873092651e-02 1.297443658113479614e-01 9.484702348709106445e-02 3.847722709178924561e-02 8.347705751657485962e-02 -5.531778335571289062e-01 2.541989088058471680e+00
-8.868321776390075684e-02 -1.159112334251403809e+00 1.195439025759696960e-01 3.840797245502471924e-01 2.358015030622482300e-01 6.227919459342956543e-02 1.464700847864151001e-01 -2.263874262571334839e-01 5.549683570861816406e-01 -3.423636555671691895e-01 -2.614370882511138916e-01 -4.111855328083038330e-01 1.694826036691665649e-01 5.309777259826660156e-01 -3.577980399131774902e-01 6.847759485244750977e-01 2.645544111728668213e-01 -2.174279242753982544e-01 -1.235866099596023560e-01 7.404053211212158203e-01 2.541880905628204346e-01 4.449598491191864014e-01 -6.843097805976867676e-01 1.136917918920516968e-01 5.032106041908264160e-01 -1.882336586713790894e-01 3.910787403583526611e-01 -1.390393972396850586e+00 2.463041432201862335e-02 2.966192066669464111e-01 4.119524061679840088e-01 3.355517387390136719e-01 7.504662871360778809e-01 4.153482913970947266e-01 3.062620013952255249e-02 3.280906975269317627e-01 -4.241481423377990723e-01 1.463496387004852295e-01 -7.853855490684509277e-01 4.307022392749786377e-01 5.295657515525817871e-01 1.753638833761215210e-01 -8.987802863121032715e-01 1.862655729055404663e-01 -5.608218163251876831e-02 3.540661036968231201e-01 2.334967441856861115e-02 1.775103509426116943e-01 -8.817756921052932739e-02 7.891605496406555176e-01 1.643969863653182983e-01 -1.273997426033020020e-01 -1.552531123161315918e-01 4.939668998122215271e-02 1.038993671536445618e-01 2.022276222705841064e-01 6.097195744514465332e-01 9.367027133703231812e-02 2.270238399505615234e-01 -1.374624222517013550e-01 2.308588922023773193e-01 -1.698601804673671722e-02 5.582917332649230957e-01 1.336266845464706421e-01
-2.384765386581420898e+00 2.340120375156402588e-01 -9.730208516120910645e-01 4.489358067512512207e-01 -9.338496252894401550e-03 4.334868118166923523e-02 4.149323701858520508e-02 3.448499441146850586e-01 9.955503791570663452e-02 7.028182595968246460e-02 -1.848322004079818726e-01 1.593756079673767090e-01 5.957156419754028320e-01 -2.078506201505661011e-01 7.459392398595809937e-02 2.903298735618591309e-01 -8.890593051910400391e-02 4.158576726913452148e-01 3.245750367641448975e-01 -6.074424982070922852e-01 -9.637498855590820312e-01 2.643313109874725342e-01 -3.243997395038604736e-01 -1.326681733131408691e+00 2.079619914293289185e-01 -3.051773011684417725e-01 7.860665023326873779e-02 8.238014578819274902e-01 1.301415115594863892e-01 3.394398093223571777e-01 -9.652075171470642090e-01 8.367556929588317871e-01 8.362304419279098511e-02 -8.703052066266536713e-03 4.948018193244934082e-01 -7.557542920112609863e-01 2.149313688278198242e-02 8.049232959747314453e-01 3.685245811939239502e-01 -2.088599056005477905e-01 6.256912946701049805e-01 -9.339949488639831543e-01 7.845447659492492676e-01 7.277130484580993652e-01 1.991341561079025269e-01 2.355123311281204224e-02 2.184989452362060547e-01 2.184186875820159912e-01 7.316725254058837891e-01 4.067277014255523682e-01 -5.908083319664001465e-01 -2.861331999301910400e-01 -1.381491590291261673e-02 -4.012379646301269531e-01 1.153249386698007584e-02 2.145063504576683044e-02 -4.278756976127624512e-01 1.138713136315345764e-01 -3.926205337047576904e-01 2.299643158912658691e-01 4.422656595706939697e-01 -6.934468150138854980e-01 -1.102645397186279297e-01 2.504695905372500420e-03
-7.553875446319580078e-02 -1.098936080932617188e+00 1.098701506853103638e-01 3.001676499843597412e-01 1.451380401849746704e-01 -2.544782124459743500e-03 1.654021255671977997e-02 -3.137589097023010254e-01 4.823729395866394043e-01 -4.084447622299194336e-01 -2.282706499099731445e-01 -2.505183815956115723e-01 1.904134750366210938e-01 5.143601894378662109e-01 -2.375045120716094971e-01 4.780740439891815186e-01 2.622298598289489746e-01 -4.322480857372283936e-01 -8.269316703081130981e-02 6.551278829574584961e-01 3.622874319553375244e-01 2.412429600954055786e-01 -5.552541017532348633e-01 1.464681178331375122e-01 4.227037429809570312e-01 -1.091906279325485229e-01 2.146090269088745117e-01 -1.339012503623962402e+00 7.078075408935546875e-02 2.693863809108734131e-01 5.125144124031066895e-01 3.991722464561462402e-01 8.817850947380065918e-01 4.713480472564697266e-01 -3.208405151963233948e-02 2.977936565876007080e-01 -3.821641504764556885e-01 2.907192707061767578e-01 -8.155800104141235352e-01 3.816346526145935059e-01 4.382698833942413330e-01 1.054268628358840942e-01 -7.992689013481140137e-01 2.722208201885223389e-01 2.331338822841644287e-02 3.870243430137634277e-01 2.066035270690917969e-01 1.476512104272842407e-01 -1.712141372263431549e-02 7.368716001510620117e-01 3.289394080638885498e-01 -7.324862480163574219e-02 -3.228672146797180176e-01 1.376884640194475651e-03 1.267844736576080322e-01 1.106115281581878662e-01 4.209473431110382080e-01 -4.541977308690547943e-03 1.052900701761245728e-01 -2.988528907299041748e-01 3.644416630268096924e-01 -1.628299243748188019e-02 5.794886350631713867e-01 2.858652174472808838e-02
3.270761668682098389e-02 -6.549012064933776855e-01 1.080393865704536438e-01 1.241853758692741394e-01 2.075405605137348175e-02 3.500421717762947083e-02 1.556895524263381958e-01 -2.415994256734848022e-01 4.011991024017333984e-01 -6.097256541252136230e-01 -3.612036257982254028e-02 -3.766672015190124512e-01 1.751043200492858887e-01 3.672634661197662354e-01 -2.589169442653656006e-01 5.380617976188659668e-01 3.838535025715827942e-02 -2.059203684329986572e-01 -8.354198187589645386e-02 4.492161870002746582e-01 1.466431617736816406e-01 1.571146249771118164e-01 4.430017620325088501e-02 7.047334313392639160e-02 7.811057567596435547e-02 -2.775317132472991943e-01 7.430338859558105469e-02 -1.565594553947448730e+00 5.692524090409278870e-02 3.024956025183200836e-02 2.421773672103881836e-01 3.249382376670837402e-01 5.927405953407287598e-01 2.657085955142974854e-01 -1.259828358888626099e-01 6.573845446109771729e-02 -5.570676326751708984e-01 2.883031219244003296e-02 -8.858053684234619141e-01 4.573528170585632324e-01 4.845110177993774414e-01 -1.835914850234985352e-01 -9.220232367515563965e-01 3.659899830818176270e-01 7.505130954086780548e-03 1.216386482119560242e-01 1.043091565370559692e-01 5.954996123909950256e-02 -1.655374020338058472e-01 5.871312022209167480e-01 2.890548706054687500e-01 3.961030021309852600e-02 -3.577496409416198730e-01 3.081428445875644684e-02 3.933646529912948608e-02 2.292044311761856079e-01 2.665657401084899902e-01 1.555286496877670288e-01 2.116684913635253906e-01 -2.399839758872985840e-01 2.431797087192535400e-01 1.268275920301675797e-02 3.399309813976287842e-01 -1.920024305582046509e-01
1.256759315729141235e-01 -1.046181440353393555e+00 2.212056964635848999e-01 3.339516818523406982e-01 2.326074391603469849e-01 6.966040935367345810e-03 1.118841543793678284e-01 -1.405916810035705566e-01 4.580491483211517334e-01 -3.991928398609161377e-01 -2.150381952524185181e-01 -2.441534548997879028e-01 1.019385829567909241e-01 4.902552962303161621e-01 -3.687594234943389893e-01 5.273528099060058594e-01 3.061989843845367432e-01 -2.443762868642807007e-01 -1.140478476881980896e-01 6.546155214309692383e-01 3.813098669052124023e-01 3.206542730331420898e-01 -5.044008493423461914e-01 2.349245250225067139e-01 2.653459012508392334e-01 -2.633866369724273682e-01 4.042872488498687744e-01 -1.447175860404968262e+00 1.208288371562957764e-01 2.987261414527893066e-01 6.097468137741088867e-01 2.890323996543884277e-01 7.740870118141174316e-01 5.159969925880432129e-01 -4.949362203478813171e-02 2.118611782789230347e-01 -4.772700071334838867e-01 1.424650996923446655e-01 -8.384100198745727539e-01 4.156364500522613525e-01 5.535228252410888672e-01 3.608626872301101685e-02 -7.971953749656677246e-01 3.308202922344207764e-01 5.766176618635654449e-03 4.159022867679595947e-01 2.287327945232391357e-01 1.311864256858825684e-01 1.603647693991661072e-02 7.629092335700988770e-01 2.861407995223999023e-01 -8.130136132240295410e-02 -1.763107180595397949e-01 4.076380655169487000e-02 -1.489969622343778610e-02 2.304797433316707611e-02 3.756331503391265869e-01 8.573322743177413940e-02 1.274026185274124146e-01 -2.276182770729064941e-01 1.874186098575592041e-01 4.089899361133575439e-03 6.486718654632568359e-01 2.347670197486877441e-01
-1.569993793964385986e-01 -1.073579311370849609e+00 3.416860103607177734e-01 3.817810416221618652e-01 3.570650890469551086e-02 1.254709064960479736e-01 1.211199536919593811e-01 -1.562615633010864258e-01 3.856731653213500977e-01 -4.717217981815338135e-01 -6.990787386894226074e-02 -4.094826579093933105e-01 1.801535934209823608e-01 2.875887155532836914e-01 -3.031488955020904541e-01 5.920793414115905762e-01 1.793142557144165039e-01 -2.289856076240539551e-01 -2.302713394165039062e-01 6.691365838050842285e-01 2.123336195945739746e-01 1.937227696180343628e-01 -4.762433469295501709e-01 7.019187510013580322e-02 3.940271437168121338e-01 -8.966595679521560669e-02 2.102508097887039185e-01 -1.864991307258605957e+00 7.312852144241333008e-02 7.457879930734634399e-02 4.328096508979797363e-01 2.940932512283325195e-01 7.760824561119079590e-01 4.936719536781311035e-01 -2.688907552510499954e-03 1.971893608570098877e-01 -4.664118289947509766e-01 2.271909117698669434e-01 -8.433300852775573730e-01 4.531725347042083740e-01 4.193640947341918945e-01 -9.077352285385131836e-02 -8.080146312713623047e-01 2.424714267253875732e-01 1.008864864706993103e-01 1.665863990783691406e-01 -3.045769967138767242e-02 7.197159528732299805e-02 -4.712047800421714783e-02 6.591830849647521973e-01 1.344635337591171265e-01 -1.262792944908142090e-01 -3.153471648693084717e-01 5.718203634023666382e-02 -6.307021528482437134e-02 6.353219598531723022e-02 4.069824218750000000e-01 -6.341014802455902100e-02 1.292014122009277344e-01 -3.344169259071350098e-01 1.235038489103317261e-01 8.536016196012496948e-02 4.356400966644287109e-01 -3.919599354267120361e-01
3.581950441002845764e-02 8.431780338287353516e-01 -2.891989648342132568e-01 7.052743434906005859e-02 -9.210507571697235107e-02 4.079593122005462646e-01 1.375300996005535126e-02 -1.322433352470397949e-01 1.716405600309371948e-01 -3.054279647767543793e-02 -4.046587347984313965e-01 1.533246189355850220e-01 -2.366117089986801147e-01 -1.431997269392013550e-01 4.143928587436676025e-01 2.576130628585815430e-01 5.093786716461181641e-01 3.510379493236541748e-01 -3.337533771991729736e-01 -6.424072980880737305e-01 -2.171199172735214233e-01 1.772140115499496460e-01 4.655044674873352051e-01 -1.403762493282556534e-02 1.713703125715255737e-01 4.370696544647216797e-01 2.107894867658615112e-01 9.000837802886962891e-01 4.207554738968610764e-04 -2.506584674119949341e-02 1.144463270902633667e-01 -5.552245378494262695e-01 1.154774650931358337e-01 8.061508834362030029e-02 3.810122609138488770e-01 -1.230277642607688904e-01 2.752660959959030151e-02 -1.908880323171615601e-01 4.895550012588500977e-01 -2.954763174057006836e-01 2.399360090494155884e-01 -4.468870162963867188e-01 6.609622240066528320e-01 8.442364931106567383e-01 5.045290589332580566e-01 1.505655944347381592e-01 -2.171886265277862549e-01 3.033230602741241455e-01 -1.729311197996139526e-01 -2.009064704179763794e-01 -4.862707555294036865e-01 -1.207573488354682922e-01 1.161672472953796387e-01 -3.343934565782546997e-02 4.087365865707397461e-01 4.123213514685630798e-02 -1.848019063472747803e-01 -6.762793660163879395e-02 7.855142466723918915e-03 1.109368130564689636e-01 -2.265368588268756866e-02 1.815595775842666626e-01 -6.342244893312454224e-02 7.788984179496765137e-01
1.815598271787166595e-02 -8.826164603233337402e-01 9.873395413160324097e-02 4.445311725139617920e-01 1.798096895217895508e-01 1.642708182334899902e-01 1.440691575407981873e-02 -2.905256152153015137e-01 6.235869526863098145e-01 -5.473031401634216309e-01 -1.761043220758438110e-01 -3.697536885738372803e-01 1.433843374252319336e-01 5.151661634445190430e-01 -1.791441142559051514e-01 7.499937415122985840e-01 2.906580567359924316e-01 -8.350189775228500366e-02 -5.567143112421035767e-02 5.791466832160949707e-01 3.027533590793609619e-01 3.566744923591613770e-01 -7.366113662719726562e-01 1.188333481550216675e-01 4.530260860919952393e-01 -3.431350588798522949e-01 2.044765949249267578e-01 -1.651441335678100586e+00 -9.393607825040817261e-02 1.883928775787353516e-01 5.249297618865966797e-01 3.490388691425323486e-01 6.940951943397521973e-01 3.284198045730590820e-01 2.381111495196819305e-02 3.060900568962097168e-01 -5.361934900283813477e-01 8.281225711107254028e-02 -8.667507171630859375e-01 3.938933610916137695e-01 5.250325798988342285e-01 -1.455563213676214218e-02 -9.198558926582336426e-01 2.948381006717681885e-01 1.160823702812194824e-01 3.986830711364746094e-01 1.784878317266702652e-03 1.015045791864395142e-01 -8.510890603065490723e-02 6.812554001808166504e-01 1.362821608781814575e-01 3.967200964689254761e-02 -1.137018725275993347e-01 4.729530960321426392e-02 1.559068113565444946e-01 5.186774581670761108e-02 3.970115482807159424e-01 1.047453805804252625e-01 1.193067729473114014e-01 -2.389493733644485474e-01 3.362256586551666260e-01 1.033881828188896179e-01 5.993250012397766113e-01 1.768608242273330688e-01
-1.195132359862327576e-01 -1.635634541511535645e+00 -3.340909779071807861e-01 2.538375854492187500e-01 -1.533977240324020386e-01 2.159033864736557007e-01 -1.102491393685340881e-01 -1.763943791389465332e+00 -1.687770932912826538e-01 -8.641684651374816895e-01 -2.854881882667541504e-01 4.118097573518753052e-02 3.119665198028087616e-02 -2.886746823787689209e-01 3.833488523960113525e-01 -5.395653843879699707e-02 4.854065477848052979e-01 -3.258037567138671875e-01 -1.810669200494885445e-04 -3.537909090518951416e-01 -1.367499470710754395e+00 1.136341765522956848e-01 -6.415038555860519409e-02 -1.178392767906188965e+00 1.030693799257278442e-01 6.687968969345092773e-01 1.946399174630641937e-02 1.005915760993957520e+00 -3.936554118990898132e-02 3.144075572490692139e-01 -5.173313245177268982e-02 -1.694469332695007324e+00 -2.619953453540802002e-01 -2.888545989990234375e-01 3.353212177753448486e-01 -1.107948943972587585e-01 -1.329812556505203247e-01 8.600307255983352661e-02 4.085786640644073486e-01 -7.772737741470336914e-01 4.973315894603729248e-01 8.468408584594726562e-01 9.939196705818176270e-01 2.147927284240722656e-01 1.388733834028244019e-01 3.832315802574157715e-01 -1.269372850656509399e-01 2.804389894008636475e-01 2.066094987094402313e-02 2.809087932109832764e-01 -1.468545049428939819e-01 -2.003545761108398438e+00 1.956138610839843750e-01 1.513947397470474243e-01 -8.454500138759613037e-02 -8.737821578979492188e-01 6.456747651100158691e-02 6.313364207744598389e-02 1.866627484560012817e-01 1.844497174024581909e-01 -2.258039951324462891e+00 5.520444363355636597e-02 -1.119757518172264099e-01 -2.864640235900878906e+00
-3.249733522534370422e-02 3.369313478469848633e-01 -1.363393306732177734e+00 -2.207615673542022705e-01 4.095685202628374100e-03 -4.572892934083938599e-02 -3.326734993606805801e-03 6.533215641975402832e-01 3.022374212741851807e-01 8.895986080169677734e-01 -2.972891330718994141e-01 9.671180844306945801e-01 1.405502110719680786e-01 1.751498579978942871e-01 -3.948175609111785889e-01 -7.621868252754211426e-01 3.021114468574523926e-01 -1.253934383392333984e+00 -2.684259414672851562e-01 -1.184412717819213867e+00 2.735033333301544189e-01 8.815490603446960449e-01 -1.764179319143295288e-01 -4.283786416053771973e-01 1.527126580476760864e-01 -1.040055036544799805e+00 -5.620850324630737305e-01 -1.762275695800781250e+00 -1.689145803451538086e+00 6.570041179656982422e-02 -8.680502772331237793e-01 -9.329385757446289062e-01 -2.872689247131347656e+00 -5.797979235649108887e-01 -4.630677998065948486e-01 1.857647001743316650e-01 7.580102086067199707e-01 -1.483558863401412964e-01 -1.672355085611343384e-01 -5.025953054428100586e-01 -6.898910403251647949e-01 1.275327056646347046e-01 3.655391037464141846e-01 -2.752408683300018311e-01 -8.561390452086925507e-03 3.664195537567138672e-01 -1.365499645471572876e-01 -1.901554176583886147e-03 -1.110391225665807724e-02 -6.000256061553955078e+00 -2.617157697677612305e+00 2.524699866771697998e-01 9.437929391860961914e-01 -6.108505129814147949e-01 -5.597787350416183472e-02 -2.139669097959995270e-02 -1.336480379104614258e+00 2.242779172956943512e-02 -2.045428037643432617e+00 -1.341027855873107910e+00 -4.464703202247619629e-01 -5.553457140922546387e-01 -6.744048595428466797e-01 -1.435904741287231445e+00
4.150100052356719971e-02 -9.666581749916076660e-01 2.336331009864807129e-01 2.131710201501846313e-01 -2.978105656802654266e-02 -5.697964131832122803e-02 2.187144756317138672e-01 -2.167184054851531982e-01 5.098541378974914551e-01 -5.164744257926940918e-01 -2.324246019124984741e-01 -3.162567317485809326e-01 1.987682431936264038e-01 4.376180171966552734e-01 -2.680097520351409912e-01 5.336173772811889648e-01 7.794522494077682495e-02 -3.368347883224487305e-01 -1.279895901679992676e-01 5.206861495971679688e-01 2.177277952432632446e-01 1.965818256139755249e-01 -5.535511970520019531e-01 4.324220120906829834e-02 3.502337634563446045e-01 -1.534439325332641602e-01 3.399984240531921387e-01 -1.405914187431335449e+00 -1.248029470443725586e-01 2.191910296678543091e-01 5.493737459182739258e-01 4.485500156879425049e-01 7.009813189506530762e-01 3.484711647033691406e-01 -7.832840085029602051e-02 1.946705877780914307e-01 -5.365110039710998535e-01 1.971377879381179810e-01 -7.259078621864318848e-01 4.590278863906860352e-01 5.010882616043090820e-01 -1.880086585879325867e-02 -7.792416214942932129e-01 1.918167918920516968e-01 1.110524460673332214e-01 4.291894137859344482e-01 -3.442677482962608337e-02 1.449242681264877319e-01 -5.679505411535501480e-03 7.130315303802490234e-01 2.210767567157745361e-01 -7.751285284757614136e-02 -3.304896056652069092e-01 8.170674741268157959e-02 5.756056308746337891e-02 4.694897681474685669e-02 5.461269617080688477e-01 1.695472300052642822e-01 5.433088541030883789e-02 -9.358221292495727539e-02 9.201189130544662476e-02 1.228892952203750610e-01 4.219892024993896484e-01 8.975781500339508057e-02
-1.468402296304702759e-01 5.120159983634948730e-01 -2.925341427326202393e-01 2.666313946247100830e-01 -2.404756247997283936e-01 2.370886504650115967e-01 3.747002780437469482e-01 -9.621782600879669189e-02 3.814651817083358765e-02 -2.065338939428329468e-01 -2.287888526916503906e-01 4.408339038491249084e-02 -4.066166654229164124e-02 -1.214351430535316467e-01 3.501066863536834717e-01 2.850003354251384735e-02 6.291769742965698242e-01 2.904495596885681152e-01 -3.329396247863769531e-01 -7.064284086227416992e-01 -8.676629513502120972e-02 1.618489474058151245e-01 -2.099545113742351532e-02 9.585700184106826782e-02 3.794711828231811523e-02 1.893572211265563965e-01 2.380804866552352905e-01 6.115835905075073242e-01 -7.990101724863052368e-02 1.307175960391759872e-02 -9.000997245311737061e-02 -2.151864171028137207e-01 -4.549301862716674805e-01 1.489757448434829712e-01 5.524331331253051758e-01 -1.851846873760223389e-01 7.408695667982101440e-02 8.721035905182361603e-03 3.695497214794158936e-01 -2.674917578697204590e-01 2.141043692827224731e-01 -3.048248887062072754e-01 1.212570190429687500e+00 7.613809704780578613e-01 6.950727701187133789e-01 1.900053620338439941e-01 -1.705969423055648804e-01 4.075137078762054443e-01 4.422816336154937744e-01 -3.104027211666107178e-01 -6.537020802497863770e-01 -2.141290009021759033e-01 1.712287217378616333e-01 -6.849549710750579834e-02 2.144735753536224365e-01 -3.297387063503265381e-02 -1.651809215545654297e-01 1.454737335443496704e-01 7.241576910018920898e-03 1.012021154165267944e-01 1.664859503507614136e-01 1.717591434717178345e-01 7.991860061883926392e-02 -5.661153793334960938e-02
1.453837305307388306e-01 8.529912829399108887e-01 -2.256728649139404297e+00 -8.905035853385925293e-01 -7.215735036879777908e-03 1.352199073880910873e-02 -1.547888517379760742e-01 1.293823719024658203e-01 9.377137571573257446e-02 2.505425512790679932e-01 4.891505241394042969e-01 -4.567711353302001953e-01 9.265390224754810333e-03 -2.036413669586181641e+00 1.927184313535690308e-01 -3.130052089691162109e-01 5.194221735000610352e-01 2.334791421890258789e-01 7.078970223665237427e-02 -5.545917749404907227e-01 2.690810263156890869e-01 -6.415534615516662598e-01 8.862392306327819824e-01 5.585087463259696960e-02 2.742692232131958008e-01 4.529469013214111328e-01 4.195253551006317139e-02 1.770141959190368652e+00 -3.610423564910888672e+00 -4.529967531561851501e-02 -6.422252058982849121e-01 -5.468482524156570435e-02 -1.237759470939636230e+00 -9.880995750427246094e-02 -8.031338453292846680e-03 3.553728461265563965e-01 7.375932335853576660e-01 -1.051474288105964661e-01 4.523720145225524902e-01 -1.058359742164611816e+00 -2.132781744003295898e+00 -9.734257310628890991e-02 5.256379842758178711e-01 -8.907431736588478088e-03 7.318208366632461548e-02 -3.712078630924224854e-01 -1.075972080230712891e+00 1.741326749324798584e-01 -6.347422301769256592e-02 -7.461313605308532715e-01 -1.806502342224121094e+00 1.931333690881729126e-01 5.400595068931579590e-01 3.763457536697387695e-01 -9.975220263004302979e-02 3.858852386474609375e-01 -1.682872921228408813e-01 -3.342583775520324707e-01 1.631470173597335815e-01 1.463976502418518066e-01 5.019001364707946777e-01 2.753002941608428955e-01 -1.175195351243019104e-01 4.044989943504333496e-01
4.840927943587303162e-02 -1.015261292457580566e+00 1.807782948017120361e-01 4.045615792274475098e-01 1.271390318870544434e-01 1.403211057186126709e-01 1.843951940536499023e-01 -2.221712470054626465e-01 5.396571159362792969e-01 -4.632753133773803711e-01 -1.460522413253784180e-01 -2.765666544437408447e-01 9.628992527723312378e-02 4.224248826503753662e-01 -2.731133997440338135e-01 5.370189547538757324e-01 9.917100518941879272e-02 -3.184799849987030029e-01 -1.102310046553611755e-01 5.292013287544250488e-01 2.961794435977935791e-01 3.020139932632446289e-01 -7.547999620437622070e-01 2.138092517852783203e-01 3.785894215106964111e-01 -8.248015493154525757e-02 2.840622365474700928e-01 -1.574438095092773438e+00 -5.033615604043006897e-02 1.848290264606475830e-01 5.172658562660217285e-01 4.119572937488555908e-01 9.364169239997863770e-01 2.605874240398406982e-01 -1.112842038273811340e-01 2.793443500995635986e-01 -5.118969678878784180e-01 2.263008803129196167e-01 -7.971243858337402344e-01 4.306135475635528564e-01 4.241159558296203613e-01 -8.967005647718906403e-03 -9.186015725135803223e-01 2.595120072364807129e-01 7.223972934298217297e-04 2.536261081695556641e-01 -6.815990060567855835e-02 8.264482021331787109e-02 -7.350476086139678955e-02 6.082131862640380859e-01 2.586833536624908447e-01 -2.846465213224291801e-05 -9.668043255805969238e-02 -9.984712302684783936e-02 9.150905907154083252e-02 1.650090813636779785e-01 5.306268930435180664e-01 1.784244030714035034e-01 2.174519002437591553e-01 -9.731558710336685181e-02 2.211714535951614380e-01 -1.723522879183292389e-02 5.589290857315063477e-01 4.510978236794471741e-02
3.590686619281768799e-01 -8.725747466087341309e-01 -2.620849907398223877e-01 3.888518810272216797e-01 -7.050391286611557007e-02 6.413561291992664337e-03 -3.798555582761764526e-02 -9.107906371355056763e-02 4.279858171939849854e-01 -7.586459070444107056e-02 3.014338314533233643e-01 3.071889579296112061e-01 -1.377954632043838501e-01 2.248313277959823608e-01 -4.420405998826026917e-02 -1.744371205568313599e-01 -2.269889116287231445e+00 8.518362641334533691e-01 -1.310728549957275391e+00 6.089833006262779236e-02 6.117534637451171875e-01 -3.127304017543792725e-01 -9.717713594436645508e-01 -3.825240731239318848e-01 4.120413959026336670e-02 -1.010212421417236328e+00 1.587816625833511353e-01 4.917644262313842773e-01 -1.118441104888916016e+00 -2.034717202186584473e-01 4.891550838947296143e-01 3.596087694168090820e-01 -6.836924076080322266e+00 2.141969054937362671e-01 -3.633792996406555176e-01 2.412790656089782715e-01 6.796640902757644653e-02 -2.907965898513793945e+00 -1.803767494857311249e-02 -2.550628781318664551e-01 1.336377579718828201e-02 -2.228082269430160522e-01 1.196503758430480957e+00 -4.867959618568420410e-01 -4.525068774819374084e-02 5.542561411857604980e-01 -7.175759673118591309e-01 -1.392711549997329712e-01 2.484490275382995605e-01 -7.077867507934570312e+00 -3.325835466384887695e-01 4.172052443027496338e-01 5.594739913940429688e-01 -2.555850744247436523e-01 -2.013743668794631958e-02 -8.536124974489212036e-02 -2.764092206954956055e+00 2.046581804752349854e-01 7.641954421997070312e-01 -7.777208685874938965e-01 1.981595903635025024e-01 2.992644309997558594e-01 -1.466583088040351868e-02 1.256355881690979004e+00
-1.821463108062744141e-01 -9.526566267013549805e-01 1.950688958168029785e-01 2.403699308633804321e-01 1.483461260795593262e-01 1.895686984062194824e-02 1.499495953321456909e-01 -4.005733728408813477e-01 4.683606922626495361e-01 -5.428532361984252930e-01 -1.415801942348480225e-01 -2.754877209663391113e-01 1.703388243913650513e-01 5.034427642822265625e-01 -2.531197071075439453e-01 6.549720764160156250e-01 1.280554980039596558e-01 -1.691912412643432617e-01 -2.326071411371231079e-01 6.600850820541381836e-01 3.401737213134765625e-01 2.303426712751388550e-01 -7.702952623367309570e-01 1.090349033474922180e-01 1.893816441297531128e-01 -3.181813359260559082e-01 2.128976136445999146e-01 -1.492529988288879395e+00 -1.267660260200500488e-01 1.507748812437057495e-01 5.344245433807373047e-01 2.777232527732849121e-01 7.573071718215942383e-01 2.179103195667266846e-01 2.195258811116218567e-02 2.250783294439315796e-01 -4.260041117668151855e-01 2.052125930786132812e-01 -8.309293389320373535e-01 3.447167873382568359e-01 4.003982841968536377e-01 1.623764261603355408e-02 -9.351795911788940430e-01 2.962914109230041504e-01 7.772180438041687012e-02 4.028748273849487305e-01 2.491820231080055237e-02 6.863089650869369507e-02 -4.786933586001396179e-02 6.807410120964050293e-01 1.903563588857650757e-01 -2.735662087798118591e-02 -3.258033990859985352e-01 3.011408075690269470e-02 1.223436295986175537e-01 2.114349231123924255e-02 4.042745828628540039e-01 -2.833691425621509552e-02 1.707966327667236328e-01 -1.637798994779586792e-01 2.132250070571899414e-01 -2.711061574518680573e-02 3.278603255748748779e-01 1.851834505796432495e-01
9.987809509038925171e-02 -9.995755553245544434e-02 3.569639027118682861e-01 -5.269598960876464844e-01 1.106985006481409073e-02 1.446029637008905411e-02 -7.845142483711242676e-02 -6.955586671829223633e-01 1.177459210157394409e-01 -2.851442992687225342e-01 4.428509250283241272e-02 3.250218927860260010e-01 3.803635835647583008e-01 3.038775622844696045e-01 3.142114877700805664e-01 -8.617720752954483032e-02 -7.347676753997802734e-01 4.189039170742034912e-01 2.033282041549682617e+00 7.419523596763610840e-02 2.596330642700195312e-01 -1.228466164320707321e-02 6.165183782577514648e-01 8.786019682884216309e-01 -1.360608041286468506e-01 -4.127847850322723389e-01 1.597139090299606323e-01 2.087658643722534180e+00 -2.197070598602294922e+00 2.778277695178985596e-01 -3.530165180563926697e-02 -9.635027050971984863e-01 1.325638890266418457e+00 3.540036678314208984e-01 2.807196378707885742e-01 4.979855120182037354e-01 1.482205688953399658e-01 -8.322085738182067871e-01 -2.595066547393798828e+00 4.169777035713195801e-01 1.347027271986007690e-01 9.703566431999206543e-01 -2.598722457885742188e+00 1.494405418634414673e-01 -3.544414648786187172e-03 -9.677162021398544312e-02 1.615274846553802490e-01 5.669227242469787598e-02 -3.382484316825866699e-01 4.703569710254669189e-01 -8.749838471412658691e-01 3.321859240531921387e-02 1.693013161420822144e-01 3.075987696647644043e-01 -1.032285690307617188e-01 -6.145447492599487305e-01 -2.783915042877197266e+00 -1.844482272863388062e-01 -5.385654568672180176e-01 -1.608327150344848633e+00 -4.256247282028198242e-01 1.585881412029266357e-01 1.632513701915740967e-01 1.213862419128417969e+00
-7.989890873432159424e-02 -1.064662635326385498e-01 -1.336503982543945312e+00 1.116791844367980957e+00 -3.117194958031177521e-02 -2.904927916824817657e-02 3.716569766402244568e-02 3.435978889465332031e-01 4.162195026874542236e-01 4.626771807670593262e-02 -4.746617078781127930e-01 2.150382697582244873e-01 -1.284954547882080078e-01 3.057514429092407227e-01 -9.413053281605243683e-03 -2.663531601428985596e-01 -6.212739944458007812e-01 -1.656676530838012695e+00 -1.051856130361557007e-01 -2.198751926422119141e+00 3.728447109460830688e-02 1.858497112989425659e-01 -2.611027061939239502e-01 -2.909559607505798340e-01 5.928242802619934082e-01 -1.549880981445312500e+00 -8.997704088687896729e-02 2.633157014846801758e+00 -1.706997513771057129e+00 -6.088000163435935974e-02 -5.239976644515991211e-01 -5.821992158889770508e-01 -2.897340953350067139e-01 1.741754822432994843e-02 2.810439467430114746e-01 -1.187933608889579773e-01 -2.261047624051570892e-02 -4.698790073394775391e+00 5.095083266496658325e-02 -3.912602961063385010e-01 -5.208469033241271973e-01 -2.165579050779342651e-02 5.650701522827148438e-01 -1.844005435705184937e-01 1.700546592473983765e-02 4.492491483688354492e-01 8.722067624330520630e-02 -3.079129196703433990e-02 2.648539245128631592e-01 5.311868786811828613e-01 -7.474309802055358887e-01 3.953629136085510254e-01 1.201308593153953552e-01 -2.567824423313140869e-01 -3.827837109565734863e-02 6.322910785675048828e-01 -4.897283613681793213e-01 9.123662114143371582e-02 7.851552218198776245e-02 -8.191028833389282227e-01 1.238863989710807800e-01 -1.136806726455688477e+00 -9.981905668973922729e-02 -8.830908536911010742e-01
-3.498735278844833374e-02 -4.890832602977752686e-01 -7.908654212951660156e-01 2.019004106521606445e+00 -1.491324305534362793e-01 -5.817305762320756912e-03 -3.744950518012046814e-02 1.088589429855346680e+00 -2.092877030372619629e-01 8.992527127265930176e-01 6.008725166320800781e-01 6.768235564231872559e-01 -2.689213752746582031e-01 -9.541494250297546387e-01 -8.166996240615844727e-01 1.179750919342041016e+00 -2.510204076766967773e+00 -9.671087861061096191e-01 9.024905562400817871e-01 -5.282917022705078125e-01 3.753383159637451172e-01 -1.170131802558898926e+00 1.652934432029724121e+00 3.195253312587738037e-01 -4.070750474929809570e-01 6.343781948089599609e-01 -1.211088746786117554e-01 5.425389409065246582e-01 -2.911210954189300537e-01 -7.779874205589294434e-01 -1.703558266162872314e-01 -2.737227678298950195e-01 -4.135462641716003418e-01 -1.147459298372268677e-01 1.615768820047378540e-01 7.773659229278564453e-01 1.249528169631958008e+00 -1.804006338119506836e+00 7.338096499443054199e-01 -1.161233305931091309e+00 -3.533313795924186707e-02 4.118067771196365356e-02 -8.295100331306457520e-01 -3.919969499111175537e-01 -6.685170531272888184e-02 4.620599448680877686e-01 -3.000103831291198730e-01 -1.862487494945526123e-01 -1.958439499139785767e-01 5.512863397598266602e-01 -2.700363099575042725e-01 6.675667762756347656e-01 1.764509826898574829e-01 3.809807300567626953e-01 -7.333228737115859985e-02 7.263910174369812012e-01 -3.831790387630462646e-01 -3.173088654875755310e-02 -1.817156225442886353e-01 1.168150827288627625e-01 8.268340677022933960e-02 4.704525694251060486e-02 -3.216291069984436035e-01 -1.521423578262329102e+00
-1.549977436661720276e-02 -9.052150696516036987e-02 -1.849546194076538086e+00 2.211930453777313232e-01 3.183994889259338379e-01 -2.079713717103004456e-02 8.965697884559631348e-02 2.593737244606018066e-01 5.626003146171569824e-01 6.617792844772338867e-01 6.374988704919815063e-02 7.335280179977416992e-01 7.098430991172790527e-01 4.825947284698486328e-01 -3.891738653182983398e-01 4.184044525027275085e-02 2.914625108242034912e-01 1.019090861082077026e-01 2.800660133361816406e-01 -1.152006626129150391e+00 4.170810878276824951e-01 1.072679366916418076e-02 -3.776279687881469727e-01 -2.054462134838104248e-01 6.085609793663024902e-01 9.935833215713500977e-01 5.741435289382934570e-02 5.130106806755065918e-01 -1.459408283233642578e+00 2.174389809370040894e-01 -3.308258950710296631e-01 1.471927575767040253e-02 -1.318054914474487305e+00 -7.356094568967819214e-02 2.742311358451843262e-01 -4.486174881458282471e-02 3.277158737182617188e-01 8.067491650581359863e-01 3.654217123985290527e-01 -1.831280738115310669e-01 2.223326265811920166e-01 6.448439322412014008e-03 -9.857613444328308105e-01 -1.476713418960571289e-01 -2.810938283801078796e-02 1.083698153495788574e+00 -3.292224705219268799e-01 5.811651423573493958e-02 5.692633986473083496e-01 -5.997542738914489746e-01 3.967965543270111084e-01 7.015060186386108398e-01 4.948740899562835693e-01 1.301262825727462769e-01 1.434291899204254150e-01 -5.095384120941162109e-01 -2.094658464193344116e-01 1.647645980119705200e-01 -1.323745250701904297e-01 -1.597200751304626465e+00 -8.709875494241714478e-02 1.744718104600906372e-01 -2.054723799228668213e-01 -2.180294543504714966e-01
-5.470641255378723145e-01 5.138225555419921875e-01 -6.919407844543457031e-01 4.283100962638854980e-01 -1.153656095266342163e-01 2.138287425041198730e-01 5.112925767898559570e-01 -1.739090494811534882e-02 1.201989129185676575e-01 4.182533174753189087e-02 4.117351025342941284e-02 1.160613819956779480e-01 8.890703320503234863e-02 -1.621373742818832397e-01 4.721637964248657227e-01 7.524351775646209717e-02 5.939056277275085449e-01 1.164735257625579834e-01 -4.337659180164337158e-01 -6.718264818191528320e-01 -2.687407135963439941e-01 8.713140338659286499e-02 7.928636670112609863e-01 -1.971871405839920044e-01 2.243723161518573761e-02 4.900262355804443359e-01 2.034308761358261108e-01 1.046436190605163574e+00 -2.055589556694030762e-01 -6.502013653516769409e-02 -2.695363759994506836e-01 2.343616634607315063e-01 -4.312555193901062012e-01 9.238608926534652710e-02 4.276091456413269043e-01 -4.940469190478324890e-02 1.948084235191345215e-01 -1.705179065465927124e-01 3.680434823036193848e-01 -2.184671163558959961e-01 1.676092483103275299e-02 -5.929973721504211426e-01 8.708336353302001953e-01 5.776543021202087402e-01 5.405138731002807617e-01 7.867708802223205566e-02 -8.338117599487304688e-02 6.878508329391479492e-01 3.135799765586853027e-01 -2.718279957771301270e-01 -2.963632643222808838e-01 -1.435749083757400513e-01 1.454836279153823853e-01 6.142349541187286377e-02 6.269567012786865234e-01 4.862934723496437073e-02 -3.030352592468261719e-01 4.803743064403533936e-01 -5.630837380886077881e-02 1.856836378574371338e-01 4.638760983943939209e-01 -2.886300086975097656e-01 -8.098701015114784241e-03 1.781616061925888062e-01
-2.534476220607757568e-01 -7.271937131881713867e-01 5.835730582475662231e-02 2.836384773254394531e-01 4.726221039891242981e-02 1.445140340365469456e-03 2.456082403659820557e-02 -1.866420656442642212e-01 3.658486008644104004e-01 -3.856341540813446045e-01 1.684795133769512177e-02 -2.585889101028442383e-01 -2.004145830869674683e-02 3.957011997699737549e-01 -2.184999585151672363e-01 6.023705005645751953e-01 1.737208962440490723e-01 -2.659314572811126709e-01 -6.743812561035156250e-02 4.182574450969696045e-01 3.331395089626312256e-01 2.564342617988586426e-01 -8.200706243515014648e-01 8.159486949443817139e-02 3.120361268520355225e-01 -1.994395405054092407e-01 1.921442747116088867e-01 -1.525140047073364258e+00 6.419777870178222656e-02 1.564871706068515778e-02 3.958259522914886475e-01 2.868684232234954834e-01 6.561492681503295898e-01 3.369304537773132324e-01 -8.440607041120529175e-02 2.118824571371078491e-01 -5.070744752883911133e-01 7.179128378629684448e-02 -8.389196991920471191e-01 3.913826346397399902e-01 3.719200491905212402e-01 -1.259606033563613892e-01 -8.219361901283264160e-01 1.905935704708099365e-01 6.023751199245452881e-02 2.987310886383056641e-01 1.280037611722946167e-01 6.132623553276062012e-02 3.449352458119392395e-02 4.913407862186431885e-01 1.865323036909103394e-01 -4.360057786107063293e-02 -3.442302644252777100e-01 -3.782420605421066284e-02 -8.654563874006271362e-02 2.807063865475356579e-04 2.197073698043823242e-01 1.399278789758682251e-01 5.961350724101066589e-02 -8.575724065303802490e-02 1.629441976547241211e-01 -1.100537627935409546e-01 4.072219729423522949e-01 1.767334640026092529e-01
-6.039075851440429688e-01 -3.124604560434818268e-02 7.304382324218750000e-01 -3.725454211235046387e-02 3.032860457897186279e-01 5.932106450200080872e-02 1.540389806032180786e-01 -4.629903435707092285e-01 1.238659545779228210e-01 -5.526885986328125000e-01 1.860125362873077393e-01 3.500511497259140015e-02 -3.581022620201110840e-01 -2.047828286886215210e-01 9.937594532966613770e-01 -3.296272754669189453e-01 -1.194074630737304688e+00 3.269802331924438477e-01 -1.051193594932556152e+00 4.005145132541656494e-01 4.666895568370819092e-01 3.782188147306442261e-02 6.292119026184082031e-01 -8.395470976829528809e-01 3.585658073425292969e-01 -1.000840663909912109e+00 2.568080723285675049e-01 1.656183719635009766e+00 7.300688326358795166e-02 1.385472863912582397e-01 -2.694608271121978760e-02 -3.223184496164321899e-02 -5.510589480400085449e-01 5.478425025939941406e-01 6.800327450037002563e-02 4.975577294826507568e-01 -6.182831153273582458e-02 -8.238754272460937500e-01 3.041836917400360107e-01 2.069281935691833496e-01 -2.866254448890686035e-01 -1.006503328680992126e-01 9.660139679908752441e-01 -2.722533941268920898e-01 9.182695299386978149e-02 -1.001315936446189880e-01 -1.816705763339996338e-01 -4.690960422158241272e-02 3.609564304351806641e-01 -6.263661384582519531e-01 -9.390918612480163574e-01 -1.468086391687393188e-01 -1.686275936663150787e-02 -1.994793862104415894e-02 -3.798234090209007263e-02 -2.166322618722915649e-01 -3.247027397155761719e+00 -6.494458764791488647e-02 5.634123682975769043e-01 4.114488959312438965e-01 7.496846318244934082e-01 1.122825965285301208e-01 2.608870565891265869e-01 5.226517915725708008e-01
3.235146701335906982e-01 7.517474293708801270e-01 8.743774890899658203e-01 3.806931674480438232e-01 1.182076409459114075e-01 -1.516406610608100891e-02 8.209483325481414795e-02 3.102208077907562256e-01 -2.294537127017974854e-01 8.829084634780883789e-01 3.851415812969207764e-01 -3.629305064678192139e-01 -6.728804707527160645e-01 -2.899729609489440918e-01 -1.011850237846374512e+00 7.221750617027282715e-01 1.305210947990417480e+00 -3.988224565982818604e-01 -4.455868303775787354e-01 1.732984036207199097e-01 2.312833443284034729e-03 6.038273572921752930e-01 5.417705774307250977e-01 5.914104580879211426e-01 2.951025962829589844e-01 4.964042305946350098e-01 -2.437900938093662262e-02 6.759477853775024414e-01 -4.557176232337951660e-01 -1.426416784524917603e-01 1.036056041717529297e+00 1.926279813051223755e-01 1.612493753433227539e+00 -2.109146416187286377e-01 -2.106102228164672852e+00 -3.688226342201232910e-01 -1.133991599082946777e+00 1.030159831047058105e+00 8.288980126380920410e-01 -2.324746102094650269e-01 4.239562451839447021e-01 -6.112722754478454590e-01 7.895793318748474121e-01 2.668759226799011230e-01 3.271386399865150452e-02 4.112821221351623535e-01 -1.769309788942337036e-01 5.880942195653915405e-02 -1.257307529449462891e-01 1.948335886001586914e+00 -3.504111170768737793e-01 -1.448467522859573364e-01 -1.162221431732177734e+00 -5.550600886344909668e-01 1.390248686075210571e-01 -8.958902955055236816e-01 -2.903363108634948730e-02 1.174488216638565063e-01 -5.347352027893066406e-01 1.314943283796310425e-01 3.290885314345359802e-02 -8.037254810333251953e-01 -3.915902972221374512e-01 1.321669965982437134e-01
4.018837213516235352e-02 -8.037647604942321777e-01 5.698309838771820068e-02 2.325274348258972168e-01 1.374529004096984863e-01 3.641907125711441040e-02 6.154628843069076538e-02 -2.704454064369201660e-01 3.447201848030090332e-01 -4.003236293792724609e-01 4.448040723800659180e-01 -3.495517969131469727e-01 1.682330965995788574e-01 3.722400665283203125e-01 -3.128593266010284424e-01 7.614398002624511719e-01 1.294298619031906128e-01 -1.537962257862091064e-01 -8.090137690305709839e-02 4.440862238407135010e-01 1.433850675821304321e-01 2.790499925613403320e-01 2.281303554773330688e-01 1.729276627302169800e-01 1.897495239973068237e-01 -2.321059256792068481e-01 1.602022647857666016e-01 -2.218477249145507812e+00 -3.104464337229728699e-02 7.889007776975631714e-02 4.506941735744476318e-01 5.112575888633728027e-01 7.335367202758789062e-01 3.267600834369659424e-01 1.472718417644500732e-01 2.040600776672363281e-01 -4.086191058158874512e-01 1.002520099282264709e-01 -7.443727850914001465e-01 3.141023814678192139e-01 4.938804507255554199e-01 -5.739989876747131348e-02 -7.484722733497619629e-01 3.191261887550354004e-01 7.261034846305847168e-02 1.328368484973907471e-01 2.240569703280925751e-02 -8.638377487659454346e-02 -2.635299228131771088e-02 4.693087041378021240e-01 3.439252972602844238e-01 4.136172309517860413e-02 -2.458094507455825806e-01 -7.563830818980932236e-03 -5.532968323677778244e-03 1.625752449035644531e-01 3.213338553905487061e-01 -8.920558542013168335e-02 2.322239726781845093e-01 -3.622402846813201904e-01 3.681056499481201172e-01 1.581471860408782959e-01 4.823286533355712891e-01 -2.582965493202209473e-01
