-1.544897556304931641e-01
-7.182885408401489258e-01
-7.271688580513000488e-01
-2.659397125244140625e-01
-2.079403102397918701e-01
-9.174027442932128906e-01
9.221898913383483887e-01
-8.262253999710083008e-01
-4.215137362480163574e-01
-7.720468640327453613e-01
-1.650789976119995117e+00
-4.928981661796569824e-01
-9.057924747467041016e-01
1.644456386566162109e-01
-1.506335854530334473e+00
-2.001266628503799438e-01
2.494546324014663696e-01
-1.511791646480560303e-01
-4.903385639190673828e-01
-7.971109151840209961e-01
-4.004238843917846680e-01
-1.057075142860412598e+00
-6.468861103057861328e-01
4.138854742050170898e-01
-6.956133842468261719e-01
-9.328584372997283936e-02
-8.873019814491271973e-01
-7.769810557365417480e-01
-4.177539646625518799e-01
-8.437137119472026825e-03
-1.610129594802856445e+00
-2.052112817764282227e+00
-8.840877413749694824e-01
-1.398930847644805908e-01
-1.162693262100219727e+00
-2.115326821804046631e-01
4.244191646575927734e-01
-1.244359135627746582e+00
-3.545336127281188965e-01
-4.861325919628143311e-01
-1.548510193824768066e+00
-1.138452291488647461e-01
3.629507124423980713e-01
-8.824301958084106445e-01
-6.185667514801025391e-01
-2.967346608638763428e-01
-8.967392444610595703e-01
1.052476745098829269e-02
-1.030864790081977844e-01
7.418850660324096680e-01
-1.686364293098449707e+00
-8.396698236465454102e-01
-2.426268160343170166e-01
-1.530125141143798828e-01
-2.352246940135955811e-01
1.178505197167396545e-01
-7.818008661270141602e-01
-6.046978831291198730e-01
-9.123274683952331543e-02
1.635060412809252739e-03
5.305590629577636719e-01
-3.434747159481048584e-01
-1.203223824501037598e+00
2.635117173194885254e-01
