-1.246122717857360840e+00 2.371479421854019165e-01 9.676283225417137146e-03 2.349156737327575684e-01 -2.498764172196388245e-02 4.010552465915679932e-01 5.050006508827209473e-01 3.917970955371856689e-01
-8.461844921112060547e-01 -7.824197411537170410e-02 -1.332237482070922852e+00 1.045816391706466675e-01 -8.090754747390747070e-01 -3.394704163074493408e-01 -3.017570972442626953e-01 1.851287186145782471e-01
-5.094078779220581055e-01 6.122587919235229492e-01 3.726178705692291260e-01 5.776515603065490723e-01 -5.137360841035842896e-02 1.908348128199577332e-02 7.107726335525512695e-01 -1.052336301654577255e-02
-1.734058111906051636e-01 2.614609599113464355e-01 -3.946365043520927429e-02 -5.868431553244590759e-02 -7.246470078825950623e-03 -3.983900323510169983e-02 2.759045176208019257e-02 -2.754662185907363892e-02
-3.474924340844154358e-02 -3.068098053336143494e-02 -1.362508982419967651e-01 8.391883224248886108e-02 1.275508254766464233e-01 1.627615094184875488e-02 5.313221365213394165e-02 -6.718608550727367401e-03
2.509923279285430908e-01 1.125233769416809082e+00 -7.019191980361938477e-01 8.992109298706054688e-01 -5.709408521652221680e-01 3.817104995250701904e-01 -8.340836763381958008e-01 -1.877849549055099487e-01
7.044687122106552124e-02 -7.225646972656250000e-01 1.262401342391967773e+00 -8.756517767906188965e-01 3.979275226593017578e-01 1.791498623788356781e-02 -3.600766137242317200e-02 -5.072526633739471436e-03
1.443621277809143066e+00 -2.176695466041564941e-01 5.257447957992553711e-01 -4.450499415397644043e-01 4.793084859848022461e-01 -4.149314388632774353e-02 -5.115490779280662537e-02 -6.404588371515274048e-02
1.591697812080383301e+00 1.358866244554519653e-01 -4.219661951065063477e-01 5.413101911544799805e-01 -4.131500124931335449e-01 7.553920745849609375e-01 -8.035807311534881592e-02 -4.986707121133804321e-03
1.932346224784851074e+00 2.864365875720977783e-01 -6.807124614715576172e-02 4.448090791702270508e-01 -2.995708771049976349e-02 3.747571408748626709e-01 -1.017170667648315430e+00 -1.343906740657985210e-03
8.332020044326782227e-02 1.332177408039569855e-02 7.019182443618774414e-01 1.318924129009246826e-01 3.461486399173736572e-01 6.860152631998062134e-02 5.700871348381042480e-01 -1.483214497566223145e-01
-8.097410202026367188e-01 -1.550924926996231079e-01 -8.517674207687377930e-01 1.306233853101730347e-01 1.204830482602119446e-01 -6.547651439905166626e-02 -3.109865486621856689e-01 -4.029354546219110489e-03
-1.351378321647644043e+00 -1.833748258650302887e-02 9.171920269727706909e-02 4.562581777572631836e-01 -7.395369410514831543e-01 1.408585458993911743e-01 2.089013457298278809e-01 -2.202427200973033905e-02
9.051995277404785156e-01 2.341179922223091125e-02 6.475627422332763672e-01 -2.341442555189132690e-01 1.990853399038314819e-01 -5.612935423851013184e-01 -5.041130781173706055e-01 -2.637926638126373291e-01
7.583659291267395020e-01 5.936061739921569824e-01 2.940603196620941162e-01 7.553162574768066406e-01 2.978957295417785645e-01 -4.808732122182846069e-02 -8.994318544864654541e-02 -8.922321349382400513e-02
-6.968538463115692139e-02 -4.938118159770965576e-02 -4.825777187943458557e-02 1.083292663097381592e-01 6.417219340801239014e-02 2.385680377483367920e-02 2.625529468059539795e-02 1.308741234242916107e-02
-1.392134308815002441e+00 1.808916479349136353e-01 5.578753724694252014e-02 6.348925232887268066e-01 3.339779749512672424e-02 -8.699712157249450684e-02 -6.576781272888183594e-01 -5.892135202884674072e-03
1.142825603485107422e+00 6.516762971878051758e-01 5.339383482933044434e-01 5.622895956039428711e-01 4.112897813320159912e-01 1.322213858366012573e-01 3.264757394790649414e-01 7.701934874057769775e-02
-4.856028780341148376e-02 -1.714740395545959473e-01 -1.378069519996643066e+00 -6.812486052513122559e-01 -1.857595205307006836e+00 4.260243475437164307e-02 -9.563242793083190918e-01 3.717612624168395996e-01
7.229262590408325195e-01 3.209563791751861572e-01 -2.450015068054199219e+00 -1.042038425803184509e-01 -8.817025423049926758e-01 -1.009123682975769043e+00 -1.603036075830459595e-01 9.976076893508434296e-03
-1.820094704627990723e+00 1.273797750473022461e-01 -2.413179129362106323e-01 -1.327137947082519531e-01 6.118345260620117188e-01 8.501140773296356201e-02 -6.046386957168579102e-01 4.542638547718524933e-03
-1.490467786788940430e+00 2.475460767745971680e-01 -4.910350143909454346e-01 5.158349275588989258e-01 1.024125143885612488e-01 2.952259182929992676e-01 -2.369875311851501465e-01 -1.152114048600196838e-01
-2.454019337892532349e-01 -7.031834721565246582e-01 5.581034347414970398e-02 -6.200792193412780762e-01 2.528528869152069092e-01 -8.907648324966430664e-01 6.917206943035125732e-02 -2.945105135440826416e-01
-6.125549077987670898e-01 -5.744503140449523926e-01 4.639903903007507324e-01 -5.644462704658508301e-01 -2.479480206966400146e-01 -5.153854489326477051e-01 -3.337180912494659424e-01 -6.371445059776306152e-01
1.394560098648071289e+00 2.370670437812805176e-01 -4.823962450027465820e-01 1.238662749528884888e-01 4.101123809814453125e-01 2.463259994983673096e-01 -5.127675533294677734e-01 5.793304299004375935e-04
1.211900711059570312e+00 -2.999116182327270508e-01 5.332792401313781738e-01 6.339456886053085327e-02 4.233346581459045410e-01 -2.847022190690040588e-02 -1.997393071651458740e-01 1.810674439184367657e-03
3.983643352985382080e-01 7.175135612487792969e-01 9.900892376899719238e-01 8.086661100387573242e-01 5.873263478279113770e-01 2.943721413612365723e-01 -3.939349055290222168e-01 -1.183183491230010986e-01
1.082349777221679688e+00 -3.308309316635131836e-01 5.641700625419616699e-01 7.740786671638488770e-02 5.855054855346679688e-01 -3.717457503080368042e-02 2.218672186136245728e-01 -1.420806497335433960e-01
1.257560014724731445e+00 -1.229920625686645508e+00 3.371420800685882568e-01 -8.767129778861999512e-01 9.025925397872924805e-02 5.112731829285621643e-02 -4.950281381607055664e-01 -1.444888301193714142e-02
-1.171945095062255859e+00 3.822891116142272949e-01 2.555892057716846466e-02 1.888246834278106689e-01 1.000025197863578796e-01 2.633110284805297852e-01 9.376074671745300293e-01 -3.487499654293060303e-01
-1.002708196640014648e+00 2.212169766426086426e-01 3.521218895912170410e-01 7.929799556732177734e-01 9.213430434465408325e-02 1.305285543203353882e-01 8.888543248176574707e-01 -2.818177044391632080e-01
5.117855668067932129e-01 2.460631579160690308e-01 1.335171461105346680e+00 7.600758969783782959e-02 3.847979009151458740e-01 1.278611868619918823e-01 2.358931005001068115e-01 -4.725111648440361023e-03
8.766793608665466309e-01 -3.845115751028060913e-02 5.726792812347412109e-01 2.869767323136329651e-02 4.890106916427612305e-01 -5.386825203895568848e-01 7.302130460739135742e-01 -3.879070654511451721e-02
-5.186669155955314636e-02 1.103380024433135986e-01 3.692178130149841309e-01 -2.586775831878185272e-02 -3.729158937931060791e-01 1.658470556139945984e-02 2.140497229993343353e-02 -1.020344067364931107e-02
7.956352233886718750e-01 -7.367740273475646973e-01 -1.409335583448410034e-01 -7.100493311882019043e-01 3.323249518871307373e-01 -8.978463411331176758e-01 -4.633171558380126953e-01 2.317786775529384613e-02
-1.465834379196166992e+00 1.471781581640243530e-01 -1.625158905982971191e+00 1.644520908594131470e-01 -1.439480066299438477e+00 -3.399330377578735352e-01 2.353380769491195679e-01 4.773435369133949280e-02
-3.980025649070739746e-02 -8.381535410881042480e-01 -2.169704675674438477e+00 -5.614518523216247559e-01 -1.363749146461486816e+00 -3.935599923133850098e-01 -4.290973246097564697e-01 -4.967808350920677185e-02
2.076272964477539062e+00 -2.267338335514068604e-01 1.439299434423446655e-01 -2.380837798118591309e-01 3.795682787895202637e-01 -4.919695556163787842e-01 -8.833219856023788452e-02 -2.589670009911060333e-02
7.847879528999328613e-01 6.631295084953308105e-01 -1.411687612533569336e+00 2.892699539661407471e-01 6.242383122444152832e-01 5.278158783912658691e-01 -6.457977294921875000e-01 2.611679136753082275e-01
9.969619512557983398e-01 -1.298140048980712891e+00 4.112249910831451416e-01 -1.047257542610168457e+00 1.121901348233222961e-01 2.057812958955764771e-01 -3.709438443183898926e-01 7.123318966478109360e-03
2.642721310257911682e-02 7.920210957527160645e-01 3.328514099121093750e-01 9.010552167892456055e-01 3.525349199771881104e-01 -1.224051937460899353e-01 7.006208598613739014e-02 -1.387764364480972290e-01
-8.605402708053588867e-02 -2.377337403595447540e-02 -2.552411258220672607e-01 1.852324232459068298e-02 1.917401701211929321e-01 -3.280274197459220886e-02 1.931764557957649231e-02 -2.635677158832550049e-02
8.811814188957214355e-01 5.421200394630432129e-01 -1.011177659034729004e+00 5.415562167763710022e-02 -5.790142714977264404e-02 3.071740865707397461e-01 -7.482264637947082520e-01 -2.562210261821746826e-01
1.122370362281799316e+00 -4.521265625953674316e-03 6.140396595001220703e-01 -5.984820425510406494e-02 2.124744057655334473e-01 -4.765636026859283447e-01 1.323798149824142456e-01 -3.048492074012756348e-01
-1.297953844070434570e+00 -4.629020392894744873e-01 -2.883283197879791260e-01 -7.580633759498596191e-01 -5.094428658485412598e-01 -5.250992774963378906e-01 -8.481147289276123047e-01 3.306635320186614990e-01
5.741450786590576172e-01 4.226616322994232178e-01 7.961119413375854492e-01 6.794070005416870117e-01 -5.950393155217170715e-02 -2.012812644243240356e-01 9.166773557662963867e-01 -8.399417251348495483e-02
-8.646702170372009277e-01 4.174031317234039307e-01 -6.045321002602577209e-02 2.502222061157226562e-01 9.616452455520629883e-02 8.144231140613555908e-02 6.384252309799194336e-01 1.477632904425263405e-04
-8.000482916831970215e-01 6.916513442993164062e-01 -3.939595222473144531e-01 4.529549181461334229e-01 -1.650373637676239014e-01 3.759681060910224915e-02 -1.503703296184539795e-01 4.475650936365127563e-02
6.623576395213603973e-03 -1.218258515000343323e-01 -3.784724950790405273e+00 -1.860790997743606567e-01 5.291726440191268921e-02 2.110967338085174561e-01 -5.266307666897773743e-02 2.168541029095649719e-02
7.842452526092529297e-01 -6.336044073104858398e-01 -1.182301998138427734e+00 -5.776963233947753906e-01 -4.273658990859985352e-01 2.422248125076293945e-01 2.847315967082977295e-01 5.215348792262375355e-04
-3.504955172538757324e-01 1.228652000427246094e+00 8.231455087661743164e-02 1.305370807647705078e+00 9.756261110305786133e-02 -1.841286420822143555e-01 6.023411452770233154e-02 -4.717988893389701843e-02
6.035965681076049805e-01 1.247171238064765930e-01 -1.145033478736877441e+00 -2.770895361900329590e-01 -1.556931018829345703e+00 3.140825629234313965e-01 -6.939345598220825195e-01 5.339032039046287537e-03
1.933806538581848145e-01 1.483290046453475952e-01 7.122332695871591568e-03 2.024672478437423706e-01 6.604780554771423340e-01 -1.472852379083633423e-01 -1.630339212715625763e-02 3.693638369441032410e-02
8.327789306640625000e-01 5.928450077772140503e-02 -3.295151516795158386e-02 5.956106260418891907e-02 -1.660054549574851990e-02 5.701550245285034180e-01 -1.339095830917358398e-02 -5.215754508972167969e-01
5.479200482368469238e-01 -1.411200910806655884e-01 -2.257706642150878906e+00 5.262106060981750488e-01 1.954804301261901855e+00 3.412021994590759277e-01 -2.877661585807800293e-01 3.961277753114700317e-02
7.124641537666320801e-01 -6.086875796318054199e-01 -1.758605837821960449e+00 -1.302770618349313736e-02 -1.018099546432495117e+00 5.539892315864562988e-01 -9.449838995933532715e-01 -5.917657539248466492e-02
1.294236421585083008e+00 -5.753470659255981445e-01 3.199501931667327881e-01 -6.987978816032409668e-01 -1.458384692668914795e-01 4.388116002082824707e-01 -3.824496269226074219e-01 4.993782937526702881e-01
-1.856534838676452637e+00 2.007814198732376099e-01 -8.900093436241149902e-01 2.079556584358215332e-01 -1.591343045234680176e+00 3.526845574378967285e-01 3.829848021268844604e-02 -2.424196712672710419e-02
-5.685160309076309204e-02 -3.114401176571846008e-02 -1.849563270807266235e-01 3.080344945192337036e-02 1.169931665062904358e-01 3.363119438290596008e-02 -1.194811612367630005e-02 -1.886179670691490173e-02
-1.336672753095626831e-01 1.120892912149429321e-01 -9.587059617042541504e-01 -1.277207676321268082e-02 -3.764100670814514160e-01 -3.468419909477233887e-01 1.836596578359603882e-01 -9.339562058448791504e-01
-8.867153525352478027e-01 -3.442993015050888062e-02 -6.481556892395019531e-01 -4.622127413749694824e-01 -6.709858179092407227e-01 -4.592908620834350586e-01 2.601276710629463196e-02 1.568227112293243408e-01
4.828315079212188721e-01 -2.254695445299148560e-01 -2.586769104003906250e+00 -3.096894919872283936e-01 1.476522922515869141e+00 3.639600053429603577e-02 4.865281879901885986e-01 -1.795925498008728027e-01
-1.225046515464782715e+00 3.507896363735198975e-01 -2.014295011758804321e-02 4.882380366325378418e-01 -5.106216669082641602e-01 -1.549819577485322952e-02 -2.535555325448513031e-02 -3.507417067885398865e-02
-1.368020176887512207e+00 3.099622428417205811e-01 -4.908916354179382324e-01 -7.119758427143096924e-02 -1.417441964149475098e-01 5.879846960306167603e-02 4.621838927268981934e-01 -3.948962315917015076e-02
