-2.765880823135375977e-01 -2.175831794738769531e-01 4.189503788948059082e-01 -8.140236139297485352e-02 1.982678622007369995e-01 -2.072796583175659180e+00 -2.842629551887512207e-01 2.680837631225585938e+00 -6.932962536811828613e-01 -2.293014287948608398e+00 8.274961113929748535e-01 -5.058267116546630859e-01 3.397579431533813477e+00 6.038681864738464355e-01 9.786234498023986816e-01 1.556366831064224243e-01 1.333572268486022949e-01 -3.374818861484527588e-01 4.261609017848968506e-01 -6.821929216384887695e-01 4.709129631519317627e-01 1.055392265319824219e+00 3.342370092868804932e-01 3.637858331203460693e-01 1.793962717056274414e+00 -5.499022603034973145e-01 -4.155994355678558350e-01 -6.646754741668701172e-01 3.317575752735137939e-01 1.909572929143905640e-01 7.161410450935363770e-01 -1.569485187530517578e+00 8.266391158103942871e-01 -3.265260756015777588e-01 5.673848390579223633e-01 -3.126056790351867676e-01 8.448395729064941406e-01 -6.186314821243286133e-01 5.610013008117675781e-01 8.449871838092803955e-02 -1.983936071395874023e+00 -1.639160676859319210e-03 -1.920174658298492432e-01 1.863055378198623657e-01 6.252494454383850098e-01 3.424029946327209473e-01 1.118871212005615234e+00 3.871529102325439453e-01 1.279070258140563965e+00 -3.026898577809333801e-02 -2.152693510055541992e+00 4.991693198680877686e-01 3.423045277595520020e-01 -3.906567394733428955e-01 3.393749892711639404e-01 3.441117703914642334e-01 -6.282064914703369141e-01 4.391226172447204590e-01 4.847570136189460754e-02 7.928247749805450439e-02 -1.965079754590988159e-01 1.458017528057098389e-01 -4.269012212753295898e-01 1.248436495661735535e-01
-2.524267137050628662e-01 5.426445007324218750e-01 -6.714999210089445114e-03 3.106395900249481201e-01 8.045539855957031250e-01 5.767444521188735962e-02 7.670527696609497070e-02 -1.882602930068969727e+00 3.128138482570648193e-01 2.540413141250610352e+00 1.305688858032226562e+00 3.606666922569274902e-01 -1.715125888586044312e-01 -2.936932444572448730e-01 -1.248297095298767090e+00 4.325682520866394043e-01 9.954977780580520630e-03 -9.969517588615417480e-02 2.362291812896728516e-01 3.715833723545074463e-01 -4.333550035953521729e-01 3.707628548145294189e-01 -1.488759070634841919e-01 -1.563297659158706665e-01 -3.409868955612182617e+00 -1.872091293334960938e-01 1.574117690324783325e-01 -5.483777448534965515e-02 -1.296238303184509277e-01 4.019506275653839111e-02 -1.650681197643280029e-01 -6.432134658098220825e-02 -5.203891396522521973e-01 3.871855735778808594e-01 2.048243582248687744e-02 -2.264772653579711914e-01 5.037366598844528198e-02 -1.380167435854673386e-02 6.726732850074768066e-02 1.400403529405593872e-01 7.168301343917846680e-01 5.376911163330078125e-01 -3.612690567970275879e-01 4.236116409301757812e-01 3.222208917140960693e-01 2.319605052471160889e-01 -1.775440126657485962e-01 -2.545509636402130127e-01 -3.000130951404571533e-01 -2.056706845760345459e-01 -7.260809540748596191e-01 5.340814590454101562e-02 -3.649922311305999756e-01 -3.799485415220260620e-02 5.461775884032249451e-02 9.494088292121887207e-01 -1.022881567478179932e-01 -2.164364904165267944e-01 4.842238724231719971e-01 1.303235888481140137e-01 -3.061266839504241943e-01 -5.311442613601684570e-01 1.417567372322082520e+00 -4.041660130023956299e-01
-5.161159485578536987e-02 -1.647879183292388916e-01 5.176180601119995117e-01 -6.355733424425125122e-02 6.319622695446014404e-02 -1.236758232116699219e+00 -3.823845684528350830e-01 2.442191600799560547e+00 -3.493077993392944336e+00 -1.443979024887084961e+00 -1.385185122489929199e+00 -6.422781348228454590e-01 3.184597253799438477e+00 5.099039077758789062e-01 5.914582014083862305e-01 3.662744536995887756e-03 1.120398491621017456e-01 -2.722702324390411377e-01 8.272072076797485352e-01 -4.398967325687408447e-01 4.546325206756591797e-01 1.009647130966186523e+00 3.727299869060516357e-01 4.571595489978790283e-01 1.394924283027648926e+00 -4.424683153629302979e-01 -1.609100699424743652e-01 -1.953152537345886230e+00 5.511093139648437500e-02 2.676556408405303955e-01 1.256449937820434570e+00 -1.519093036651611328e+00 8.389769792556762695e-01 -6.810140796005725861e-03 2.410919368267059326e-01 -3.359771966934204102e-01 6.296088099479675293e-01 -5.381217598915100098e-01 5.293774977326393127e-02 -5.952484160661697388e-02 -2.164343118667602539e+00 1.249554455280303955e-01 1.105376482009887695e-01 9.444886445999145508e-02 5.152309536933898926e-01 2.205137163400650024e-01 1.349824428558349609e+00 2.929027378559112549e-01 2.594726383686065674e-01 -4.334950447082519531e-02 -1.929752349853515625e+00 -1.829193383455276489e-01 3.034659922122955322e-01 4.015508294105529785e-02 -3.172567114233970642e-02 -7.371952533721923828e-01 -2.688967883586883545e-01 9.546285867691040039e-02 3.271380066871643066e-02 -9.322438389062881470e-02 -3.236604630947113037e-01 8.695794641971588135e-02 -7.860997915267944336e-01 3.042398095130920410e-01
2.659602165222167969e-01 2.401045709848403931e-01 5.457338094711303711e-01 1.322933435440063477e-01 -1.252984977327287197e-03 -2.172356843948364258e-01 3.317771553993225098e-01 -1.007768630981445312e+00 5.712593197822570801e-01 3.571878671646118164e+00 5.810795426368713379e-01 1.552069783210754395e-01 -8.101546764373779297e-01 5.304394364356994629e-01 -9.950509071350097656e-01 -9.303922206163406372e-02 6.226130127906799316e-01 4.188377857208251953e-01 -5.422276854515075684e-01 4.073746502399444580e-01 -9.196709841489791870e-02 3.807800114154815674e-01 -2.814655564725399017e-02 3.414382338523864746e-01 -1.237526178359985352e+00 3.682902753353118896e-01 6.908211708068847656e-01 4.053100049495697021e-01 -7.957282662391662598e-01 3.971922397613525391e-01 2.497634142637252808e-01 -9.125810861587524414e-01 -5.253832042217254639e-02 -2.835294306278228760e-01 -5.362178087234497070e-01 -1.535932719707489014e-01 -6.141078472137451172e-02 3.236345052719116211e-01 -1.379158943891525269e-01 -5.857182145118713379e-01 2.975768148899078369e-01 5.242973938584327698e-02 -1.357634514570236206e-01 6.653751730918884277e-01 6.635584235191345215e-01 7.590260505676269531e-01 4.685069620609283447e-01 6.834394484758377075e-02 -9.150394797325134277e-01 -4.964577257633209229e-01 -5.589142441749572754e-01 -2.815938889980316162e-01 2.297796308994293213e-01 5.547904968261718750e-01 -1.399090737104415894e-01 -8.232052624225616455e-02 2.211622893810272217e-02 -2.939105331897735596e-01 -4.324854165315628052e-02 -2.262829244136810303e-01 5.413922294974327087e-02 -5.387864708900451660e-01 1.023193120956420898e+00 3.510688617825508118e-02
2.450425177812576294e-01 -2.443663924932479858e-01 4.770456254482269287e-01 1.316220909357070923e-01 -4.007359966635704041e-02 -1.405869871377944946e-01 -3.751049935817718506e-01 3.311468362808227539e+00 -3.152540922164916992e+00 -4.283458709716796875e+00 2.119672596454620361e-01 -3.801442682743072510e-01 1.358786582946777344e+00 6.035128235816955566e-01 -4.049617052078247070e-01 -4.586341232061386108e-02 2.696750462055206299e-01 -6.147947311401367188e-01 -3.178571760654449463e-01 1.915809512138366699e-01 5.732880234718322754e-01 9.737223386764526367e-01 6.791567802429199219e-01 5.784745812416076660e-01 2.052878618240356445e+00 -2.244048118591308594e-01 -6.955463886260986328e-01 -8.266028165817260742e-01 5.247849822044372559e-01 -8.927001059055328369e-02 9.200273752212524414e-01 -1.505007147789001465e+00 6.010695099830627441e-01 1.310769170522689819e-01 6.676830053329467773e-01 1.325883865356445312e-01 3.167085945606231689e-01 -1.688864469528198242e+00 -5.222108960151672363e-01 2.103726714849472046e-01 -2.651217222213745117e+00 -1.817433163523674011e-02 3.800007700920104980e-01 5.195124074816703796e-03 7.730646729469299316e-01 2.527838945388793945e-01 7.861765027046203613e-01 4.759038686752319336e-01 -8.792951107025146484e-01 3.208233043551445007e-02 -8.554856777191162109e-01 1.826193332672119141e-01 7.570472359657287598e-02 -5.540188550949096680e-01 5.058912932872772217e-02 -6.698795557022094727e-01 -1.167809739708900452e-01 3.338776230812072754e-01 1.728428527712821960e-02 4.519223272800445557e-01 2.402849346399307251e-01 1.324266940355300903e-01 -1.153856039047241211e+00 -5.592038389295339584e-03
-3.399256616830825806e-02 -2.905185520648956299e-01 1.997120827436447144e-01 -1.582336872816085815e-01 9.992538951337337494e-03 6.876215934753417969e-01 -1.745691895484924316e+00 5.780119895935058594e-01 -5.911662578582763672e-01 -1.322066307067871094e+01 -5.374749302864074707e-01 -7.958035171031951904e-02 6.975950002670288086e-01 -1.042831540107727051e-01 7.005547881126403809e-01 4.668425768613815308e-03 -1.396967191249132156e-02 3.345940411090850830e-01 4.023472368717193604e-01 -1.478581428527832031e-01 2.192934989929199219e+00 -4.641939997673034668e-01 7.695177197456359863e-01 -4.213387370109558105e-01 4.916800975799560547e+00 5.591499805450439453e-01 2.371188700199127197e-01 3.232818245887756348e-01 5.006929486989974976e-02 1.159026939421892166e-02 1.122495770454406738e+00 -4.597376346588134766e+00 -5.793529748916625977e-01 -7.869778573513031006e-02 -6.337076425552368164e-01 -1.264125704765319824e-01 -5.183178186416625977e-01 -9.571176528930664062e+00 2.814937531948089600e-01 -2.914474904537200928e-02 -9.039711356163024902e-01 -2.519934251904487610e-02 -3.248836100101470947e-01 2.781158126890659332e-02 -8.746034502983093262e-01 2.340017855167388916e-01 2.751367390155792236e-01 1.484885513782501221e-01 4.338883459568023682e-01 1.523663550615310669e-01 -3.687884807586669922e-01 -4.345183372497558594e-01 1.278903186321258545e-01 3.771434724330902100e-02 -1.476087272167205811e-01 -5.926795005798339844e-01 -1.046209216117858887e+00 2.588336765766143799e-01 -3.114082850515842438e-02 -1.974719390273094177e-02 3.344837129116058350e-01 2.055166214704513550e-01 -1.443431377410888672e+00 -1.358828991651535034e-01
2.548252344131469727e-01 -1.328784584999084473e+00 6.982458233833312988e-01 7.506386935710906982e-02 -2.634669654071331024e-03 -3.222089529037475586e+00 6.592006683349609375e-01 -8.321384191513061523e-01 3.032148480415344238e-01 3.136245250701904297e+00 5.270582437515258789e-01 -5.720870494842529297e-01 -2.300096273422241211e+00 7.195650339126586914e-01 -1.123830199241638184e+00 9.275362826883792877e-03 8.206228613853454590e-01 3.796965479850769043e-01 -7.409414052963256836e-01 7.546787261962890625e-01 5.609712004661560059e-01 5.566421151161193848e-01 9.342231601476669312e-02 4.598169326782226562e-01 -5.729169845581054688e-01 3.946753442287445068e-01 1.050795555114746094e+00 4.671364724636077881e-01 -5.873494148254394531e-01 6.039879918098449707e-01 9.977261424064636230e-01 -7.277154922485351562e-01 -5.602661054581403732e-03 1.193778216838836670e-01 -5.616768002510070801e-01 -1.040613412857055664e+00 -1.873219728469848633e+00 7.142806649208068848e-01 -1.350654244422912598e+00 -3.024224340915679932e-01 4.648906290531158447e-01 -1.616081297397613525e-01 -1.281428456306457520e+00 7.238039970397949219e-01 4.659449756145477295e-01 8.444296717643737793e-01 -6.027809903025627136e-02 -8.214166015386581421e-02 -1.972574591636657715e-01 1.743776351213455200e-01 -9.755909442901611328e-01 4.437902271747589111e-01 3.683243691921234131e-01 2.351657748222351074e-01 -1.946152448654174805e+00 -2.004045009613037109e+00 1.725048758089542389e-02 -7.027828693389892578e+00 -7.574708014726638794e-02 -2.485984861850738525e-01 -3.508890569210052490e-01 -4.368051290512084961e-01 -1.678148269653320312e+00 1.375962141901254654e-02
-3.214307725429534912e-01 5.927700400352478027e-01 1.357181668281555176e-01 2.611793577671051025e-01 2.311110049486160278e-01 -3.250167667865753174e-01 1.605538278818130493e-01 -1.908075332641601562e+00 2.458737790584564209e-01 2.619480133056640625e+00 1.365474343299865723e+00 2.701997160911560059e-01 -4.804232418537139893e-01 7.208508905023336411e-03 -1.150860667228698730e+00 2.521132230758666992e-01 4.761220514774322510e-02 -1.897957362234592438e-02 1.669271439313888550e-01 2.727571129798889160e-01 -5.604785084724426270e-01 1.253930926322937012e-01 -2.140969783067703247e-01 1.160788908600807190e-01 -3.988439798355102539e+00 -5.986211076378822327e-02 1.232314929366111755e-01 1.551978569477796555e-02 -9.458886384963989258e-01 7.399600744247436523e-02 -3.123127482831478119e-02 -7.750532627105712891e-01 -4.051460623741149902e-01 8.267091214656829834e-02 2.773187495768070221e-02 -2.951225936412811279e-01 2.765044271945953369e-01 -5.597656369209289551e-01 -6.658726930618286133e-02 -6.096107959747314453e-01 -6.378573924303054810e-02 3.927060961723327637e-01 -5.574209690093994141e-01 3.987137675285339355e-01 2.981669306755065918e-01 3.216906487941741943e-01 -1.200886815786361694e-01 -2.578049600124359131e-01 -8.680478334426879883e-01 -5.951586365699768066e-01 -9.489191770553588867e-01 -3.657184243202209473e-01 -2.917172610759735107e-01 -1.140207797288894653e-01 -7.374541759490966797e-01 4.096211493015289307e-01 -6.947067975997924805e-01 -3.478569388389587402e-01 3.326905965805053711e-01 -2.442406713962554932e-01 -3.115544021129608154e-01 -1.007323622703552246e+00 1.210552334785461426e+00 -6.409901380538940430e-01
2.627563774585723877e-01 1.167688295245170593e-01 5.734822750091552734e-01 -2.491221576929092407e-02 1.329754199832677841e-02 -2.145721763372421265e-01 4.653923213481903076e-01 -2.198067426681518555e+00 4.836715459823608398e-01 2.173892021179199219e+00 1.235156893730163574e+00 3.517160117626190186e-01 -7.307264208793640137e-01 3.358938992023468018e-01 -1.158224940299987793e+00 6.242166087031364441e-02 4.887525141239166260e-01 4.865322709083557129e-01 -3.683508634567260742e-01 3.718894124031066895e-01 2.002147585153579712e-01 5.613334774971008301e-01 1.416695564985275269e-01 1.524342596530914307e-01 -4.157738208770751953e+00 2.199106812477111816e-01 5.764452219009399414e-01 1.462113559246063232e-01 -1.251113176345825195e+00 5.396864414215087891e-01 3.741176426410675049e-01 -3.999795913696289062e-01 -1.127707585692405701e-01 -7.900744676589965820e-02 -9.544277191162109375e-02 -3.012109398841857910e-01 -4.663423299789428711e-01 -1.027787566184997559e+00 5.696054920554161072e-02 -6.264794468879699707e-01 3.281745910644531250e-01 1.564998477697372437e-01 -2.566076219081878662e-01 5.011726021766662598e-01 6.232807040214538574e-01 7.131679058074951172e-01 4.480538070201873779e-01 2.411796301603317261e-01 -1.114681482315063477e+00 -4.653350114822387695e-01 -4.394329786300659180e-01 -1.091386675834655762e+00 3.771328032016754150e-01 2.518919706344604492e-01 9.389877319335937500e-02 3.403320163488388062e-02 -7.844631671905517578e-01 -2.766045033931732178e-01 -8.254690468311309814e-02 -2.180434167385101318e-01 -8.363507688045501709e-02 -6.079731583595275879e-01 1.019193649291992188e+00 -1.494551151990890503e-01
1.641048491001129150e-01 2.107080817222595215e-01 6.093709468841552734e-01 -2.462472580373287201e-02 3.271983703598380089e-03 -1.208029016852378845e-01 4.225542247295379639e-01 -1.090642094612121582e+00 5.746979117393493652e-01 3.154058218002319336e+00 8.467390537261962891e-01 3.024062216281890869e-01 -7.092499732971191406e-01 3.462724089622497559e-01 -1.128660798072814941e+00 5.398712679743766785e-02 4.156958460807800293e-01 4.289673864841461182e-01 -5.305000543594360352e-01 4.321016371250152588e-01 3.079392388463020325e-02 4.911018908023834229e-01 6.313937157392501831e-02 1.540721058845520020e-01 -1.691388607025146484e+00 2.345666438341140747e-01 5.312633514404296875e-01 2.833933234214782715e-01 -8.974201679229736328e-01 3.636621236801147461e-01 2.407549172639846802e-01 -8.935553431510925293e-01 -1.077154651284217834e-01 7.971426844596862793e-02 -3.333173394203186035e-01 -3.670739829540252686e-01 -4.949001073837280273e-01 1.288755238056182861e-01 -1.358730494976043701e-01 -6.373475193977355957e-01 2.219252735376358032e-01 1.785130947828292847e-01 -2.775253057479858398e-01 5.517508387565612793e-01 5.159121751785278320e-01 6.077128648757934570e-01 2.364831715822219849e-01 7.261900603771209717e-02 -1.000372290611267090e+00 -5.535752177238464355e-01 -5.355706810951232910e-01 -1.180601358413696289e+00 2.340262234210968018e-01 3.057310879230499268e-01 -2.634242773056030273e-01 -5.058550238609313965e-01 -1.490454077720642090e-01 -1.423343569040298462e-01 9.563557803630828857e-02 -9.474187344312667847e-02 -5.098780989646911621e-02 -5.928682088851928711e-01 1.059605836868286133e+00 -7.961861044168472290e-02
1.999566406011581421e-01 5.423164367675781250e-01 5.741547942161560059e-01 1.457399427890777588e-01 2.479934878647327423e-02 -1.374626636505126953e+00 2.990131974220275879e-01 -1.229043364524841309e+00 6.269366145133972168e-01 3.239904642105102539e+00 6.308217644691467285e-01 2.343526184558868408e-01 -8.791772723197937012e-01 3.133513629436492920e-01 -1.182658433914184570e+00 -9.148996323347091675e-02 6.532424688339233398e-01 4.156102538108825684e-01 -5.983757376670837402e-01 -3.386435806751251221e-01 4.455885291099548340e-02 6.276734471321105957e-01 8.837014436721801758e-02 3.379724025726318359e-01 -1.766479134559631348e+00 3.765010833740234375e-01 6.222127079963684082e-01 2.527165710926055908e-01 -9.404452443122863770e-01 5.690376162528991699e-01 2.549160718917846680e-01 -8.170844316482543945e-01 -2.663322091102600098e-01 -8.871719241142272949e-02 -5.280399322509765625e-01 -7.260664552450180054e-02 -1.925106525421142578e+00 -2.647651359438896179e-02 1.130822375416755676e-01 -5.933661460876464844e-01 2.887824475765228271e-01 1.566430367529392242e-02 -6.494202017784118652e-01 5.027554035186767578e-01 5.475029349327087402e-01 6.116963624954223633e-01 3.015524446964263916e-01 8.377644419670104980e-02 -1.571842312812805176e+00 -4.269140362739562988e-01 -8.225647807121276855e-01 -4.227289557456970215e-01 1.314197182655334473e-01 4.660801291465759277e-01 4.434403404593467712e-02 -9.264836311340332031e-01 1.487938761711120605e-01 -2.211701869964599609e-01 7.716690190136432648e-03 -1.710434257984161377e-01 2.711112797260284424e-02 -4.719182252883911133e-01 1.318244934082031250e+00 1.122723519802093506e-01
-1.737320125102996826e-01 4.490900933742523193e-01 1.981709301471710205e-01 2.224121093750000000e-01 3.592442870140075684e-01 -4.261233210563659668e-01 -7.115314248949289322e-03 -1.242545127868652344e+00 3.898209631443023682e-01 3.432013750076293945e+00 9.516457915306091309e-01 3.141112625598907471e-01 -4.827820658683776855e-01 -2.768967449665069580e-01 -1.270294785499572754e+00 4.893844127655029297e-01 1.825586855411529541e-01 -5.362326279282569885e-02 -3.428933620452880859e-01 2.703734338283538818e-01 -2.292174994945526123e-01 2.749361991882324219e-01 -1.786439865827560425e-01 8.992943167686462402e-02 -1.322748780250549316e+00 -1.901657283306121826e-01 4.108984395861625671e-02 8.075921237468719482e-02 -5.244569182395935059e-01 -7.530863583087921143e-02 -1.437344104051589966e-01 -8.678322434425354004e-01 -4.640367627143859863e-01 1.271440386772155762e-01 -1.694237738847732544e-01 -2.179640680551528931e-01 1.584652066230773926e-01 5.178338289260864258e-02 -2.076918631792068481e-01 -3.076826333999633789e-01 -9.868896566331386566e-03 6.780315637588500977e-01 -5.041409134864807129e-01 1.737486124038696289e-01 1.900003403425216675e-01 1.487883031368255615e-01 -1.694338470697402954e-01 -1.418286412954330444e-01 -6.724292039871215820e-01 -5.484263896942138672e-01 -9.289925694465637207e-01 2.899624407291412354e-01 -2.609601318836212158e-01 9.854819625616073608e-02 -4.419553577899932861e-01 -5.248603969812393188e-02 1.670217700302600861e-02 -1.467517670243978500e-02 3.839723765850067139e-01 -1.472491174936294556e-01 -1.421849578619003296e-01 -7.150273323059082031e-01 1.100687861442565918e+00 -4.028347134590148926e-01
-1.297050118446350098e-01 -1.236512884497642517e-01 1.774882972240447998e-01 2.080800980329513550e-01 -1.220905221998691559e-02 5.758961290121078491e-02 -1.091948822140693665e-01 3.369821071624755859e+00 -4.436822235584259033e-01 -5.338304042816162109e+00 7.063142061233520508e-01 -6.166499853134155273e-01 4.926095306873321533e-01 2.580178678035736084e-01 -1.872975230216979980e-01 -1.360814422369003296e-01 2.432236075401306152e-01 -3.757823407649993896e-01 8.834284543991088867e-01 1.740188300609588623e-01 3.926836550235748291e-01 6.930841207504272461e-01 4.995990693569183350e-01 6.150553226470947266e-01 1.850387454032897949e+00 -5.171066150069236755e-03 -6.991670727729797363e-01 -2.548951283097267151e-02 2.698204517364501953e-01 -2.124186791479587555e-02 6.310318708419799805e-01 -1.625280499458312988e+00 5.911579132080078125e-01 2.945745363831520081e-02 5.843080878257751465e-01 3.904801607131958008e-02 1.743947565555572510e-01 -1.867067337036132812e+00 6.624270677566528320e-01 1.658890843391418457e-01 -2.124776124954223633e+00 -1.422950625419616699e-01 6.855484843254089355e-02 1.192091405391693115e-01 6.963899731636047363e-01 2.007493972778320312e-01 2.354262322187423706e-01 4.189200997352600098e-01 1.028367638587951660e+00 8.032906055450439453e-02 -4.789904654026031494e-01 4.622585475444793701e-01 3.115465939044952393e-01 -1.966332495212554932e-01 3.114810883998870850e-01 -6.051385030150413513e-02 1.156423538923263550e-01 2.805553972721099854e-01 -2.360438369214534760e-02 1.048958227038383484e-01 2.920288145542144775e-01 5.325782299041748047e-01 -1.151581525802612305e+00 -4.515897631645202637e-01
-3.390687108039855957e-01 -2.488099187612533569e-01 5.191864371299743652e-01 3.511568903923034668e-01 3.070561885833740234e-01 1.704779416322708130e-01 -3.855967819690704346e-01 3.194368839263916016e+00 -5.831128358840942383e-01 -4.570019721984863281e+00 7.301117181777954102e-01 -6.618617773056030273e-01 2.309312820434570312e+00 -2.423611283302307129e-02 4.706444144248962402e-01 4.476078152656555176e-01 -3.393430113792419434e-01 -3.744437992572784424e-01 7.178624868392944336e-01 7.326170802116394043e-02 5.991614609956741333e-02 3.908802866935729980e-01 2.390155801549553871e-03 1.991534680128097534e-01 2.258229255676269531e+00 -1.036039963364601135e-01 -2.795856297016143799e-01 -2.231607735157012939e-01 1.560598462820053101e-01 -4.413502812385559082e-01 1.209495663642883301e+00 -1.083715438842773438e+00 4.004762470722198486e-01 5.093852281570434570e-01 4.867978692054748535e-01 -8.679821342229843140e-02 1.987058073282241821e-01 -3.075515627861022949e-01 5.083825588226318359e-01 2.293643169105052948e-02 -1.089433431625366211e+00 3.199772536754608154e-01 -1.599361598491668701e-01 -2.678227052092552185e-02 1.470404863357543945e-01 -2.675333060324192047e-02 6.370788812637329102e-01 2.601574063301086426e-01 9.555014371871948242e-01 -1.149105466902256012e-02 -6.468016505241394043e-01 1.507751107215881348e+00 4.368213117122650146e-01 -3.266049921512603760e-01 5.511893033981323242e-01 1.678312867879867554e-01 3.330035805702209473e-01 6.655851006507873535e-01 5.641248226165771484e-01 -2.123944610357284546e-01 -2.732370197772979736e-01 1.815206706523895264e-01 -1.312015533447265625e+00 -7.033295035362243652e-01
-1.094720885157585144e-01 3.055429160594940186e-01 3.476305007934570312e-01 7.779976129531860352e-01 7.180869579315185547e-01 -8.206557482481002808e-02 5.053572356700897217e-03 -1.195426106452941895e+00 3.218100666999816895e-01 1.659349441528320312e+00 1.338615417480468750e+00 2.805537879467010498e-01 9.304610639810562134e-02 -2.662278115749359131e-01 -1.003780007362365723e+00 8.469722867012023926e-01 -7.210702635347843170e-03 -1.863856017589569092e-01 -7.400280237197875977e-02 4.591879844665527344e-01 -4.057733714580535889e-01 2.870730459690093994e-01 -5.676813796162605286e-02 -7.018075138330459595e-02 -3.066602945327758789e+00 -3.013461530208587646e-01 3.357886523008346558e-02 3.524721786379814148e-02 -8.355063386261463165e-03 -9.750735014677047729e-02 2.720178663730621338e-01 -1.448327861726284027e-02 -5.750438570976257324e-01 5.444092750549316406e-01 2.876652777194976807e-01 8.078355342149734497e-02 -3.517753779888153076e-01 1.657327637076377869e-02 2.692973911762237549e-01 1.268068403005599976e-01 1.028033256530761719e+00 7.782013416290283203e-01 -4.966971874237060547e-01 3.724979460239410400e-01 2.923577725887298584e-01 1.820246130228042603e-01 3.907678276300430298e-02 -2.869949042797088623e-01 -5.113834142684936523e-01 -4.917809367179870605e-01 -4.612461477518081665e-02 3.016248717904090881e-02 -2.199719846248626709e-01 1.375683844089508057e-01 2.765504121780395508e-01 9.196473360061645508e-01 7.241854816675186157e-02 2.278328537940979004e-01 8.961946368217468262e-01 2.457644492387771606e-01 -2.153840810060501099e-01 -1.596738994121551514e-01 1.381778359413146973e+00 -1.844660192728042603e-01
-6.700015813112258911e-02 8.083124458789825439e-02 -3.634836971759796143e-01 -3.445814177393913269e-02 -7.743745297193527222e-02 4.167901277542114258e-01 -8.722453117370605469e-01 2.635848522186279297e+00 -4.282867908477783203e-02 -2.725068092346191406e+00 4.599764049053192139e-01 1.844525188207626343e-01 1.508887112140655518e-01 2.786444723606109619e-01 -3.976502120494842529e-01 9.434453095309436321e-04 4.562459513545036316e-02 -8.651684522628784180e-01 1.231358289718627930e+00 1.928591430187225342e-01 -1.275638937950134277e-01 8.415491133928298950e-02 3.887629806995391846e-01 4.224795699119567871e-01 2.022540807723999023e+00 2.550458908081054688e-02 -1.868066668510437012e+00 1.733260750770568848e-01 -2.467998564243316650e-01 -5.833168029785156250e-01 6.691353321075439453e-01 -1.186456441879272461e+00 -5.102164149284362793e-01 -2.028757035732269287e-01 -4.145244359970092773e-01 1.944769322872161865e-01 1.847941428422927856e-01 4.188127219676971436e-01 1.589102596044540405e-01 -3.232270479202270508e-01 -1.026279568672180176e+00 2.170940190553665161e-01 2.097297012805938721e-01 9.248705580830574036e-03 7.099314928054809570e-01 -7.765663862228393555e-01 5.546772480010986328e-01 4.424117803573608398e-01 1.421961307525634766e+00 2.863201797008514404e-01 1.079568341374397278e-01 1.989223718643188477e+00 1.254957318305969238e-01 -1.460011124610900879e+00 -9.685073047876358032e-02 1.523371934890747070e+00 -1.142488047480583191e-01 -1.034637331962585449e+00 2.800044119358062744e-01 -1.465174317359924316e+00 3.915358185768127441e-01 2.371482700109481812e-01 -1.979650497436523438e+00 -2.049924731254577637e-01
-1.214740499854087830e-01 -7.428023219108581543e-01 3.223215639591217041e-01 -2.096694149076938629e-02 -3.516810014843940735e-02 -2.199073880910873413e-01 2.528592646121978760e-01 2.079805850982666016e+00 8.218011260032653809e-01 4.277388095855712891e+00 -4.747055470943450928e-01 -5.798240303993225098e-01 -1.978144764900207520e+00 1.411885172128677368e-01 -1.890606045722961426e+00 -1.680017821490764618e-02 4.739401042461395264e-01 -2.365967482328414917e-01 7.595738768577575684e-01 -7.378175854682922363e-01 -1.192546486854553223e-01 -1.377292513847351074e+00 -6.248109340667724609e-01 1.554915774613618851e-02 -2.539982557296752930e+00 9.863711148500442505e-02 4.548697769641876221e-01 -1.063309788703918457e+00 -4.064926147460937500e+00 -1.689118444919586182e-01 1.195919990539550781e+00 -1.343899846076965332e+00 -1.034978389739990234e+00 3.917956724762916565e-02 7.504481077194213867e-01 -1.482538342475891113e+00 -9.270483255386352539e-01 -7.817838191986083984e-01 2.307608872652053833e-01 -5.128857135772705078e+00 -1.839869379997253418e+00 -2.938703075051307678e-02 1.413134634494781494e-01 -1.147241711616516113e+00 -2.607016265392303467e-01 1.460931729525327682e-02 6.194436550140380859e-01 8.690047077834606171e-03 -1.839449763298034668e+00 -2.405669450759887695e+00 -8.742631673812866211e-01 -2.030370235443115234e-01 9.578614681959152222e-02 3.504157438874244690e-02 -3.515406548976898193e-01 1.435155272483825684e+00 1.477598071098327637e+00 -9.798679351806640625e-01 -2.329446002840995789e-02 -1.870040416717529297e+00 -1.185933232307434082e+00 -1.345411419868469238e+00 -1.452705621719360352e+00 -3.298039436340332031e-01
8.214905112981796265e-02 2.387438714504241943e-01 5.661438703536987305e-01 7.673324551433324814e-03 1.676204986870288849e-02 -2.863245606422424316e-01 4.946412444114685059e-01 -1.075364351272583008e+00 5.569618344306945801e-01 3.566819906234741211e+00 7.595782876014709473e-01 3.008539080619812012e-01 -6.066737174987792969e-01 3.331064283847808838e-01 -1.179759621620178223e+00 5.107803642749786377e-02 4.579358100891113281e-01 5.261693596839904785e-01 -4.435361623764038086e-01 2.464841008186340332e-01 -1.523418873548507690e-01 4.089292287826538086e-01 -7.551870774477720261e-03 2.339426577091217041e-01 -1.200697422027587891e+00 2.235587090253829956e-01 5.906195044517517090e-01 3.283399939537048340e-01 -9.243899583816528320e-01 3.216598927974700928e-01 1.662783622741699219e-01 -9.387561082839965820e-01 -2.129207998514175415e-01 1.095209866762161255e-01 -5.072351694107055664e-01 -1.676047593355178833e-01 -8.450087159872055054e-02 2.208460569381713867e-01 -1.821308284997940063e-01 -5.006572604179382324e-01 2.000248134136199951e-01 1.835628896951675415e-01 -9.426544606685638428e-02 3.947018384933471680e-01 4.904722273349761963e-01 6.592322587966918945e-01 1.630454659461975098e-01 8.854005485773086548e-02 -8.992035388946533203e-01 -4.545329511165618896e-01 -5.187526345252990723e-01 -2.030197978019714355e-01 2.325771301984786987e-01 4.613668024539947510e-01 -2.210687696933746338e-01 6.026293337345123291e-02 1.302349567413330078e-01 -3.502281904220581055e-01 -2.442993409931659698e-02 -1.551145017147064209e-01 -1.639125347137451172e-01 -4.829356074333190918e-01 1.175368309020996094e+00 -8.135636895895004272e-02
2.012171894311904907e-01 2.024623155593872070e-01 6.642115116119384766e-01 -3.761662542819976807e-02 1.701713725924491882e-02 -2.598857581615447998e-01 3.707188665866851807e-01 -1.132555961608886719e+00 5.975511074066162109e-01 3.629025697708129883e+00 6.712536215782165527e-01 1.776149719953536987e-01 -6.234899759292602539e-01 4.444372653961181641e-01 -1.000568032264709473e+00 -6.471132510341703892e-04 5.344805717468261719e-01 5.920376777648925781e-01 -5.667403340339660645e-01 3.723121583461761475e-01 2.239818498492240906e-02 4.343424439430236816e-01 7.838352769613265991e-02 2.403385043144226074e-01 -1.205201625823974609e+00 3.428494036197662354e-01 5.865737795829772949e-01 4.000886976718902588e-01 -8.698503375053405762e-01 4.697091281414031982e-01 2.891083657741546631e-01 -8.494980931282043457e-01 -2.193183302879333496e-01 -1.564878374338150024e-01 -5.017018318176269531e-01 -3.435235321521759033e-01 -1.665640324354171753e-01 3.961889743804931641e-01 -9.888365119695663452e-02 -6.303792595863342285e-01 3.222135305404663086e-01 -2.340254932641983032e-02 2.372950315475463867e-02 6.488682031631469727e-01 5.651338100433349609e-01 7.519287467002868652e-01 2.423838973045349121e-01 1.181249246001243591e-01 -9.490873813629150391e-01 -4.884042441844940186e-01 -5.151429176330566406e-01 -3.142279386520385742e-01 3.936994969844818115e-01 5.213851332664489746e-01 -9.194640815258026123e-02 -2.436151914298534393e-02 1.724659837782382965e-02 -1.943641901016235352e-01 -7.843783497810363770e-02 -1.740936040878295898e-01 -8.323240280151367188e-02 -5.578646063804626465e-01 1.080750703811645508e+00 -4.325602948665618896e-02
1.657313406467437744e-01 2.304953895509243011e-02 4.673305749893188477e-01 -4.184380918741226196e-02 1.207217052578926086e-01 -4.613111913204193115e-01 -4.474825859069824219e-01 3.455753087997436523e+00 -4.455012798309326172e+00 -2.021863698959350586e+00 4.153664708137512207e-01 -4.839963018894195557e-01 2.297524452209472656e+00 3.032950758934020996e-01 5.217885375022888184e-01 1.846209540963172913e-02 1.039071232080459595e-01 -3.608599007129669189e-01 5.563331246376037598e-01 -1.841727942228317261e-01 3.677539527416229248e-01 1.114615082740783691e+00 4.453873932361602783e-01 4.427081644535064697e-01 1.765425562858581543e+00 -1.975924372673034668e-01 -1.470045596361160278e-01 -1.133200049400329590e+00 4.046030342578887939e-01 1.098373010754585266e-01 1.671152710914611816e+00 -1.376570105552673340e+00 7.953751683235168457e-01 -1.141681969165802002e-01 4.066403508186340332e-01 -2.052246928215026855e-01 6.564304828643798828e-01 -1.003946423530578613e+00 9.506284445524215698e-02 7.038577646017074585e-02 -1.967007040977478027e+00 -5.076075438410043716e-03 2.896537072956562042e-02 1.612834748812019825e-03 5.244541764259338379e-01 3.352342545986175537e-01 1.014027953147888184e+00 3.463007807731628418e-01 2.660858631134033203e-01 -1.839380115270614624e-01 -1.223893284797668457e+00 -3.396737156435847282e-03 3.682530224323272705e-01 6.184574216604232788e-02 -2.573988959193229675e-02 -2.946954965591430664e-01 -2.422618120908737183e-01 3.701390922069549561e-01 -7.579354941844940186e-02 -2.483541518449783325e-01 -3.454692661762237549e-01 2.192692756652832031e-01 -1.062561631202697754e+00 1.568213403224945068e-01
3.080477118492126465e-01 -8.431478142738342285e-01 4.799224138259887695e-01 -2.625016495585441589e-02 4.523218572139739990e-01 -8.404902368783950806e-02 2.624646425247192383e-01 -2.205101251602172852e+00 4.742150604724884033e-01 2.843710660934448242e+00 1.635528802871704102e+00 4.092883691191673279e-02 1.288456916809082031e+00 -2.061065584421157837e-01 -1.357398152351379395e+00 1.634728610515594482e-01 2.949388623237609863e-01 -2.951728180050849915e-02 2.122142761945724487e-01 3.420192003250122070e-02 -4.431433677673339844e-01 -1.944130361080169678e-01 -3.485763967037200928e-01 -3.498774021863937378e-02 -3.953410863876342773e+00 -7.728146016597747803e-02 2.843174040317535400e-01 4.067609608173370361e-01 -1.120911240577697754e+00 3.724010586738586426e-01 5.271702408790588379e-01 -5.339781641960144043e-01 -1.798344105482101440e-01 -1.821102052927017212e-01 8.958782553672790527e-01 -6.431970000267028809e-02 7.667982578277587891e-01 2.359194010496139526e-01 4.717994928359985352e-01 -5.160959362983703613e-01 -5.491289123892784119e-02 1.561966687440872192e-01 -4.993821084499359131e-01 1.650067120790481567e-01 4.367313086986541748e-01 3.521683812141418457e-01 3.759463429450988770e-01 1.343788653612136841e-01 -3.582297801971435547e+00 -9.669818878173828125e-01 -6.774929761886596680e-01 -4.931316971778869629e-01 -2.993164956569671631e-01 1.196424383670091629e-02 6.674183607101440430e-01 4.002448320388793945e-01 -1.218770444393157959e-01 -3.432925939559936523e-01 3.920780420303344727e-01 -4.493293762207031250e-01 -2.163490653038024902e-02 -5.141803026199340820e-01 6.737512946128845215e-01 -2.121190130710601807e-01
2.748291492462158203e-01 3.198203742504119873e-01 5.118424892425537109e-01 1.292717903852462769e-01 8.267549425363540649e-02 -3.093035817146301270e-01 4.905865788459777832e-01 -2.151770591735839844e+00 6.223856210708618164e-01 2.031946182250976562e+00 1.239858388900756836e+00 3.233030438423156738e-01 -7.735244035720825195e-01 4.723571538925170898e-01 -1.068684220314025879e+00 -6.970848143100738525e-02 6.506972312927246094e-01 4.174664020538330078e-01 -5.918810367584228516e-01 3.429659605026245117e-01 4.950645193457603455e-02 5.430263280868530273e-01 1.723400801420211792e-01 2.257637083530426025e-01 -4.241365432739257812e+00 1.328014582395553589e-01 5.829691290855407715e-01 1.535726785659790039e-01 -1.191589236259460449e+00 4.727264940738677979e-01 4.368261694908142090e-01 -6.404787302017211914e-01 -1.119449660181999207e-01 -1.440898329019546509e-02 -7.567749172449111938e-02 -2.607595622539520264e-01 -3.940170109272003174e-01 -1.023482680320739746e+00 -8.618565648794174194e-02 -6.334927082061767578e-01 3.391080200672149658e-01 1.534640137106180191e-02 -1.229948624968528748e-01 4.109986424446105957e-01 6.339949965476989746e-01 7.067744135856628418e-01 4.735608398914337158e-01 1.235282495617866516e-01 -8.503838777542114258e-01 -4.180206060409545898e-01 -5.758166909217834473e-01 -8.877987861633300781e-01 3.890450894832611084e-01 3.359225392341613770e-01 5.462836101651191711e-02 3.921402990818023682e-02 -8.627100586891174316e-01 -4.458583593368530273e-01 9.055355936288833618e-02 -3.769192472100257874e-02 9.169661998748779297e-02 -5.714837312698364258e-01 1.165942192077636719e+00 2.885596826672554016e-02
-8.574577569961547852e-01 -1.273235231637954712e-01 4.359038174152374268e-01 2.233630120754241943e-01 4.468536470085382462e-03 2.086032629013061523e-01 -2.921793699264526367e+00 4.842998683452606201e-01 -5.027804374694824219e-01 -1.721688985824584961e+00 -2.194946259260177612e-01 -1.888664513826370239e-01 -4.712055325508117676e-01 7.953857183456420898e-01 7.703648209571838379e-01 -3.478278592228889465e-02 2.439922392368316650e-01 4.826159477233886719e-01 8.237161636352539062e-01 -5.051262974739074707e-01 1.947398185729980469e+00 -4.218638539314270020e-01 5.336752533912658691e-01 -4.690469205379486084e-01 5.197340488433837891e+00 3.313784897327423096e-01 4.714541733264923096e-01 1.687610298395156860e-01 1.668491244316101074e+00 -1.494917869567871094e-01 6.207546591758728027e-01 -4.369001865386962891e+00 -2.342181503772735596e-01 8.323409408330917358e-02 -5.356793403625488281e-01 3.630317747592926025e-02 4.655928909778594971e-02 -5.922416210174560547e+00 2.402773648500442505e-01 1.338071227073669434e+00 -4.286211431026458740e-01 -7.250841706991195679e-02 1.846029460430145264e-01 6.357278227806091309e-01 -1.787389814853668213e-01 2.360065430402755737e-01 1.746369451284408569e-01 1.040254086256027222e-01 8.882724046707153320e-01 4.683797657489776611e-01 3.562001883983612061e-02 2.393756151199340820e+00 4.025495350360870361e-01 2.501581422984600067e-02 -7.985427230596542358e-02 5.045070648193359375e-01 -7.865899801254272461e-01 5.307598710060119629e-01 5.605255439877510071e-02 2.189199626445770264e-01 1.508397310972213745e-01 4.465023875236511230e-01 -1.375820040702819824e+00 6.541793793439865112e-02
-7.464963197708129883e-02 -4.566811323165893555e-01 -1.052333936095237732e-01 6.790531426668167114e-02 1.706137359142303467e-01 6.663357373327016830e-03 4.827985167503356934e-01 -1.115939140319824219e+00 1.900636553764343262e-01 1.400035858154296875e+00 1.765285968780517578e+00 -2.863361835479736328e-01 -1.739598870277404785e+00 -8.687666654586791992e-01 -1.653847098350524902e+00 -6.137338653206825256e-02 4.344591125845909119e-02 4.899979755282402039e-02 -4.409900009632110596e-01 -3.725131154060363770e-01 -3.760771751403808594e-01 8.175742626190185547e-02 -4.169985949993133545e-01 -2.161354869604110718e-01 -3.692402124404907227e+00 -1.383143663406372070e+00 -1.977902464568614960e-02 -9.747030735015869141e-01 -2.735733687877655029e-01 2.209768593311309814e-01 -1.830951929092407227e+00 -1.797048330307006836e+00 -9.210230708122253418e-01 -5.540703237056732178e-02 1.416936814785003662e-01 -2.516540288925170898e-01 -9.935670495033264160e-01 -2.943843007087707520e-01 -1.730436831712722778e-01 -2.931129336357116699e-01 -1.524043232202529907e-01 -2.042030170559883118e-02 -8.736746311187744141e-01 9.559411555528640747e-02 -4.362482726573944092e-01 1.059090867638587952e-01 -1.590193867683410645e+00 -1.810764223337173462e-01 -5.826583504676818848e-01 -8.455896973609924316e-01 -2.655451774597167969e+00 -3.603003919124603271e-01 2.312321811914443970e-01 7.716514468193054199e-01 -3.959561884403228760e-01 6.486968994140625000e-01 -3.437184989452362061e-01 -1.730963349342346191e+00 -1.631584763526916504e-01 -3.534309267997741699e-01 4.240773152559995651e-03 -5.529693961143493652e-01 7.628114819526672363e-01 -5.763503909111022949e-01
6.523713469505310059e-02 -1.416991055011749268e-01 -1.512069720774888992e-02 4.253055900335311890e-03 -2.836392447352409363e-02 -6.602295637130737305e-01 -9.452586770057678223e-01 -4.474857449531555176e-01 3.988151252269744873e-01 3.211854696273803711e+00 1.012425780296325684e+00 -4.719043672084808350e-01 -9.176214933395385742e-01 -4.839380085468292236e-01 -1.589630007743835449e+00 1.222557425498962402e-01 5.221020430326461792e-03 -4.186206310987472534e-02 -1.276873350143432617e+00 1.093960165977478027e+00 -7.167525291442871094e-01 -5.150468945503234863e-01 2.944379448890686035e-01 2.510779500007629395e-01 -8.585938811302185059e-01 -3.546812534332275391e-01 -1.152963861823081970e-01 -1.303541421890258789e+00 -1.831906139850616455e-01 -6.941654533147811890e-02 2.519496977329254150e-01 -6.014693379402160645e-01 -4.225174188613891602e-01 -2.143192291259765625e-02 1.255017966032028198e-01 4.980231821537017822e-01 -7.430532574653625488e-02 3.723233640193939209e-01 -6.526334881782531738e-01 2.106814831495285034e-01 1.265872597694396973e+00 1.488427221775054932e-01 -3.864537179470062256e-01 2.761127650737762451e-01 5.444887280464172363e-01 2.249657660722732544e-01 -1.812554448843002319e-01 -4.638721048831939697e-01 -1.328074455261230469e+00 -4.727315902709960938e-01 -1.301723003387451172e+00 2.163184399250894785e-04 -2.315115034580230713e-01 -8.873554319143295288e-02 1.438914239406585693e-01 2.355631440877914429e-01 8.807958364486694336e-01 1.626517057418823242e+00 5.570545420050621033e-02 1.687242239713668823e-01 -4.079491272568702698e-02 -3.864187747240066528e-02 4.137748181819915771e-01 1.299158185720443726e-01
2.272040098905563354e-01 3.613761961460113525e-01 5.983370542526245117e-01 -7.285938411951065063e-02 2.524442970752716064e-01 -5.666380524635314941e-01 4.257999956607818604e-01 -1.556657910346984863e+00 5.883073806762695312e-01 2.232776641845703125e+00 1.130502223968505859e+00 3.429563939571380615e-01 -7.003355622291564941e-01 2.463205158710479736e-01 -1.137178063392639160e+00 1.213795915246009827e-01 4.615639746189117432e-01 3.811369538307189941e-01 -4.180377721786499023e-01 1.208051517605781555e-01 -1.849859580397605896e-02 3.828783929347991943e-01 9.107048064470291138e-02 1.491254419088363647e-01 -2.979772090911865234e+00 2.114425897598266602e-01 3.127434849739074707e-01 3.541238903999328613e-01 -1.055235743522644043e+00 3.690466582775115967e-01 3.530738055706024170e-01 -6.201843619346618652e-01 -3.214079439640045166e-01 9.457179345190525055e-03 2.466103583574295044e-01 -4.997473359107971191e-01 -6.394112110137939453e-01 -5.540404915809631348e-01 -1.171455904841423035e-01 -6.360588669776916504e-01 1.633781343698501587e-01 9.451072663068771362e-03 -3.701130747795104980e-01 4.548961222171783447e-01 6.055428981781005859e-01 4.565692543983459473e-01 1.534537822008132935e-01 4.364164173603057861e-02 -1.119064211845397949e+00 -4.513077437877655029e-01 -5.890891551971435547e-01 -7.694231271743774414e-01 3.958640992641448975e-02 2.726882100105285645e-01 1.290332078933715820e-01 -5.017464756965637207e-01 -4.790826141834259033e-01 -3.263806998729705811e-01 1.406262069940567017e-01 -1.742003113031387329e-01 -7.454124093055725098e-02 -6.501186490058898926e-01 1.112224817276000977e+00 -2.795487940311431885e-01
-1.597752124071121216e-01 -3.220504820346832275e-01 3.371724188327789307e-01 -3.145040944218635559e-02 3.171390295028686523e-02 1.588013917207717896e-01 -7.599935680627822876e-02 -2.092545986175537109e+00 3.023229539394378662e-01 4.210050106048583984e+00 -1.408669352531433105e+00 -7.088153064250946045e-02 -2.222454547882080078e+00 4.107604920864105225e-01 -7.361521124839782715e-01 3.932926431298255920e-02 -1.760358512401580811e-01 9.817987680435180664e-02 3.202677667140960693e-01 -9.330562353134155273e-01 7.591667771339416504e-01 -9.760850071907043457e-01 -3.373565375804901123e-01 -5.516594886779785156e+00 -2.381556183099746704e-01 -2.672171033918857574e-02 4.640617668628692627e-01 1.958858072757720947e-01 -4.315484762191772461e-01 3.735539615154266357e-01 -3.104102313518524170e-01 -2.589403629302978516e+00 -3.197813630104064941e-01 -4.367647692561149597e-02 1.057250201702117920e-01 -1.492120921611785889e-01 -9.424017667770385742e-01 9.049017429351806641e-01 2.233712375164031982e-01 -4.590809643268585205e-01 1.122520327568054199e+00 7.978840917348861694e-02 -1.887775808572769165e-01 7.570728063583374023e-01 -1.370353817939758301e+00 3.087288141250610352e-01 1.950100511312484741e-01 -2.186468243598937988e-01 -9.910902380943298340e-01 -1.692953556776046753e-01 -4.624640941619873047e+00 -6.804684549570083618e-02 -1.294425427913665771e-01 2.740808427333831787e-01 -4.545254707336425781e-01 -7.869707345962524414e-01 -5.749911069869995117e-02 -7.698622345924377441e-01 5.293880030512809753e-02 -9.561427682638168335e-02 -6.327634453773498535e-01 -1.164412260055541992e+00 -6.700567156076431274e-02 5.102787613868713379e-01
-3.688087165355682373e-01 1.678627133369445801e-01 -5.306428074836730957e-01 -4.471617285162210464e-03 -1.110790297389030457e-01 -2.184407234191894531e+00 1.666437089443206787e-01 8.780422806739807129e-01 5.324627757072448730e-01 -2.863650798797607422e+00 -7.057750225067138672e-01 1.439082473516464233e-01 3.549075424671173096e-01 2.917936444282531738e-01 -2.494921445846557617e+00 8.484428748488426208e-03 -1.325059384107589722e-01 -6.488363742828369141e-01 3.210566639900207520e-01 1.433008313179016113e+00 3.359259068965911865e-01 1.421568036079406738e+00 5.211154818534851074e-01 3.921635150909423828e-01 2.433554410934448242e+00 -1.057925969362258911e-01 -4.658243954181671143e-01 2.237584441900253296e-01 3.717819154262542725e-01 -5.117858052253723145e-01 -3.460743665695190430e+00 -2.541698455810546875e+00 1.216588973999023438e+00 6.474910303950309753e-03 1.103038907051086426e+00 1.307136535644531250e+00 1.159220099449157715e+00 2.241470217704772949e-01 -5.164992213249206543e-01 5.150217330083250999e-04 -3.370204865932464600e-01 -7.186502218246459961e-03 1.388096511363983154e-01 -1.676992923021316528e-01 1.013995051383972168e+00 7.508314400911331177e-02 -2.496958017349243164e+00 6.560390591621398926e-01 -7.459138035774230957e-01 1.896859556436538696e-01 -1.560687780380249023e+00 5.531880259513854980e-01 4.144971072673797607e-01 7.412014007568359375e-01 4.789977073669433594e-01 -7.650776766240596771e-03 -3.540765345096588135e-01 7.054339647293090820e-01 -3.896970674395561218e-02 -9.092744588851928711e-01 -7.591848969459533691e-01 9.325808286666870117e-01 2.231183528900146484e+00 -1.373086571693420410e+00
2.772744894027709961e-01 3.151001036167144775e-01 5.199857950210571289e-01 -1.497185230255126953e-02 2.797262929379940033e-02 -2.812287807464599609e-01 5.658421516418457031e-01 -1.862950563430786133e+00 4.891649782657623291e-01 1.870685935020446777e+00 1.186529040336608887e+00 2.034032344818115234e-01 -5.404547452926635742e-01 2.937143146991729736e-01 -1.027477145195007324e+00 1.856809109449386597e-02 5.481907725334167480e-01 4.584325253963470459e-01 -4.984757602214813232e-01 3.451721966266632080e-01 -7.358473539352416992e-02 5.598403811454772949e-01 1.126102656126022339e-01 1.413730233907699585e-01 -3.546082019805908203e+00 1.090626493096351624e-01 5.378145575523376465e-01 1.554579883813858032e-01 -1.163360357284545898e+00 2.972899675369262695e-01 3.108023703098297119e-01 -5.014573335647583008e-01 -1.954425126314163208e-01 6.362932920455932617e-02 1.799344569444656372e-01 -1.187994629144668579e-01 -6.018301248550415039e-01 -8.074117898941040039e-01 -1.954841054975986481e-02 -6.261758208274841309e-01 1.191216930747032166e-01 1.662965491414070129e-02 -9.621528536081314087e-02 3.186310827732086182e-01 5.628014206886291504e-01 5.422707796096801758e-01 4.201585352420806885e-01 1.212771311402320862e-01 -1.152746081352233887e+00 -5.954077243804931641e-01 -5.674588680267333984e-01 -8.367820382118225098e-01 1.314615607261657715e-01 4.321214258670806885e-01 -1.204789504408836365e-01 -2.126671671867370605e-01 -5.738500356674194336e-01 -3.310354351997375488e-01 1.401843726634979248e-01 -1.317000836133956909e-01 8.160521835088729858e-02 -5.695164799690246582e-01 1.040228366851806641e+00 -2.232297696173191071e-02
3.215421736240386963e-02 -3.230879902839660645e-01 1.021921113133430481e-01 5.098654329776763916e-02 2.125377207994461060e-02 -7.581379413604736328e-01 1.303419321775436401e-01 -1.088883996009826660e+00 4.390688836574554443e-01 3.753481388092041016e+00 8.500065803527832031e-01 7.391468882560729980e-01 -3.926932811737060547e-01 -1.430334448814392090e-01 -1.596953988075256348e+00 3.087130934000015259e-02 3.473700881004333496e-01 -5.227296948432922363e-01 -6.340678334236145020e-01 9.869709610939025879e-01 -3.063664436340332031e-01 6.383694410324096680e-01 -1.512499600648880005e-01 1.611392050981521606e-01 -2.084197521209716797e+00 -2.303456813097000122e-01 3.989772200584411621e-01 -1.550575256347656250e+00 -2.604529619216918945e+00 -5.317031592130661011e-02 -1.059938311576843262e+00 -9.023603200912475586e-01 -7.310559749603271484e-01 -3.212467208504676819e-02 -3.002847671508789062e+00 -2.920492887496948242e-01 1.077071726322174072e-01 9.547112584114074707e-01 -3.252374231815338135e-01 -2.058519363403320312e+00 8.182109892368316650e-02 3.204738954082131386e-03 -6.012031435966491699e-01 7.571746110916137695e-01 -8.802402764558792114e-03 3.465249836444854736e-01 -7.877292633056640625e-01 -2.781330049037933350e-01 4.148324579000473022e-02 -6.631989479064941406e-01 -1.713168621063232422e+00 2.940669888630509377e-03 -1.975249648094177246e-01 7.151242494583129883e-01 3.802292048931121826e-01 -2.845063209533691406e-01 8.806071877479553223e-01 -6.908072829246520996e-01 1.166989207267761230e-01 -6.138150691986083984e-01 -3.359554708003997803e-02 -5.486503839492797852e-01 2.045454740524291992e+00 -3.325926959514617920e-01
-3.837879300117492676e-01 -1.726814955472946167e-01 2.987205088138580322e-01 1.800279617309570312e-01 -3.086939640343189240e-02 3.118120506405830383e-02 -6.276420950889587402e-01 1.250358223915100098e+00 -4.698291420936584473e-01 -1.139619708061218262e+00 2.922036647796630859e-01 -5.570110678672790527e-01 2.275370121002197266e+00 2.614330947399139404e-01 -1.727993041276931763e-01 6.633181124925613403e-02 -9.679436683654785156e-02 -2.764711976051330566e-01 1.615312099456787109e+00 -3.473103046417236328e-01 2.478480786085128784e-01 5.815590023994445801e-01 7.568271160125732422e-01 1.394029706716537476e-01 3.013013839721679688e+00 -2.108953237533569336e+00 -1.741692423820495605e+00 -2.538941383361816406e+00 9.037982821464538574e-01 -1.161459445953369141e+00 3.531218767166137695e-01 -1.534975409507751465e+00 -6.422270089387893677e-02 1.434713508933782578e-02 4.169122695922851562e+00 4.407328963279724121e-01 1.660180091857910156e+00 -6.765348315238952637e-01 7.494140863418579102e-01 -3.740542009472846985e-02 3.038808703422546387e-01 1.888322085142135620e-02 -1.566390991210937500e-01 7.807452976703643799e-02 4.843417108058929443e-01 -7.133197039365768433e-02 -4.029515087604522705e-01 1.903319656848907471e-01 1.246502280235290527e+00 2.490393519401550293e-01 -1.460985660552978516e+00 9.298665523529052734e-01 -7.876029610633850098e-01 4.447757601737976074e-01 3.613307476043701172e-01 7.927649021148681641e-01 -7.831768393516540527e-01 8.017299175262451172e-01 8.729391545057296753e-02 -6.454677581787109375e-01 2.648246884346008301e-01 7.688564658164978027e-01 4.307561814785003662e-01 -1.066347002983093262e+00
8.393785357475280762e-02 2.248612791299819946e-01 4.856809973716735840e-01 -1.194171421229839325e-02 7.636342197656631470e-02 -2.413819879293441772e-01 3.304918408393859863e-01 -1.015372157096862793e+00 7.022255659103393555e-01 3.462715864181518555e+00 6.489560008049011230e-01 3.301788270473480225e-01 -6.358669996261596680e-01 4.447246789932250977e-01 -1.013629078865051270e+00 -4.905839636921882629e-02 5.479813218116760254e-01 5.070401430130004883e-01 -6.493945121765136719e-01 2.511049807071685791e-01 1.280604898929595947e-01 4.530018866062164307e-01 1.672950237989425659e-01 1.422207355499267578e-01 -1.314495205879211426e+00 3.897442817687988281e-01 6.007856726646423340e-01 2.563798129558563232e-01 -9.621377587318420410e-01 4.070555567741394043e-01 3.002654016017913818e-01 -9.032969474792480469e-01 -2.255756407976150513e-02 -2.748935110867023468e-02 -4.335871934890747070e-01 -1.673051565885543823e-01 -7.266870141029357910e-02 3.915996849536895752e-01 -2.076841890811920166e-01 -5.518526434898376465e-01 3.378270268440246582e-01 -1.553156133741140366e-02 7.214603014290332794e-03 6.185325384140014648e-01 5.978416204452514648e-01 7.035651803016662598e-01 3.547828793525695801e-01 2.686186134815216064e-01 -9.523944854736328125e-01 -4.822804927825927734e-01 -6.488769054412841797e-01 -2.145901173353195190e-01 3.865216672420501709e-01 4.211754500865936279e-01 -6.081735715270042419e-02 -1.228271201252937317e-01 -3.125557675957679749e-02 -3.818295300006866455e-01 -4.315377026796340942e-02 -1.131979823112487793e-01 -8.367714285850524902e-02 -4.172802269458770752e-01 1.127061128616333008e+00 3.671445325016975403e-02
