3.501620888710021973e-01
1.808330714702606201e-01
2.972939908504486084e-01
9.881756305694580078e-01
1.196088921278715134e-02
2.717216312885284424e-01
1.016066908836364746e+00
2.654556632041931152e-01
8.555036783218383789e-01
8.403058648109436035e-01
7.639092803001403809e-01
1.681971251964569092e-01
1.006679311394691467e-01
-5.171027779579162598e-01
-3.352882266044616699e-01
-3.565901815891265869e-01
5.476757287979125977e-01
7.434971332550048828e-01
9.661242961883544922e-01
2.158175110816955566e-01
5.683841109275817871e-01
9.314409494400024414e-01
3.647600114345550537e-01
3.913918435573577881e-01
7.715692371129989624e-02
7.318364381790161133e-01
2.911003232002258301e-01
-1.132753118872642517e-01
8.811779618263244629e-01
-1.972387358546257019e-02
-2.212820947170257568e-01
1.012158870697021484e+00
