1.903139591217041016e+00 -2.742570340633392334e-01 -1.603917628526687622e-01 -1.966997236013412476e-02 -2.362136840820312500e+00 6.330180168151855469e-01 -1.654758304357528687e-01 1.342653017491102219e-02
-1.080112576484680176e+00 2.934818863868713379e-01 -4.730011224746704102e-01 3.136712312698364258e-01 2.746596634387969971e-01 2.330797761678695679e-01 -3.944629803299903870e-02 -5.578967183828353882e-02
8.447990417480468750e-01 -8.415929675102233887e-01 -1.399296671152114868e-01 -7.945733666419982910e-01 2.354673445224761963e-01 -1.107431411743164062e+00 -9.489126205444335938e-01 -1.089233905076980591e-01
4.173852205276489258e-01 -5.908566117286682129e-01 -5.074176192283630371e-01 -3.694066405296325684e-01 -4.974321424961090088e-01 -6.505404710769653320e-01 -1.275229334831237793e+00 9.615094959735870361e-02
3.123098611831665039e-01 -8.094035089015960693e-02 5.795930624008178711e-01 4.754770398139953613e-01 3.786318004131317139e-01 4.450568854808807373e-01 1.005805134773254395e+00 -8.424620330333709717e-02
4.626563787460327148e-01 6.393410265445709229e-02 6.356653571128845215e-01 -1.842830926179885864e-01 8.290542364120483398e-01 -9.080196619033813477e-01 -7.660838961601257324e-01 -6.314875930547714233e-02
-3.682379722595214844e-01 1.160204187035560608e-01 -9.513843059539794922e-01 -7.074355334043502808e-02 1.925031095743179321e-01 -2.973853647708892822e-01 -4.701518267393112183e-02 9.846429340541362762e-03
1.668896436691284180e+00 4.590269550681114197e-02 -2.313213109970092773e+00 3.254370987415313721e-01 -3.542931973934173584e-01 -8.014605641365051270e-01 -4.477934911847114563e-02 2.070230431854724884e-02
3.786961436271667480e-01 -2.959198653697967529e-01 3.024433255195617676e-01 -4.509556293487548828e-01 5.044316053390502930e-01 -1.998192667961120605e-01 -2.425221502780914307e-01 -2.028280198574066162e-01
-1.460955023765563965e+00 -2.729400396347045898e-01 -2.381113767623901367e+00 -1.433037072420120239e-01 -9.286054968833923340e-01 -8.927238732576370239e-02 1.977253705263137817e-01 3.129723668098449707e-02
-1.183505058288574219e-01 -1.832879632711410522e-01 -1.974536031484603882e-01 2.102105319499969482e-01 1.990607976913452148e-01 -2.322816848754882812e-02 5.567880719900131226e-02 -6.519048474729061127e-03
-7.322227358818054199e-01 2.819079756736755371e-01 -8.356372117996215820e-01 6.416229903697967529e-02 1.873553842306137085e-01 2.198311090469360352e-01 -5.432330965995788574e-01 5.585185438394546509e-02
8.237645626068115234e-01 -1.112172484397888184e+00 2.747112214565277100e-01 -1.281207561492919922e+00 3.437328338623046875e-01 -9.847926497459411621e-01 4.175433516502380371e-01 2.790258452296257019e-02
1.194407343864440918e+00 -1.127196028828620911e-01 5.297777056694030762e-01 -4.861733317375183105e-01 -6.464147567749023438e-02 -2.239075154066085815e-01 8.082395792007446289e-02 -8.082965612411499023e-01
2.577047348022460938e+00 6.576058864593505859e-01 6.261594891548156738e-01 3.802915289998054504e-02 -5.379199236631393433e-02 -1.458206176757812500e-01 -7.396460175514221191e-01 1.985773444175720215e-02
-3.796796202659606934e-01 2.283935248851776123e-01 5.855781435966491699e-01 9.026891589164733887e-01 -3.540785312652587891e-01 -2.021882124245166779e-02 2.017041146755218506e-01 -3.572367429733276367e-01
-1.041329741477966309e+00 2.130724936723709106e-01 -1.332089751958847046e-01 3.034223616123199463e-01 4.367315769195556641e-02 -9.338597767055034637e-03 -5.898769497871398926e-01 3.998466134071350098e-01
-6.539507508277893066e-01 9.107556939125061035e-01 4.806140363216400146e-01 3.359405696392059326e-01 4.268943369388580322e-01 4.691792428493499756e-01 5.369479060173034668e-01 -1.421515177935361862e-02
1.282137036323547363e-01 -6.558994762599468231e-03 8.457049131393432617e-01 3.911004960536956787e-01 3.070976138114929199e-01 -2.471232414245605469e-01 4.573116004467010498e-01 2.267264202237129211e-02
-4.746257364749908447e-01 -1.035281196236610413e-01 -1.637472748756408691e+00 -3.289242386817932129e-01 -2.235198259353637695e+00 2.524406909942626953e-01 -1.055983781814575195e+00 -8.126866817474365234e-02
-5.363006517291069031e-02 -2.050495743751525879e-01 -5.795688927173614502e-02 1.948787122964859009e-01 2.886083908379077911e-02 -4.897026345133781433e-02 8.557318150997161865e-02 1.252092700451612473e-02
-4.305919110774993896e-01 -8.418686687946319580e-02 7.175147533416748047e-01 2.575164437294006348e-01 2.990573644638061523e-01 -6.553351879119873047e-01 6.447405219078063965e-01 -1.897833049297332764e-01
-9.106643497943878174e-02 -1.987985372543334961e-01 -1.473855078220367432e-01 2.810699641704559326e-01 2.025804370641708374e-01 -2.945030666887760162e-02 4.673519358038902283e-02 -3.524754894897341728e-03
-1.708256304264068604e-01 1.485826224088668823e-01 -8.486787676811218262e-01 -7.719637453556060791e-02 -1.026567518711090088e-01 -1.375651955604553223e-01 -2.784131169319152832e-01 -1.463117003440856934e-01
1.857348918914794922e+00 -4.452776163816452026e-02 6.369990110397338867e-01 4.201614856719970703e-01 1.867919862270355225e-01 -7.576248049736022949e-01 2.740672528743743896e-01 2.144025415182113647e-01
3.256780505180358887e-01 3.869697153568267822e-01 8.248323798179626465e-01 -7.233855128288269043e-02 7.980235815048217773e-01 -5.243361592292785645e-01 8.189579844474792480e-01 -1.386880595237016678e-02
-5.932410433888435364e-02 -7.783199548721313477e-01 2.668268084526062012e-01 -8.299818634986877441e-01 -3.041361272335052490e-01 -8.242046236991882324e-01 -1.028291583061218262e+00 -4.153060726821422577e-03
8.193867206573486328e-01 6.282799839973449707e-01 8.560003042221069336e-01 7.782900333404541016e-01 5.494663119316101074e-01 6.114061176776885986e-02 6.002813577651977539e-01 -1.527504920959472656e-01
-1.323585391044616699e+00 -4.465776681900024414e-01 -4.162407517433166504e-01 7.883692532777786255e-02 -2.414926737546920776e-01 -1.033793210983276367e+00 6.820769906044006348e-01 1.356229186058044434e-02
1.526288092136383057e-01 -4.490643739700317383e-02 -3.708951473236083984e+00 -2.888321578502655029e-01 -1.746766567230224609e+00 6.704460978507995605e-01 2.182981222867965698e-01 -1.206158753484487534e-02
3.546047508716583252e-01 -3.333820700645446777e-01 -1.122630834579467773e+00 -1.207787394523620605e-01 -1.193447947502136230e+00 2.253518998622894287e-01 -4.039624035358428955e-01 -6.665711402893066406e-01
-6.767293810844421387e-02 -2.221446484327316284e-01 -9.765717983245849609e-01 -6.974929571151733398e-01 1.774340122938156128e-01 -8.811137080192565918e-01 -9.705685377120971680e-01 5.123608279973268509e-03
4.489774703979492188e-01 -1.738530248403549194e-01 -4.844894111156463623e-01 -4.678172469139099121e-01 9.300548434257507324e-01 -6.539310216903686523e-01 -4.913181662559509277e-01 -7.290715575218200684e-01
-2.876407206058502197e-01 2.598865330219268799e-01 7.270802855491638184e-01 3.381262123584747314e-01 2.577793300151824951e-01 -2.876781523227691650e-01 4.431391060352325439e-01 3.309421986341476440e-02
1.212450504302978516e+00 -3.390243276953697205e-02 -4.896566867828369141e+00 3.769366741180419922e-01 -1.850327730178833008e+00 -1.139172911643981934e-01 -3.571327626705169678e-01 9.567742049694061279e-02
1.232280850410461426e+00 5.455578118562698364e-02 4.399410784244537354e-01 1.157935783267021179e-01 9.304008483886718750e-01 -2.781478464603424072e-01 4.471619799733161926e-02 1.311323232948780060e-02
6.019592285156250000e-01 1.716420054435729980e-01 7.133430242538452148e-02 6.029284372925758362e-02 -2.110931724309921265e-01 5.662007331848144531e-01 -2.334310710430145264e-01 -5.926384031772613525e-02
2.966071963310241699e-01 2.344777435064315796e-01 7.640024423599243164e-01 -1.237814053893089294e-01 4.117681384086608887e-01 -6.191402673721313477e-01 5.085682868957519531e-01 -4.537690877914428711e-01
-5.228836461901664734e-02 1.978827267885208130e-01 5.834057927131652832e-02 -1.684692353010177612e-01 -3.636623919010162354e-02 3.676657564938068390e-03 3.195088356733322144e-02 -1.578926667571067810e-02
-1.085834026336669922e+00 2.176601141691207886e-01 -9.207763671875000000e-01 4.943464100360870361e-01 -1.992658495903015137e+00 -2.522400617599487305e-01 -3.556527197360992432e-02 3.018343150615692139e-01
-1.582198023796081543e+00 3.774818181991577148e-01 -1.807001709938049316e+00 2.643420100212097168e-01 1.636849343776702881e-01 -2.669153511524200439e-01 7.809656858444213867e-02 -5.439636297523975372e-03
-9.568796753883361816e-01 -5.904502272605895996e-01 6.610571742057800293e-01 -4.666763842105865479e-01 -3.614451885223388672e-01 -7.176234573125839233e-02 1.965071707963943481e-01 -1.003392133861780167e-02
1.515778452157974243e-01 -1.002478003501892090e+00 6.391940116882324219e-01 -1.115646839141845703e+00 1.069972962141036987e-01 -1.783095300197601318e-01 -3.878472745418548584e-01 2.209699526429176331e-02
-2.462585568428039551e-01 -1.928980052471160889e-01 6.723865866661071777e-01 1.431293040513992310e-01 -2.268123328685760498e-01 1.078100800514221191e-01 2.639256417751312256e-01 -2.071724086999893188e-02
9.076789021492004395e-01 5.325559973716735840e-01 1.162855029106140137e+00 2.447026222944259644e-01 2.861922979354858398e-01 -2.945013940334320068e-01 2.294635772705078125e-01 -2.621527574956417084e-02
7.967546582221984863e-01 1.010853871703147888e-01 -2.640683948993682861e-01 2.500369548797607422e-01 -2.679549157619476318e-01 2.416537553071975708e-01 -7.898701429367065430e-01 -8.094661831855773926e-01
-1.159107759594917297e-01 1.354155596345663071e-02 -4.839001223444938660e-02 3.688148409128189087e-02 2.186926156282424927e-01 -7.631798833608627319e-02 1.687220484018325806e-01 1.190359890460968018e-02
3.936456441879272461e-01 -3.968679308891296387e-01 -4.983463585376739502e-01 -5.197318792343139648e-01 2.422291338443756104e-01 9.872011542320251465e-01 4.747873544692993164e-02 7.990104705095291138e-02
-3.148853406310081482e-02 -1.539649367332458496e-01 -1.283347010612487793e+00 -1.336630135774612427e-01 5.922100543975830078e-01 -2.457971125841140747e-01 2.937139272689819336e-01 -1.134101748466491699e+00
9.720838665962219238e-01 -3.286300301551818848e-01 -5.749390721321105957e-01 -5.266469120979309082e-01 -2.136948108673095703e+00 -2.458826303482055664e-01 -9.251874685287475586e-01 1.227584928274154663e-01
-1.143228411674499512e+00 1.712600290775299072e-01 3.559749126434326172e-01 3.093921840190887451e-01 3.855973482131958008e-01 7.579045891761779785e-01 -2.510615289211273193e-01 -2.272553555667400360e-02
-6.470462679862976074e-01 4.327182769775390625e-01 6.257897615432739258e-01 2.791910171508789062e-01 1.171689778566360474e-01 -1.792163103818893433e-01 3.725456595420837402e-01 9.104777872562408447e-02
3.382982969284057617e+00 5.416393876075744629e-01 -1.051098108291625977e+00 3.425913155078887939e-01 3.580164909362792969e-01 -2.614022195339202881e-01 -9.962509870529174805e-01 6.104088854044675827e-03
2.192869424819946289e+00 -1.793743222951889038e-01 5.355827212333679199e-01 -3.422090113162994385e-01 1.835124450735747814e-03 -3.732184171676635742e-01 3.324951976537704468e-02 1.000512540340423584e-01
-5.394985079765319824e-01 -4.969127774238586426e-01 -7.613151073455810547e-01 -5.714158415794372559e-01 -1.267859220504760742e+00 -7.251499891281127930e-01 -1.927558183670043945e-01 -1.541149523109197617e-02
-7.036989331245422363e-01 -4.891590774059295654e-01 -1.726365327835083008e+00 7.438058406114578247e-02 4.988042414188385010e-01 3.489336073398590088e-01 2.606144249439239502e-01 -1.135264988988637924e-02
-2.768654823303222656e-01 4.623802900314331055e-01 3.807019591331481934e-01 6.364238262176513672e-01 3.456021845340728760e-01 6.608599424362182617e-01 -3.060166537761688232e-01 -1.256500482559204102e-01
-3.357891440391540527e-01 6.172500252723693848e-01 1.960074603557586670e-01 4.905724823474884033e-01 2.077501118183135986e-01 5.935533046722412109e-01 -2.144658714532852173e-01 2.056053429841995239e-01
-9.265330433845520020e-01 -6.214943155646324158e-02 -2.090501189231872559e-01 5.318230390548706055e-01 -2.693350315093994141e-01 3.108398020267486572e-01 -3.242281675338745117e-01 -1.029788106679916382e-01
8.199853301048278809e-01 -7.698001861572265625e-01 2.248418033123016357e-01 -7.745938897132873535e-01 3.625543415546417236e-01 -7.368713617324829102e-01 -4.997697472572326660e-01 1.661586314439773560e-01
1.151368021965026855e+00 -1.477961838245391846e-01 7.620965838432312012e-01 -1.852589845657348633e-02 3.602824807167053223e-01 8.347283601760864258e-01 -3.731302022933959961e-01 -1.526677422225475311e-02
-1.776196509599685669e-01 -1.173215508460998535e-01 1.016197562217712402e+00 5.092255473136901855e-01 3.942368924617767334e-01 -3.111126124858856201e-01 7.132034301757812500e-01 1.566146127879619598e-02
8.310170173645019531e-01 -5.817676186561584473e-01 -2.270445376634597778e-01 -8.451597690582275391e-01 -3.776053488254547119e-01 -5.642570257186889648e-01 -1.152386784553527832e+00 5.361443012952804565e-02
-1.212832033634185791e-01 -1.270435452461242676e-01 2.359726838767528534e-02 1.652175337076187134e-01 -6.499258335679769516e-03 -5.940931662917137146e-02 7.875187695026397705e-02 -4.156014695763587952e-02
