-4.414176344871520996e-01
-4.011366069316864014e-01
-6.444775462150573730e-01
3.728358447551727295e-01
-1.756252348423004150e-01
-5.800704360008239746e-01
6.309180259704589844e-01
-2.982711195945739746e-01
-8.315960168838500977e-01
-2.038139104843139648e-02
-1.937823295593261719e-01
-1.747316718101501465e-01
-3.059925138950347900e-01
-1.460479646921157837e-01
-8.517499566078186035e-01
-1.234342217445373535e+00
2.567770481109619141e-01
-1.439879894256591797e+00
-2.330249547958374023e-01
2.216880768537521362e-01
-2.224684506654739380e-01
-1.135667085647583008e+00
-2.234256118535995483e-01
-1.008338704705238342e-01
-4.110452532768249512e-01
-6.995862126350402832e-01
-1.581585407257080078e-01
-7.004353404045104980e-01
-9.120790958404541016e-01
5.894231796264648438e-01
6.042093634605407715e-01
-2.053857147693634033e-01
-6.074123978614807129e-01
-6.721858382225036621e-01
2.534605860710144043e-01
-6.224074363708496094e-01
2.624943852424621582e-01
-1.253532409667968750e+00
-1.333086043596267700e-01
-4.345544800162315369e-02
4.291129708290100098e-01
7.263839244842529297e-01
-1.198261380195617676e+00
4.130012914538383484e-02
-4.500592350959777832e-01
-1.617842465639114380e-01
-4.171542227268218994e-01
-3.001568913459777832e-01
-6.498013734817504883e-01
-3.961314260959625244e-01
-4.777241647243499756e-01
-4.492470026016235352e-01
-1.102498888969421387e+00
-4.690956473350524902e-01
-1.645814776420593262e-01
1.666604541242122650e-02
3.983349725604057312e-02
-1.215382099151611328e+00
7.284229621291160583e-03
-1.292103767395019531e+00
-8.710949420928955078e-01
-1.500683903694152832e+00
6.742091774940490723e-01
-2.050265669822692871e-01
