-1.092804193496704102e+00 4.587794467806816101e-02 4.147743284702301025e-01 -9.008584171533584595e-02 8.115431666374206543e-01 -1.215512529015541077e-01 2.582259774208068848e-01 -2.135300874710083008e+00 1.822881996631622314e-01 1.609813570976257324e+00 -3.073160164058208466e-02 -1.566911339759826660e-01 -3.097262978553771973e-01 3.582483828067779541e-01 2.557262182235717773e-01 1.308386623859405518e-01 -2.353629469871520996e-02 -5.836595296859741211e-01 5.645435452461242676e-01 -2.076881885528564453e+00 -3.546031564474105835e-02 -4.347593307495117188e+00 -3.765620663762092590e-02 6.758376955986022949e-02 -1.578151583671569824e+00 1.179753184318542480e+00 -2.704073488712310791e-01 -1.362628221511840820e+00 8.279483795166015625e+00 -6.314685195684432983e-02 -1.275002956390380859e+00 -2.057924717664718628e-01 4.641197994351387024e-02 6.984026432037353516e-01 -5.097983479499816895e-01 1.454585492610931396e-01 3.634802401065826416e-01 -3.264290094375610352e-02 -1.230734307318925858e-02 3.465301096439361572e-01 6.277079582214355469e-01 -1.253348588943481445e-01 7.498908787965774536e-02 3.012957237660884857e-02 -9.725008606910705566e-01 2.841245755553245544e-02 3.509409353137016296e-02 -7.580306380987167358e-02 2.298670411109924316e-01 -4.302886873483657837e-02 -4.043144881725311279e-01 2.291009426116943359e-01 -7.795912027359008789e-01 1.300599128007888794e-01 -3.623392581939697266e-01 2.224826812744140625e-01 8.661671541631221771e-03 1.094934493303298950e-01 -1.538710743188858032e-01 2.053651064634323120e-01 8.736039996147155762e-01 -1.069664835929870605e+00 -3.288226604461669922e+00 5.150470137596130371e-02
-2.173099756240844727e+00 3.208006322383880615e-01 1.147477149963378906e+00 7.246712446212768555e-01 5.591198801994323730e-01 -3.336961865425109863e-01 5.182071924209594727e-01 1.701154047623276711e-03 1.757163405418395996e-01 -4.299135208129882812e-01 4.958021268248558044e-02 -3.732472658157348633e-02 1.103223800659179688e+00 -5.513912439346313477e-01 1.613001465797424316e+00 5.502540618181228638e-03 9.070234000682830811e-02 -1.029865860939025879e+00 2.544884979724884033e-01 9.650649428367614746e-01 -4.445481672883033752e-02 4.847727715969085693e-02 -2.597070299088954926e-02 6.971096992492675781e-01 -1.196404099464416504e+00 -6.422709226608276367e-01 2.064964324235916138e-01 -4.030158221721649170e-01 3.475447416305541992e+00 1.208594560623168945e+00 4.457662701606750488e-01 5.146405696868896484e-01 1.811733245849609375e-01 2.760361135005950928e-01 -1.033784151077270508e+00 5.615374445915222168e-01 5.845842957496643066e-01 -4.020107388496398926e-01 -2.363885007798671722e-02 3.767943680286407471e-01 1.063431978225708008e+00 -3.191798552870750427e-02 -5.654814094305038452e-02 2.570775747299194336e-01 -1.819948852062225342e-01 1.937203109264373779e-01 1.713677793741226196e-01 -2.279451638460159302e-01 -6.956515312194824219e-01 1.165218234062194824e+00 -2.033090740442276001e-01 3.063031435012817383e-01 2.702573835849761963e-01 -1.544255316257476807e-01 -8.084499239921569824e-01 -1.029179915785789490e-01 2.491868287324905396e-01 -5.375811457633972168e-01 -1.491761654615402222e-01 5.831856131553649902e-01 1.140201210975646973e+00 -6.979919075965881348e-01 7.044134736061096191e-01 9.522754698991775513e-02
-1.503477811813354492e+00 -1.707372307777404785e+00 1.711912870407104492e+00 -3.013419806957244873e-01 7.222185730934143066e-01 -1.288163065910339355e-01 2.942327857017517090e-01 1.820804178714752197e-01 2.332570403814315796e-01 1.057699397206306458e-01 5.564957484602928162e-02 -2.970364093780517578e-01 5.680043697357177734e-01 -1.744588971138000488e+00 1.853122413158416748e-01 -1.262093424797058105e+00 -6.431741714477539062e-01 -7.989947199821472168e-01 3.126322031021118164e-01 -2.916124761104583740e-01 3.602449968457221985e-02 -7.085806131362915039e-02 1.395715177059173584e-01 -2.002383470535278320e-01 -1.727970242500305176e+00 1.751214563846588135e-01 -3.703921437263488770e-01 -5.445276498794555664e-01 -6.723136901855468750e-01 8.621143698692321777e-01 -3.186614513397216797e-01 -2.143995761871337891e-01 1.056354165077209473e+00 3.580947220325469971e-02 -7.288596630096435547e-01 4.940862581133842468e-02 4.908741414546966553e-01 -1.178040742874145508e+00 -6.253471970558166504e-02 -8.167208433151245117e-01 5.558567047119140625e-01 -4.369902312755584717e-01 1.552389375865459442e-02 3.601113557815551758e-01 -3.425475656986236572e-01 -6.494348049163818359e-01 6.980516761541366577e-02 4.882760345935821533e-01 1.622781038284301758e+00 1.820008009672164917e-01 -4.455461204051971436e-01 -1.063061952590942383e-01 -2.232551097869873047e+00 -1.962465643882751465e-01 -6.093194484710693359e-01 1.126631855964660645e+00 4.234932363033294678e-02 -1.296875476837158203e+00 -6.801986098289489746e-01 5.474829077720642090e-01 6.133943200111389160e-01 -9.315676093101501465e-01 -7.465448975563049316e-02 2.603759616613388062e-02
-2.147818565368652344e+00 1.655064374208450317e-01 1.161409497261047363e+00 6.733282804489135742e-01 6.524781584739685059e-01 -9.066963195800781250e-02 6.131200790405273438e-01 -4.413815215229988098e-02 2.609852254390716553e-01 -6.500021219253540039e-01 1.355872303247451782e-01 2.186439186334609985e-01 1.058312892913818359e+00 4.189169406890869141e-01 1.562605738639831543e+00 -4.086163267493247986e-02 -3.466152772307395935e-02 -1.062571406364440918e+00 3.296540081501007080e-01 1.060738086700439453e+00 6.905642896890640259e-02 4.773215204477310181e-02 -5.422528833150863647e-02 5.511883497238159180e-01 -7.913519144058227539e-01 -6.307129859924316406e-01 3.165059983730316162e-01 -5.284448862075805664e-01 3.245709180831909180e+00 1.297517180442810059e+00 3.659818470478057861e-01 5.614881515502929688e-01 2.850861847400665283e-01 6.775853037834167480e-02 -9.720053076744079590e-01 4.796389341354370117e-01 3.632900118827819824e-01 -2.268594801425933838e-01 6.342414021492004395e-02 2.560482323169708252e-01 1.028195977210998535e+00 -1.042677611112594604e-01 1.259652674198150635e-01 1.220562383532524109e-01 -2.135573178529739380e-01 3.094248473644256592e-01 2.179644554853439331e-01 3.503376245498657227e-02 -1.525182127952575684e+00 1.087203741073608398e+00 -3.705209493637084961e-01 2.896967828273773193e-01 1.966717988252639771e-01 -1.017176747322082520e+00 -5.568823218345642090e-01 1.367626991122961044e-02 1.780500560998916626e-01 -4.916099607944488525e-01 -1.824736297130584717e-01 6.009834408760070801e-01 9.784109592437744141e-01 -9.395997524261474609e-01 6.991277337074279785e-01 -1.000189129263162613e-02
5.095365047454833984e-01 3.181911110877990723e-01 -1.912002414464950562e-01 3.346750438213348389e-01 3.431783020496368408e-01 7.115563154220581055e-01 -7.205323316156864166e-03 -7.136237621307373047e-01 3.363060299307107925e-03 8.252679370343685150e-03 1.717290654778480530e-02 1.140804365277290344e-01 -6.506713032722473145e-01 1.721293330192565918e-01 7.100368142127990723e-01 4.031071364879608154e-01 5.094349980354309082e-01 7.511746883392333984e-01 4.951298832893371582e-01 -1.012333273887634277e+00 -1.227283850312232971e-01 1.646003425121307373e-01 -1.236307770013809204e-01 2.048830389976501465e-01 4.690915942192077637e-01 8.134586811065673828e-01 3.437000215053558350e-01 4.895371794700622559e-01 -4.483387172222137451e-01 -8.577340245246887207e-01 -6.153792515397071838e-02 2.479661852121353149e-01 -5.247624963521957397e-02 3.464343547821044922e-01 5.994139313697814941e-01 2.518683969974517822e-01 1.407198309898376465e-01 -2.535962164402008057e-01 1.102513745427131653e-01 -2.560150325298309326e-01 -4.495957493782043457e-01 3.977303206920623779e-01 -3.763539791107177734e-01 1.628960967063903809e-01 5.716344118118286133e-01 1.543287336826324463e-01 2.742483513429760933e-03 5.979626625776290894e-02 6.435358431190252304e-03 -1.289036989212036133e+00 4.231677949428558350e-01 4.363590478897094727e-01 1.246769547462463379e+00 5.072305798530578613e-01 3.288416266441345215e-01 5.070172995328903198e-02 5.110461115837097168e-01 1.230349391698837280e-01 1.058484166860580444e-01 -3.558029606938362122e-02 -1.101700440049171448e-01 2.450094521045684814e-01 1.547594517469406128e-01 -1.786011308431625366e-01
4.805402457714080811e-01 5.294437706470489502e-02 -2.513607740402221680e-01 4.292738437652587891e-01 2.742134034633636475e-01 6.014597415924072266e-01 8.442640304565429688e-02 -6.671779155731201172e-01 6.163593754172325134e-02 5.018245801329612732e-02 7.488378882408142090e-02 1.484187245368957520e-01 -7.402737140655517578e-01 2.541701197624206543e-01 6.958953738212585449e-01 3.380781710147857666e-01 4.842219352722167969e-01 6.303384900093078613e-01 4.342010617256164551e-01 -9.347468018531799316e-01 1.377335637807846069e-01 1.019640639424324036e-01 -1.011096537113189697e-01 -1.343465410172939301e-02 5.335020422935485840e-01 8.822612166404724121e-01 3.145200014114379883e-01 5.769473314285278320e-01 -3.956377804279327393e-01 -7.641712427139282227e-01 -1.965143680572509766e-01 2.788939177989959717e-01 -8.849094808101654053e-02 2.308784276247024536e-01 6.234675645828247070e-01 2.129216641187667847e-01 -2.082379069179296494e-08 -1.594210118055343628e-01 2.335281111299991608e-02 -4.965033233165740967e-01 -6.155089735984802246e-01 4.365982413291931152e-01 -4.334701001644134521e-01 1.010006368160247803e-01 5.602555274963378906e-01 1.027194410562515259e-01 1.276758406311273575e-02 7.823573052883148193e-02 -6.981617212295532227e-02 -1.275976777076721191e+00 3.893834948539733887e-01 2.206654697656631470e-01 1.167075991630554199e+00 3.852660357952117920e-01 2.346352040767669678e-01 -4.039987921714782715e-02 2.518742978572845459e-01 2.111881524324417114e-01 3.857488930225372314e-02 -2.163336724042892456e-01 -3.344118595123291016e-02 2.067277878522872925e-01 -3.019937500357627869e-02 8.794427663087844849e-02
-1.307233810424804688e+00 -4.393533170223236084e-01 7.312367558479309082e-01 -1.338246464729309082e-01 2.423070967197418213e-01 -2.352023273706436157e-01 1.367313414812088013e-01 6.610137224197387695e-01 -1.409516632556915283e-01 -1.095205470919609070e-01 6.428386569023132324e-01 -5.176672935485839844e-01 -1.014224141836166382e-01 -8.096680790185928345e-02 4.925666749477386475e-01 4.129054844379425049e-01 -2.675545215606689453e-01 -8.214798569679260254e-01 4.205888509750366211e-02 3.676760941743850708e-03 5.325978994369506836e-01 2.744874171912670135e-02 6.547791361808776855e-01 6.832625269889831543e-01 -2.298180311918258667e-01 -3.891668319702148438e-01 -2.355810850858688354e-01 -5.398142933845520020e-01 8.242837190628051758e-01 9.767866730690002441e-01 -5.948985368013381958e-02 -1.377766728401184082e-01 6.414168514311313629e-03 1.980769336223602295e-01 -3.214750587940216064e-01 8.989236950874328613e-01 4.141407310962677002e-01 2.040180116891860962e-01 8.242144584655761719e-01 1.854926347732543945e-01 3.929762840270996094e-01 2.859023585915565491e-02 7.483193278312683105e-02 -6.320103257894515991e-02 -7.015299052000045776e-02 -7.513342797756195068e-02 5.886933207511901855e-01 6.138639524579048157e-02 2.204144559800624847e-02 1.254771709442138672e+00 5.259327590465545654e-02 1.339076459407806396e-01 -4.726747572422027588e-01 -2.930160164833068848e-01 -2.052794098854064941e-01 7.635297626256942749e-02 -1.179511696100234985e-01 1.441855281591415405e-01 -4.720984697341918945e-01 -7.284589856863021851e-02 1.231373548507690430e+00 -3.220150470733642578e-01 -2.416993230581283569e-01 9.563263654708862305e-01
5.768983960151672363e-01 2.666499018669128418e-01 -1.695856153964996338e-01 3.738123178482055664e-01 4.055528640747070312e-01 6.961452960968017578e-01 -5.616266652941703796e-02 -7.908717393875122070e-01 1.238729357719421387e-01 5.216428078711032867e-03 3.009535185992717743e-02 1.676095128059387207e-01 -8.177782893180847168e-01 1.855884641408920288e-01 5.209729671478271484e-01 3.209586143493652344e-01 4.111330211162567139e-01 7.240513563156127930e-01 3.914027512073516846e-01 -1.138467073440551758e+00 3.156243124976754189e-03 -1.329700183123350143e-02 -8.310995995998382568e-02 1.162776648998260498e-01 6.600996851921081543e-01 8.951120376586914062e-01 3.795408010482788086e-01 4.662810266017913818e-01 -3.330265879631042480e-01 -1.011271357536315918e+00 -3.469045758247375488e-01 1.603335142135620117e-01 -8.808445930480957031e-02 2.956566214561462402e-01 4.608999192714691162e-01 1.296865642070770264e-01 8.268412202596664429e-03 -3.814035356044769287e-01 -5.243270844221115112e-02 -3.666151463985443115e-01 -4.319492280483245850e-01 4.566020071506500244e-01 -4.385928511619567871e-01 4.179117456078529358e-02 5.482897162437438965e-01 -6.793171167373657227e-02 -6.547589600086212158e-02 4.370046034455299377e-02 9.431112557649612427e-02 -1.307009935379028320e+00 2.697382867336273193e-01 3.362120687961578369e-01 1.228324890136718750e+00 4.815968871116638184e-01 3.449274003505706787e-01 -3.795121982693672180e-02 3.856655955314636230e-01 1.024702638387680054e-01 6.241225078701972961e-02 -2.458154112100601196e-01 -1.549215018749237061e-01 1.505744308233261108e-01 3.176607936620712280e-02 3.036939911544322968e-02
-8.799390792846679688e-01 7.865505218505859375e-01 -1.040625721216201782e-01 -2.203966379165649414e-01 -2.483670711517333984e-01 4.849195182323455811e-01 1.411096602678298950e-01 1.046117901802062988e+00 -4.288213253021240234e-01 1.525021672248840332e+00 1.157296970486640930e-01 7.545109987258911133e-01 -9.988753199577331543e-01 9.511902183294296265e-02 -1.039607882499694824e+00 1.713076531887054443e-01 3.554658889770507812e-01 4.420832693576812744e-01 9.296678751707077026e-02 1.043633580207824707e+00 4.691577330231666565e-02 2.600464820861816406e-01 5.779413506388664246e-02 4.939533025026321411e-02 4.684679582715034485e-02 4.618322849273681641e-01 -1.713462233543395996e+00 -8.295474648475646973e-01 2.624351024627685547e+00 9.243981838226318359e-01 3.241254687309265137e-01 3.577236831188201904e-01 1.598821520805358887e+00 1.612151414155960083e-01 -4.997264742851257324e-01 5.954201221466064453e-01 -3.854285776615142822e-01 1.346530914306640625e-01 -2.029097452759742737e-02 1.948800832033157349e-01 6.249505281448364258e-01 -4.333641529083251953e-01 -1.674596190452575684e+00 -1.118580922484397888e-01 -6.895932555198669434e-02 1.936880201101303101e-01 2.395899295806884766e-01 6.816999316215515137e-01 4.746999144554138184e-01 5.010163187980651855e-01 1.838497668504714966e-01 2.351452559232711792e-01 -1.719253897666931152e+00 9.100592732429504395e-01 -4.494606852531433105e-01 2.885232210159301758e+00 3.258094787597656250e-01 4.626004993915557861e-01 7.727552652359008789e-01 -2.187643051147460938e+00 2.797619581222534180e+00 -5.699375867843627930e-01 -3.070721775293350220e-02 -1.255620270967483521e-02
-8.262143135070800781e-01 -5.695810168981552124e-02 8.486150503158569336e-01 5.218913555145263672e-01 6.617965698242187500e-01 -2.099827826023101807e-01 7.192662954330444336e-01 4.094033837318420410e-01 4.569051563739776611e-01 -1.385314226150512695e+00 -2.207255689427256584e-03 1.328190714120864868e-01 1.081295490264892578e+00 2.073505163192749023e+00 1.268543004989624023e+00 -2.500140108168125153e-04 4.498662427067756653e-02 -1.187051415443420410e+00 3.510744571685791016e-01 1.716211318969726562e+00 -8.258365094661712646e-03 3.731263577938079834e-01 -7.627418730407953262e-03 4.437866508960723877e-01 -6.506382822990417480e-01 -6.745122671127319336e-01 1.075186431407928467e-01 -5.743251442909240723e-01 2.919629096984863281e+00 1.713701248168945312e+00 -8.574825525283813477e-02 5.590444207191467285e-01 4.016124829649925232e-02 -1.854251921176910400e-01 -9.222580194473266602e-01 4.553204476833343506e-01 1.401428580284118652e-01 2.259096503257751465e-01 1.315365284681320190e-01 2.742837965488433838e-01 9.394002556800842285e-01 -1.236856356263160706e-01 3.018410205841064453e-01 6.110941246151924133e-02 -7.634732872247695923e-03 2.647877670824527740e-02 6.073112040758132935e-02 -2.729376256465911865e-01 4.891533404588699341e-03 6.782163381576538086e-01 -4.894667118787765503e-02 1.814839392900466919e-01 -9.017463922500610352e-01 -6.984134197235107422e+00 -3.918535411357879639e-01 -2.527078986167907715e-01 1.191856265068054199e-01 -1.094041690230369568e-01 -2.390273846685886383e-02 4.450199306011199951e-01 2.024780273437500000e+00 -2.699692249298095703e-01 2.494179159402847290e-01 8.976442366838455200e-02
-4.500446915626525879e-01 -3.330042064189910889e-01 9.724782705307006836e-01 3.847120404243469238e-01 1.202214807271957397e-01 -2.499890029430389404e-01 3.341411352157592773e-01 1.188468933105468750e+00 1.274900734424591064e-01 -1.017051815986633301e+00 -2.899307385087013245e-02 -3.056331574916839600e-01 -3.304716944694519043e-01 1.088203266263008118e-01 -3.616704225540161133e+00 3.520464599132537842e-01 -2.210695892572402954e-01 -2.459764480590820312e+00 2.396838963031768799e-01 7.474302053451538086e-01 2.541209571063518524e-02 -8.060419559478759766e-02 -9.544246643781661987e-02 2.543408870697021484e-01 2.384048327803611755e-02 -8.894880115985870361e-02 -1.265993714332580566e-01 -5.125774145126342773e-01 4.170042276382446289e-02 8.253703713417053223e-01 7.237840294837951660e-01 4.662372767925262451e-01 -2.004642039537429810e-01 1.218372508883476257e-01 -6.967566013336181641e-01 2.235041558742523193e-01 -6.578889489173889160e-02 -4.428232610225677490e-01 -4.951043426990509033e-02 2.249117940664291382e-01 3.314527571201324463e-01 -4.176953434944152832e-01 1.330280117690563202e-02 -4.093880057334899902e-01 1.919398605823516846e-01 6.078627705574035645e-01 9.865026921033859253e-02 -1.332380175590515137e-01 1.326926231384277344e+00 3.464178740978240967e-01 -4.049834907054901123e-01 5.474037304520606995e-02 -4.335955619812011719e+00 -3.513044118881225586e-01 -9.645360112190246582e-01 -2.271051704883575439e-01 -9.207445383071899414e-02 -5.259044766426086426e-01 -4.811764657497406006e-01 6.878934502601623535e-01 6.831178069114685059e-01 -5.513190627098083496e-01 5.795720815658569336e-01 -5.547672510147094727e-02
3.496949076652526855e-01 1.708657294511795044e-01 -1.814298778772354126e-01 -1.056942641735076904e-01 3.279064595699310303e-01 3.934856355190277100e-01 -9.112831205129623413e-02 -6.185779571533203125e-01 -2.302374392747879028e-01 -1.150393605232238770e+00 6.904514878988265991e-02 -3.683432340621948242e-01 -1.292239546775817871e+00 6.206549704074859619e-02 2.999806106090545654e-01 6.028003096580505371e-01 1.602986752986907959e-01 5.646282434463500977e-01 3.134182393550872803e-01 -1.960503697395324707e+00 4.768627230077981949e-03 -1.414244771003723145e-01 1.906916052103042603e-01 -2.465295642614364624e-01 4.190975725650787354e-01 6.979697942733764648e-01 1.583013683557510376e-02 2.929392158985137939e-01 -1.474932432174682617e+00 -8.202837705612182617e-01 4.284684658050537109e-01 -1.537026371806859970e-02 -3.803544640541076660e-01 3.165840804576873779e-01 9.811528325080871582e-01 -6.281014531850814819e-02 1.096516996622085571e-01 -5.257722139358520508e-01 -9.721254557371139526e-02 -4.427678585052490234e-01 -6.027846932411193848e-01 1.763860136270523071e-01 -2.735920667648315430e+00 -6.214008107781410217e-02 2.852171659469604492e-01 1.359124928712844849e-01 1.365359574556350708e-01 -8.670237660408020020e-01 2.028046101331710815e-01 -1.306586861610412598e+00 2.983959019184112549e-01 3.929358124732971191e-01 1.096070528030395508e+00 3.036803603172302246e-01 3.797968029975891113e-01 -2.720572471618652344e+00 1.740027964115142822e-01 2.266603261232376099e-01 3.672166168689727783e-02 -4.761910736560821533e-01 5.289800763130187988e-01 2.046966254711151123e-01 -4.263697266578674316e-01 9.991318732500076294e-02
-9.226123690605163574e-01 -4.219717085361480713e-01 9.094024896621704102e-01 3.738463222980499268e-01 1.954810619354248047e-01 -1.471498906612396240e-01 2.472376078367233276e-01 -1.367485880851745605e+00 -1.008020620793104172e-02 9.675348401069641113e-01 -6.204171478748321533e-02 -1.968773454427719116e-01 1.944450885057449341e-01 -1.505172401666641235e-01 4.651950895786285400e-01 -2.240876406431198120e-01 -1.314003914594650269e-01 -1.066169142723083496e+00 4.084054753184318542e-02 9.655354619026184082e-01 2.919511198997497559e-01 1.304676234722137451e-01 9.510977566242218018e-02 1.036691367626190186e-01 -4.442159235477447510e-01 -3.972169756889343262e-01 -2.786919474601745605e-01 -8.830875754356384277e-01 6.422101855278015137e-01 8.299437165260314941e-01 1.970575332641601562e+00 1.857837289571762085e-01 -3.416310548782348633e-01 4.421964883804321289e-01 -1.960578083992004395e+00 5.113090872764587402e-01 -2.255663089454174042e-02 -6.584394723176956177e-02 1.973970383405685425e-01 5.065019726753234863e-01 2.796076536178588867e-01 -4.340631663799285889e-01 1.248227879405021667e-01 -3.517697006464004517e-02 -1.967102438211441040e-01 2.747719287872314453e-01 -7.057161629199981689e-02 -1.071504354476928711e-01 -2.015693783760070801e-01 1.599465370178222656e+00 -1.401281476020812988e+00 -2.047687619924545288e-01 -1.016878485679626465e+00 1.358698029071092606e-02 8.735600113868713379e-01 -1.094354271888732910e+00 -4.653771519660949707e-01 1.382464528083801270e+00 -5.675360560417175293e-01 1.069463789463043213e-01 1.067563652992248535e+00 -3.951319456100463867e-01 3.325102031230926514e-01 2.621713578701019287e-01
3.822428286075592041e-01 -7.639581710100173950e-02 -4.811819791793823242e-01 6.247442215681076050e-02 1.768572330474853516e-01 3.365078270435333252e-01 -8.302234858274459839e-02 -6.426469087600708008e-01 -4.415021538734436035e-01 -1.146119832992553711e-01 2.356441617012023926e-01 1.264385972172021866e-02 -9.832586646080017090e-01 1.599573642015457153e-01 3.247165679931640625e-01 2.275419533252716064e-01 2.175109237432479858e-01 3.113687634468078613e-01 5.806916952133178711e-02 -5.903750658035278320e-01 -2.522973716259002686e-02 -1.940478980541229248e-01 1.867886185646057129e-01 1.582103595137596130e-02 3.525661528110504150e-01 5.499863624572753906e-01 1.130571067333221436e-01 2.948268949985504150e-01 -2.865455150604248047e-01 -9.483194351196289062e-01 -1.969986222684383392e-02 1.109875738620758057e-01 -3.490907549858093262e-01 7.311256974935531616e-02 5.788937211036682129e-01 -1.127751264721155167e-02 -1.360674798488616943e-01 -4.461621344089508057e-01 9.930754452943801880e-02 -3.173651695251464844e-01 -4.537810385227203369e-01 7.287708576768636703e-04 -4.919290840625762939e-01 -1.609125882387161255e-01 2.362110614776611328e-01 -8.112496137619018555e-02 2.455814778804779053e-01 1.377310454845428467e-01 8.751022070646286011e-02 -1.044317245483398438e+00 7.470878958702087402e-02 1.103174760937690735e-01 1.149192333221435547e+00 4.797412157058715820e-01 6.582822203636169434e-01 2.256357818841934204e-01 1.271108388900756836e-01 -4.506229981780052185e-02 -1.456185579299926758e-01 -7.478293776512145996e-02 -2.830494642257690430e-01 -1.066283211112022400e-01 -6.502565741539001465e-02 9.109865128993988037e-02
3.783286511898040771e-01 1.475732773542404175e-01 -2.877016663551330566e-01 1.297220773994922638e-02 4.063183665275573730e-01 4.332669675350189209e-01 1.624007523059844971e-02 -6.254205703735351562e-01 -4.777584075927734375e-01 -7.531437277793884277e-01 1.857995241880416870e-01 7.526996079832315445e-03 -1.316430687904357910e+00 1.527507305145263672e-01 4.241892993450164795e-01 2.299614101648330688e-01 2.783139646053314209e-01 6.307870745658874512e-01 1.119509488344192505e-01 -1.400110125541687012e+00 1.253234744071960449e-01 -1.521930843591690063e-01 1.323560625314712524e-01 1.078106537461280823e-01 2.563685178756713867e-01 7.993488907814025879e-01 1.308678984642028809e-01 3.598948419094085693e-01 -3.095436096191406250e-01 -8.062540888786315918e-01 -1.513723731040954590e-01 7.641986012458801270e-02 -2.668615877628326416e-01 3.206097781658172607e-01 7.762053608894348145e-01 -2.379732578992843628e-01 -1.870238184928894043e-01 -6.024011969566345215e-01 9.151331335306167603e-02 -3.344668447971343994e-01 -5.436456203460693359e-01 1.728548109531402588e-01 -1.313751697540283203e+00 2.500762045383453369e-02 2.373075187206268311e-01 -2.238001972436904907e-01 1.920180618762969971e-01 -2.244509309530258179e-01 2.911189496517181396e-01 -1.140259146690368652e+00 8.180155605077743530e-02 2.695358693599700928e-01 1.278298616409301758e+00 4.037676155567169189e-01 1.356851696968078613e+00 -9.741463065147399902e-01 -8.930687792599201202e-03 -1.432388126850128174e-01 8.718698471784591675e-02 -4.906271100044250488e-01 6.446215510368347168e-01 1.961110532283782959e-01 -7.581346202641725540e-03 2.856006100773811340e-02
-3.070510149002075195e+00 1.299772039055824280e-02 8.455662727355957031e-01 6.154347062110900879e-01 7.403874397277832031e-01 -1.911613047122955322e-01 7.590012550354003906e-01 4.525091648101806641e-01 2.726320624351501465e-01 -1.990285962820053101e-01 -1.458127051591873169e-01 1.422594189643859863e-01 1.201531410217285156e+00 1.622756719589233398e+00 1.131163954734802246e+00 -2.500452101230621338e-01 6.653457880020141602e-02 -1.296931147575378418e+00 4.225841164588928223e-01 1.608112812042236328e+00 -7.744968682527542114e-02 1.356918811798095703e-01 -1.431816816329956055e-01 6.708526015281677246e-01 -8.213180899620056152e-01 -6.448634266853332520e-01 5.253671482205390930e-02 -5.702987909317016602e-01 3.458704710006713867e+00 1.503371238708496094e+00 4.004722535610198975e-01 5.944300293922424316e-01 2.765818238258361816e-01 -7.087077945470809937e-02 -1.108752608299255371e+00 4.021976292133331299e-01 1.399806439876556396e-01 -1.585761904716491699e-01 4.076163470745086670e-02 6.160960197448730469e-01 1.147442460060119629e+00 1.491580307483673096e-01 2.231100350618362427e-01 1.521144956350326538e-01 -1.733574867248535156e-01 1.281461417675018311e-01 1.470834575593471527e-02 -5.936847627162933350e-02 1.509790122509002686e-01 1.164586171507835388e-01 -2.267294675111770630e-01 3.646643459796905518e-01 -9.558476805686950684e-01 -4.149943828582763672e+00 -4.090271294116973877e-01 8.590343594551086426e-02 7.182687520980834961e-02 -3.432648777961730957e-01 3.847938776016235352e-02 3.351303637027740479e-01 1.195495486259460449e+00 -6.562196612358093262e-01 4.487266838550567627e-01 -2.469191094860434532e-03
5.279681086540222168e-01 1.326985359191894531e-01 -2.216158956289291382e-01 4.840802252292633057e-01 3.559762239456176758e-01 6.432844996452331543e-01 2.099816948175430298e-01 -7.111558318138122559e-01 2.878629416227340698e-02 9.252420067787170410e-02 -8.214455842971801758e-02 2.183182537555694580e-01 -8.579430580139160156e-01 1.077303439378738403e-01 6.805168986320495605e-01 3.977922797203063965e-01 5.664150714874267578e-01 6.474955081939697266e-01 5.070087909698486328e-01 -9.099642634391784668e-01 1.065478473901748657e-01 1.692542731761932373e-01 8.293989114463329315e-03 1.251043975353240967e-01 6.249741315841674805e-01 8.874474763870239258e-01 3.387035429477691650e-01 5.137931704521179199e-01 -4.905571937561035156e-01 -7.969542741775512695e-01 -2.912693619728088379e-01 1.853496134281158447e-01 -4.388403613120317459e-03 3.695093989372253418e-01 5.956376194953918457e-01 1.752929836511611938e-01 4.758032411336898804e-02 -2.216143757104873657e-01 -5.788927897810935974e-03 -4.739218950271606445e-01 -3.801341950893402100e-01 3.822039067745208740e-01 -2.505497038364410400e-01 6.172933429479598999e-02 5.535529851913452148e-01 1.711715757846832275e-01 3.755603358149528503e-02 1.392414420843124390e-01 -2.027894258499145508e-01 -1.435508728027343750e+00 3.858452141284942627e-01 4.411166608333587646e-01 1.279437780380249023e+00 5.821976661682128906e-01 2.673912644386291504e-01 4.055498167872428894e-02 4.752723872661590576e-01 1.755595803260803223e-01 3.261111974716186523e-01 -2.297423034906387329e-02 1.509347930550575256e-03 1.120839118957519531e-01 1.394523233175277710e-01 -4.306319355964660645e-02
-5.614840388298034668e-01 2.134046107530593872e-01 -8.202704787254333496e-01 4.331255853176116943e-01 6.878091692924499512e-01 -6.371961236000061035e-01 2.945140898227691650e-01 8.526772856712341309e-01 6.524258255958557129e-01 -4.401281774044036865e-01 9.586804360151290894e-02 3.740270435810089111e-01 3.540908992290496826e-01 -7.965692281723022461e-01 -1.366362571716308594e+00 1.314902454614639282e-01 -2.925420403480529785e-01 -1.417260646820068359e+00 -2.716435194015502930e-01 -3.359693527221679688e+00 -1.885134354233741760e-02 1.079730510711669922e+00 7.566833496093750000e-02 1.780285537242889404e-01 -5.514422655105590820e-01 -4.846160709857940674e-01 -4.019066393375396729e-01 -6.858783364295959473e-01 2.941968917846679688e+00 1.004974126815795898e+00 7.969688624143600464e-02 -2.078470289707183838e-01 -4.273000061511993408e-01 -4.774823188781738281e-01 -7.965912222862243652e-01 8.601068258285522461e-01 1.423669010400772095e-01 -2.022910833358764648e+00 -7.695983350276947021e-02 8.669982552528381348e-01 4.624409973621368408e-01 -4.968084096908569336e-01 4.658094346523284912e-01 -6.142163649201393127e-03 -8.215397000312805176e-01 -4.485289156436920166e-01 -2.197630330920219421e-02 3.995044827461242676e-01 -4.811318218708038330e-01 -5.631895065307617188e-01 -2.105071842670440674e-01 -3.575564920902252197e-01 -2.884899616241455078e+00 6.876997947692871094e-01 -1.311520695686340332e+00 2.806895375251770020e-01 2.372258752584457397e-01 -1.565739989280700684e+00 8.832789026200771332e-03 -7.025460004806518555e-01 3.087440013885498047e+00 2.359234094619750977e-01 -5.019969344139099121e-01 2.678459044545888901e-03
4.535436630249023438e-01 1.386861056089401245e-01 -2.617737650871276855e-01 3.102753460407257080e-01 3.704225718975067139e-01 5.245102047920227051e-01 4.142798855900764465e-02 -7.026087045669555664e-01 -1.123164668679237366e-01 5.579366534948348999e-02 -7.981126010417938232e-02 1.720456182956695557e-01 -7.630496025085449219e-01 1.362148672342300415e-01 5.325636863708496094e-01 2.323323190212249756e-01 3.351703882217407227e-01 4.818190634250640869e-01 1.484891027212142944e-01 -1.039398193359375000e+00 -8.011292666196823120e-02 7.208882272243499756e-02 1.155979186296463013e-01 1.136739701032638550e-01 3.940482735633850098e-01 8.339916467666625977e-01 2.863317131996154785e-01 5.013393759727478027e-01 -2.959189116954803467e-01 -7.175228595733642578e-01 -1.856195032596588135e-01 2.857457995414733887e-01 -1.666886359453201294e-01 2.554087936878204346e-01 6.145786046981811523e-01 5.782525241374969482e-02 -1.878849416971206665e-02 -3.051677942276000977e-01 1.322483122348785400e-01 -3.379371464252471924e-01 -5.871870517730712891e-01 2.565455138683319092e-01 -5.625662803649902344e-01 5.720685794949531555e-02 4.669494628906250000e-01 -3.448025882244110107e-02 5.162246059626340866e-03 1.183614730834960938e-01 -1.159261390566825867e-01 -1.290384888648986816e+00 2.795140147209167480e-01 3.808808922767639160e-01 1.146756887435913086e+00 4.655225276947021484e-01 3.339323401451110840e-01 -8.038010448217391968e-02 1.779510825872421265e-01 -5.934113636612892151e-02 2.113953232765197754e-01 -1.958310008049011230e-01 -2.505005300045013428e-01 6.657794117927551270e-02 -2.540956251323223114e-02 -4.202072974294424057e-03
7.210458070039749146e-02 1.438492089509963989e-01 -8.142650127410888672e-01 -3.157891705632209778e-02 -1.217445060610771179e-01 4.393528103828430176e-01 8.852728456258773804e-02 -7.420477867126464844e-01 -5.872450470924377441e-01 -1.345183402299880981e-01 5.475828796625137329e-02 -2.766296267509460449e-02 -1.285726428031921387e+00 -4.185898602008819580e-01 1.112281441688537598e+00 6.331709027290344238e-01 1.275226846337318420e-02 -2.321964502334594727e-01 -2.529180347919464111e-01 -1.627816706895828247e-01 3.773504495620727539e-02 -7.602788209915161133e-01 2.727172672748565674e-01 6.341226696968078613e-01 1.593692302703857422e-01 9.829557687044143677e-02 -5.667781829833984375e-02 1.010398417711257935e-01 -7.848712801933288574e-01 -1.147967576980590820e+00 -6.603358685970306396e-02 -2.354934364557266235e-01 -3.463858366012573242e-01 -2.954164445400238037e-01 7.839942574501037598e-01 -4.854808449745178223e-01 -3.468373715877532959e-01 -9.140564799308776855e-01 7.866369187831878662e-02 -4.157465100288391113e-01 -3.617025911808013916e-01 -3.574453294277191162e-02 -6.531088948249816895e-01 -5.816368460655212402e-01 -5.477083474397659302e-02 3.177176117897033691e-01 1.354330778121948242e-01 3.065474033355712891e-01 2.461072802543640137e-01 -1.586454391479492188e+00 -4.201608002185821533e-01 -3.967896103858947754e-02 1.728506207466125488e+00 3.564338013529777527e-02 1.331315040588378906e+00 -8.190967887639999390e-02 -2.790976502001285553e-02 -1.320574045181274414e+00 1.470196247100830078e-01 -2.563312649726867676e-01 1.283218413591384888e-01 -4.920963048934936523e-01 -2.565245628356933594e-01 1.721112243831157684e-02
-1.983827054500579834e-01 -4.619400799274444580e-01 9.754376411437988281e-01 2.198748290538787842e-01 7.238044738769531250e-01 -3.894321918487548828e-01 4.468351006507873535e-01 7.271031737327575684e-01 -3.976374398916959763e-03 3.506913781166076660e-01 3.093871660530567169e-02 -5.968257784843444824e-01 4.140324294567108154e-01 -3.367336839437484741e-02 9.134012460708618164e-01 -2.308955669403076172e+00 -2.114939242601394653e-01 -2.459245324134826660e-01 2.534754872322082520e-01 1.442137241363525391e+00 2.863623946905136108e-02 1.319750100374221802e-01 -8.404760062694549561e-02 -2.193980105221271515e-02 -1.059884298592805862e-02 -3.762288987636566162e-01 -6.847320497035980225e-02 -9.338487684726715088e-02 3.222044229507446289e+00 -6.870576143264770508e-01 -3.121331930160522461e-01 3.092116415500640869e-01 -4.489870965480804443e-01 1.067045107483863831e-01 -2.186434507369995117e+00 -5.043339729309082031e-01 1.176257491111755371e+00 4.726052284240722656e-01 -9.098287671804428101e-03 9.593156576156616211e-01 -3.627195656299591064e-01 -6.058560609817504883e-01 8.754164576530456543e-01 2.811384499073028564e-01 -1.633134633302688599e-01 -2.698589324951171875e+00 -1.759344339370727539e-01 -1.249867558479309082e+00 4.892649948596954346e-01 -8.717687129974365234e-01 -5.249115228652954102e-01 -4.767017364501953125e-01 2.039454579353332520e-01 -1.434103846549987793e-01 -6.345334053039550781e-01 -6.320725083351135254e-01 4.446115195751190186e-01 9.302200749516487122e-03 -2.693334519863128662e-01 1.048353552818298340e+00 1.118084669113159180e+00 -3.036563634872436523e+00 6.164590716361999512e-01 -1.748372316360473633e-01
-1.867288589477539062e+00 5.385205149650573730e-02 1.301788210868835449e+00 1.536156702786684036e-02 7.086833715438842773e-01 -1.063882350921630859e+00 4.699108600616455078e-01 -8.962882757186889648e-01 -1.332175433635711670e-01 -9.906851053237915039e-01 -5.603750422596931458e-02 3.295608460903167725e-01 -5.650347471237182617e-01 -1.947180628776550293e+00 -3.929676115512847900e-01 -5.133919715881347656e-01 -3.552533686161041260e-01 -6.280459165573120117e-01 -9.321480058133602142e-03 1.057371497154235840e+00 1.075487397611141205e-02 1.723766207695007324e+00 -2.530241943895816803e-02 2.716107368469238281e-01 -3.783421814441680908e-01 -3.542191684246063232e-01 2.031345665454864502e-01 -6.244274973869323730e-01 4.673904418945312500e+00 6.839261054992675781e-01 5.594992041587829590e-01 -8.006862998008728027e-01 3.416541218757629395e-01 -9.020025283098220825e-02 -9.155527353286743164e-01 3.062936544418334961e+00 2.318379282951354980e-01 3.782156467437744141e+00 5.544760078191757202e-02 5.853419899940490723e-01 9.686420559883117676e-01 -1.202294588088989258e+00 -2.506916224956512451e-01 7.623252272605895996e-01 -6.607441902160644531e-01 1.567679494619369507e-01 2.387939766049385071e-02 9.843724370002746582e-01 -1.352380365133285522e-01 1.574018448591232300e-01 -4.999544620513916016e-01 2.676544245332479477e-03 -3.748170852661132812e+00 -4.099242985248565674e-01 1.889088511466979980e+00 1.196332454681396484e+00 -1.591687649488449097e-01 2.237050533294677734e-01 2.782556414604187012e-01 -2.934440970420837402e-01 6.305035948753356934e-01 -3.263795852661132812e+00 -1.344500631093978882e-01 1.230246108025312424e-02
-3.863936662673950195e-01 -1.664669513702392578e-01 -1.713789105415344238e+00 -1.297765731811523438e+00 -5.410158038139343262e-01 8.309422433376312256e-02 -8.163110911846160889e-02 2.862156927585601807e-01 4.153971970081329346e-01 -2.065441608428955078e+00 -3.131727874279022217e-02 -4.458884894847869873e-01 6.051349043846130371e-01 -1.803827881813049316e-01 2.652738094329833984e+00 9.943977594375610352e-01 -3.937405943870544434e-01 1.293612837791442871e+00 3.423460721969604492e-01 -4.986143112182617188e-01 -1.253469381481409073e-03 8.032603859901428223e-01 -5.883024074137210846e-03 -1.698941439390182495e-01 5.291793942451477051e-01 9.228554368019104004e-01 -7.284573912620544434e-01 3.712011873722076416e-01 1.987698316574096680e+00 9.039691686630249023e-01 1.935027539730072021e-01 -7.209627628326416016e-01 -1.332453370094299316e+00 4.814186990261077881e-01 -3.461801111698150635e-01 4.984889626502990723e-01 -4.606889784336090088e-01 3.071904778480529785e-01 3.199671208858489990e-02 -4.267552793025970459e-01 -2.643918991088867188e-01 -6.045656204223632812e-01 1.565643668174743652e+00 -2.365387231111526489e-01 5.837876200675964355e-01 -3.841155171394348145e-01 2.593391761183738708e-02 3.819822669029235840e-01 2.833843529224395752e-01 2.186731845140457153e-01 4.832696169614791870e-02 2.868031263351440430e-01 4.758867740631103516e+00 -1.011711478233337402e+00 -7.465843558311462402e-01 -5.105276778340339661e-02 -5.874661207199096680e-01 3.026942722499370575e-02 -2.748910188674926758e-01 -6.782873719930648804e-02 -3.974941074848175049e-01 1.631058692932128906e+00 -1.220381975173950195e+00 3.980343043804168701e-02
4.702551364898681641e-01 2.135707139968872070e-01 -8.856420218944549561e-02 2.711353898048400879e-01 4.797357916831970215e-01 6.436035037040710449e-01 1.756760478019714355e-01 -7.347075939178466797e-01 -2.363484725356101990e-02 2.027946859598159790e-01 -8.728984743356704712e-02 2.207436859607696533e-01 -8.780715465545654297e-01 1.227117851376533508e-01 6.241661906242370605e-01 4.789895117282867432e-01 4.396092891693115234e-01 6.554628014564514160e-01 5.042645335197448730e-01 -9.202650785446166992e-01 -1.294945180416107178e-01 2.000296264886856079e-01 -1.077525615692138672e-01 9.702435135841369629e-02 4.988690614700317383e-01 8.726221919059753418e-01 3.569509983062744141e-01 5.318558216094970703e-01 -3.404245972633361816e-01 -7.131838202476501465e-01 -1.181411147117614746e-01 2.237350046634674072e-01 2.209496870636940002e-02 5.162423849105834961e-01 4.532333910465240479e-01 2.670672237873077393e-01 1.010956391692161560e-01 -6.733846664428710938e-02 1.806011050939559937e-02 -4.103612303733825684e-01 -4.342101216316223145e-01 4.883337616920471191e-01 -3.158813416957855225e-01 2.260288298130035400e-01 6.146739125251770020e-01 6.073063239455223083e-02 -1.887861825525760651e-02 4.999404400587081909e-02 -1.226914897561073303e-01 -1.144961595535278320e+00 5.543649792671203613e-01 4.441840052604675293e-01 1.183843970298767090e+00 5.383717417716979980e-01 4.661386311054229736e-01 9.569979459047317505e-02 3.985267579555511475e-01 6.104988232254981995e-02 2.730585932731628418e-01 -9.866093099117279053e-02 -8.124147425405681133e-04 3.074221014976501465e-01 6.500615924596786499e-02 -1.347602903842926025e-01
5.970010757446289062e-01 1.288007646799087524e-01 -2.359317988157272339e-01 4.019279181957244873e-01 3.446296453475952148e-01 7.412864565849304199e-01 2.401813678443431854e-02 -7.435967922210693359e-01 -1.166193373501300812e-02 1.259821802377700806e-01 -1.040577366948127747e-01 1.096676066517829895e-01 -8.309794664382934570e-01 2.451550215482711792e-01 5.168649554252624512e-01 3.937398791313171387e-01 3.350663483142852783e-01 6.291577816009521484e-01 4.299414455890655518e-01 -9.043888449668884277e-01 -5.798830464482307434e-02 5.197047069668769836e-02 2.752288430929183960e-02 -1.631959527730941772e-02 5.645282864570617676e-01 9.507486224174499512e-01 2.824109494686126709e-01 5.424659252166748047e-01 -4.439323246479034424e-01 -8.992595076560974121e-01 -3.256255388259887695e-01 1.292694360017776489e-01 -1.518722809851169586e-02 4.066272974014282227e-01 5.851592421531677246e-01 9.530648589134216309e-02 4.891012981534004211e-02 -3.217803239822387695e-01 1.779953762888908386e-02 -2.743898630142211914e-01 -4.141337871551513672e-01 4.444813132286071777e-01 -3.677965998649597168e-01 9.238473325967788696e-02 5.766960978507995605e-01 2.987420372664928436e-02 4.939962550997734070e-02 -2.175051905214786530e-02 -6.127988174557685852e-02 -1.436157345771789551e+00 3.725043237209320068e-01 3.235689401626586914e-01 1.323665738105773926e+00 5.639370083808898926e-01 3.227120339870452881e-01 8.285182714462280273e-02 2.575682103633880615e-01 2.110005356371402740e-02 2.082674056291580200e-01 -1.565447598695755005e-01 -1.093101054430007935e-01 6.845628470182418823e-02 -4.729400854557752609e-03 3.189149871468544006e-02
-2.827665805816650391e-01 4.156251549720764160e-01 7.556436061859130859e-01 8.287196755409240723e-01 3.188663721084594727e-01 -2.446053922176361084e-01 1.454371958971023560e-01 1.184650182723999023e+00 -1.070816874504089355e+00 8.332591056823730469e-01 -1.514147594571113586e-02 8.076338768005371094e-01 -3.024491965770721436e-01 2.880606055259704590e-01 -2.111966460943222046e-01 3.096641600131988525e-01 4.809908270835876465e-01 5.602439641952514648e-01 -7.378075271844863892e-02 7.552513480186462402e-01 -9.128949046134948730e-02 -1.469361186027526855e+00 -5.105400923639535904e-03 6.305416822433471680e-01 2.758958637714385986e-01 -1.492947041988372803e-01 -5.715107917785644531e-01 -1.659473776817321777e-01 2.714879989624023438e+00 7.570803761482238770e-01 3.115753829479217529e-01 9.335990548133850098e-01 9.986220598220825195e-01 -3.924672901630401611e-01 -4.948876798152923584e-01 8.024032711982727051e-01 1.307084858417510986e-01 -1.583852529525756836e+00 -6.958872079849243164e-02 1.737929731607437134e-01 4.187380373477935791e-01 -3.472018718719482422e+00 -1.148942589759826660e+00 -4.393000006675720215e-01 -1.761508584022521973e-01 -1.933401226997375488e-01 6.081909686326980591e-02 2.205491065979003906e+00 6.304525732994079590e-01 7.344415783882141113e-01 -7.231661677360534668e-01 -1.676802895963191986e-02 -1.306401014328002930e+00 5.655983090400695801e-01 -1.621359944343566895e+00 -2.769001126289367676e-01 2.896991372108459473e-01 1.179239392280578613e+00 5.962101221084594727e-01 2.209177054464817047e-02 -2.649739682674407959e-01 -8.653349876403808594e+00 -2.994746863842010498e-01 7.023282349109649658e-02
-1.252558827400207520e-01 4.774795472621917725e-01 -5.374861955642700195e-01 2.049895748496055603e-02 -2.348063290119171143e-01 1.177057027816772461e-01 -3.565386235713958740e-01 1.287503123283386230e+00 5.116728544235229492e-01 1.681481361389160156e+00 7.434531450271606445e-01 3.301781713962554932e-01 -3.833363056182861328e-01 -4.851949214935302734e-01 2.850693941116333008e+00 -5.622919797897338867e-01 3.612779080867767334e-01 -1.452305465936660767e-01 -7.099166512489318848e-01 2.290499687194824219e+00 5.851138830184936523e-01 3.766993880271911621e-01 5.614868402481079102e-01 6.281289458274841309e-01 -8.517947793006896973e-01 -3.565463721752166748e-01 -1.208375930786132812e+00 -7.474050521850585938e-01 2.247023582458496094e+00 6.523697972297668457e-01 1.158916726708412170e-01 6.395485401153564453e-01 9.385613203048706055e-01 -7.759945392608642578e-01 -8.811627030372619629e-01 3.097219169139862061e-01 2.914112806320190430e-02 -6.792782545089721680e-01 3.358195126056671143e-01 2.768966257572174072e-01 -1.089212968945503235e-01 -1.046275019645690918e+00 4.030800461769104004e-01 -2.244087159633636475e-01 -2.410518229007720947e-01 -1.091233640909194946e-01 7.747515439987182617e-01 1.667531371116638184e+00 -7.717880606651306152e-01 1.284231781959533691e+00 -3.861545622348785400e-01 -4.249460399150848389e-01 -8.510427474975585938e-01 -3.241016566753387451e-01 -3.174305200576782227e+00 5.741911530494689941e-01 -2.612522542476654053e-01 1.954896152019500732e-01 1.378140598535537720e-01 -2.574140787124633789e+00 -8.733004927635192871e-01 5.634443759918212891e-01 -1.118059992790222168e+00 4.996055662631988525e-01
3.644379079341888428e-01 1.429517753422260284e-02 -2.766391038894653320e-01 3.127827942371368408e-01 2.955146729946136475e-01 6.602410078048706055e-01 -5.711377598345279694e-03 -6.525363922119140625e-01 8.453278988599777222e-02 6.989653408527374268e-02 -8.798099006526172161e-04 1.048072576522827148e-01 -7.657796740531921387e-01 1.323276162147521973e-01 6.559311151504516602e-01 4.114099144935607910e-01 2.437532097101211548e-01 4.479136765003204346e-01 3.081358969211578369e-01 -9.002342820167541504e-01 1.644737124443054199e-01 -6.082044541835784912e-02 1.525257825851440430e-01 2.715810574591159821e-02 6.193355321884155273e-01 8.465343713760375977e-01 1.949368566274642944e-01 4.707948863506317139e-01 -2.874151468276977539e-01 -8.449753522872924805e-01 -2.681772410869598389e-01 2.670909464359283447e-01 -2.852242290973663330e-01 3.818854391574859619e-01 5.747382640838623047e-01 1.507477313280105591e-01 5.640565417706966400e-03 -2.002039104700088501e-01 -1.919289492070674896e-02 -4.789935648441314697e-01 -6.512321829795837402e-01 2.190077900886535645e-01 -5.555784702301025391e-01 5.248106271028518677e-02 4.318888485431671143e-01 -1.067549809813499451e-01 1.498327851295471191e-01 -1.485938951373100281e-02 -1.071705948561429977e-02 -1.183450937271118164e+00 3.980536162853240967e-01 2.839393019676208496e-01 1.296599984169006348e+00 4.808817505836486816e-01 5.581233501434326172e-01 -4.966261610388755798e-02 1.706311553716659546e-01 9.641052782535552979e-02 1.851419359445571899e-02 -9.980169683694839478e-02 -1.219305321574211121e-01 -1.097734272480010986e-02 -9.173199534416198730e-02 7.612443529069423676e-03
3.975462019443511963e-01 1.435061991214752197e-01 -6.812722980976104736e-02 2.055598050355911255e-01 4.937475025653839111e-01 6.866761445999145508e-01 1.942557841539382935e-01 -6.285502910614013672e-01 1.142023801803588867e-01 9.077996015548706055e-02 7.317167520523071289e-02 2.622735500335693359e-01 -8.094590306282043457e-01 7.765801995992660522e-02 5.921441912651062012e-01 2.509123980998992920e-01 3.314296305179595947e-01 6.892661452293395996e-01 2.866767644882202148e-01 -8.927414417266845703e-01 2.101884782314300537e-02 -1.638311706483364105e-02 1.004607826471328735e-01 -9.929621592164039612e-03 4.292292892932891846e-01 9.145132303237915039e-01 2.791028916835784912e-01 5.776402950286865234e-01 -1.993921250104904175e-01 -8.640469312667846680e-01 -2.965893745422363281e-01 3.090685307979583740e-01 -1.209808513522148132e-01 4.430755376815795898e-01 5.061798095703125000e-01 1.818391233682632446e-01 1.949299313127994537e-02 -2.539257705211639404e-01 -1.063066720962524414e-02 -3.900603055953979492e-01 -5.140644311904907227e-01 2.826355695724487305e-01 -4.045377969741821289e-01 1.833997368812561035e-01 5.231736898422241211e-01 1.263659745454788208e-01 1.965701580047607422e-02 -3.567956015467643738e-02 -1.264798790216445923e-01 -1.301294803619384766e+00 2.560876905918121338e-01 2.312263995409011841e-01 1.251945853233337402e+00 5.481094717979431152e-01 5.972371697425842285e-01 7.792490720748901367e-02 3.393538594245910645e-01 7.107912003993988037e-02 2.231230735778808594e-01 -1.299452185630798340e-01 -1.691279858350753784e-01 2.248058617115020752e-01 1.468116939067840576e-01 -7.079436630010604858e-02
4.575702548027038574e-01 6.222860515117645264e-02 -1.808250546455383301e-01 1.858675181865692139e-01 3.253945708274841309e-01 5.399588942527770996e-01 -5.147494375705718994e-02 -7.115042209625244141e-01 -2.195644229650497437e-01 5.338067188858985901e-02 9.091489017009735107e-02 -1.165170222520828247e-02 -1.046733498573303223e+00 2.336727678775787354e-01 5.457100272178649902e-01 2.616265714168548584e-01 3.724079132080078125e-01 6.374256610870361328e-01 3.237121701240539551e-01 -9.125132560729980469e-01 3.162164241075515747e-02 1.740518771111965179e-02 5.829189717769622803e-02 1.240222677588462830e-01 4.934239089488983154e-01 7.685995101928710938e-01 2.631133198738098145e-01 5.430642366409301758e-01 -4.404564499855041504e-01 -9.606876969337463379e-01 -2.671714425086975098e-01 2.087548524141311646e-01 -1.043342500925064087e-01 3.054094910621643066e-01 4.967852830886840820e-01 1.294433474540710449e-01 8.945505321025848389e-02 -2.656683623790740967e-01 1.458289027214050293e-01 -3.458051979541778564e-01 -6.078932285308837891e-01 8.954437822103500366e-02 -6.168295145034790039e-01 2.889829315245151520e-02 3.757255375385284424e-01 9.417445957660675049e-02 -5.117874965071678162e-02 -6.374026834964752197e-02 1.088845655322074890e-01 -1.235171914100646973e+00 2.743597328662872314e-01 2.575359344482421875e-01 1.235299110412597656e+00 4.902347326278686523e-01 3.969378173351287842e-01 -1.410967111587524414e-01 3.254497647285461426e-01 4.208194464445114136e-02 4.818302765488624573e-02 -2.712598070502281189e-02 -6.182308122515678406e-02 5.056766327470541000e-03 5.295098200440406799e-02 2.095683477818965912e-02
4.003878235816955566e-01 2.560110986232757568e-01 -1.371929328888654709e-02 4.979755580425262451e-01 4.262926280498504639e-01 8.149143457412719727e-01 4.418719932436943054e-02 -7.319357991218566895e-01 1.732234358787536621e-01 2.319766134023666382e-01 -2.373347245156764984e-02 2.727260589599609375e-01 -8.073191642761230469e-01 2.227104306221008301e-01 7.103707194328308105e-01 3.062586784362792969e-01 5.566977858543395996e-01 6.557288169860839844e-01 4.147709608078002930e-01 -1.037891149520874023e+00 -2.964713238179683685e-02 1.747365146875381470e-01 -1.589353978633880615e-01 3.694274276494979858e-02 4.999014437198638916e-01 8.395424485206604004e-01 4.396522939205169678e-01 6.848814487457275391e-01 -2.707050740718841553e-01 -7.559546828269958496e-01 -2.532717585563659668e-01 2.289087772369384766e-01 8.700730651617050171e-02 3.987605273723602295e-01 5.897675156593322754e-01 1.814287006855010986e-01 1.789729595184326172e-01 -2.777563929557800293e-01 7.503819465637207031e-02 -4.195878803730010986e-01 -5.269390344619750977e-01 4.365705847740173340e-01 -2.617253065109252930e-01 7.363396883010864258e-02 5.824885964393615723e-01 1.798062473535537720e-01 7.958669215440750122e-02 1.783568114042282104e-01 1.018436392769217491e-03 -1.263759732246398926e+00 4.325731694698333740e-01 4.374966621398925781e-01 1.329688191413879395e+00 4.755935370922088623e-01 4.391333162784576416e-01 1.071401685476303101e-01 3.902981579303741455e-01 1.337913870811462402e-01 2.683475613594055176e-01 -8.741921931505203247e-02 8.128830790519714355e-02 1.470707654953002930e-01 -2.503245836123824120e-03 -1.411739643663167953e-02
5.458498001098632812e-01 2.748105823993682861e-01 -6.634370982646942139e-02 3.160865604877471924e-01 4.617858827114105225e-01 6.365392208099365234e-01 -1.447696518152952194e-02 -7.002836465835571289e-01 5.955587700009346008e-02 1.589192301034927368e-01 -5.281565338373184204e-02 2.088249176740646362e-01 -8.087560534477233887e-01 2.917054891586303711e-01 5.930714011192321777e-01 3.497411310672760010e-01 3.917233645915985107e-01 5.796809196472167969e-01 3.275998234748840332e-01 -1.014099836349487305e+00 -2.804120443761348724e-02 1.937087178230285645e-01 -1.293914765119552612e-01 1.745717376470565796e-01 5.773755908012390137e-01 8.346852064132690430e-01 3.058232069015502930e-01 4.734475910663604736e-01 -3.007259964942932129e-01 -9.305039048194885254e-01 -2.610893249511718750e-01 1.311959922313690186e-01 -2.111806720495223999e-01 4.665230512619018555e-01 6.205773353576660156e-01 1.353975683450698853e-01 2.279442176222801208e-02 -1.810078620910644531e-01 -9.143224358558654785e-02 -4.479205906391143799e-01 -5.809333324432373047e-01 2.995984554290771484e-01 -4.316202402114868164e-01 1.895701140165328979e-01 4.592731297016143799e-01 1.462328713387250900e-03 2.347934432327747345e-02 6.298859417438507080e-02 3.536941111087799072e-02 -1.379549503326416016e+00 4.629271328449249268e-01 4.356928765773773193e-01 1.209103822708129883e+00 4.702298641204833984e-01 3.995701074600219727e-01 1.766261011362075806e-01 4.542457759380340576e-01 5.413001403212547302e-02 1.909094005823135376e-01 -1.816267073154449463e-01 -1.173732578754425049e-01 8.340039849281311035e-02 1.102078482508659363e-01 -9.085691720247268677e-02
