-2.256006561219692230e-02
1.220879107713699341e-01
1.533408164978027344e-01
1.043571457266807556e-01
1.033867955207824707e+00
7.924394011497497559e-01
-5.179783701896667480e-01
7.695450782775878906e-01
-5.995256081223487854e-02
5.843298882246017456e-02
1.277092844247817993e-01
5.231338143348693848e-01
-1.086088344454765320e-01
5.609604120254516602e-01
5.184826254844665527e-01
2.254101932048797607e-01
1.016584753990173340e+00
-2.089250981807708740e-01
8.416970372200012207e-01
4.195634126663208008e-01
1.710473299026489258e-01
9.415048360824584961e-02
-8.785478472709655762e-01
9.398473501205444336e-01
8.089054822921752930e-01
4.026521742343902588e-01
-6.206361651420593262e-01
6.482974886894226074e-01
8.513585329055786133e-01
6.363118290901184082e-01
9.948329925537109375e-01
9.308543205261230469e-01
