-2.081002146005630493e-01
-1.014918088912963867e+00
-8.394612669944763184e-01
-4.489485323429107666e-01
-9.184485673904418945e-01
-2.051567658782005310e-02
6.475504636764526367e-01
-5.760394334793090820e-01
-1.004227176308631897e-01
-1.207115650177001953e+00
1.225381866097450256e-01
-8.665651082992553711e-02
-4.817342162132263184e-01
6.185626983642578125e-01
-9.880804270505905151e-02
1.855021715164184570e-01
-9.278714060783386230e-01
-8.066022992134094238e-01
-7.618914246559143066e-01
-1.023369561880826950e-02
8.301750570535659790e-02
-2.734191417694091797e-01
1.209911108016967773e+00
-4.395042657852172852e-01
-8.718920350074768066e-01
7.952053546905517578e-01
-8.473456501960754395e-01
-4.457913339138031006e-01
1.771351695060729980e-02
-1.417333245277404785e+00
8.931968212127685547e-01
1.233046352863311768e-01
5.714715719223022461e-01
-9.350370764732360840e-01
-2.577080726623535156e-01
-2.732397317886352539e-01
-5.470395088195800781e-01
5.167677402496337891e-01
5.985220670700073242e-01
-4.068042933940887451e-01
1.476610660552978516e+00
6.577229499816894531e-01
8.986376225948333740e-02
-3.627253174781799316e-01
3.597902953624725342e-01
3.977877795696258545e-01
-7.623328566551208496e-01
3.823353946208953857e-01
-4.885207116603851318e-01
-1.934294700622558594e-01
1.337393522262573242e-01
-1.244173794984817505e-01
8.942326903343200684e-01
-4.909293055534362793e-01
5.625190734863281250e-01
3.848654925823211670e-01
-2.396585941314697266e-01
-9.774038195610046387e-01
5.757006406784057617e-01
-1.718078851699829102e-01
8.952293395996093750e-01
1.979074180126190186e-01
-1.000366806983947754e+00
1.601838767528533936e-01
