-1.480473726987838745e-01 6.682195663452148438e-01 4.807539582252502441e-01 6.244336962699890137e-01 -3.832477033138275146e-01 1.037868037819862366e-01 6.293290257453918457e-01 -1.623174250125885010e-01
3.661697506904602051e-01 -1.111425042152404785e+00 4.673791229724884033e-01 -1.184052109718322754e+00 -7.185300439596176147e-02 5.177375078201293945e-01 -9.974748827517032623e-03 1.552812196314334869e-02
1.710162401199340820e+00 -1.609919071197509766e-01 -4.161045253276824951e-01 4.600931406021118164e-01 3.748140633106231689e-01 -3.666097521781921387e-01 -8.875235319137573242e-01 4.625026136636734009e-02
-3.982796967029571533e-01 1.111268810927867889e-02 -3.326396942138671875e-01 7.548638433218002319e-02 -8.211708068847656250e-02 -1.637123376131057739e-01 -2.123118042945861816e-01 2.834788709878921509e-02
-5.071001052856445312e-01 4.387125074863433838e-01 -7.889987826347351074e-01 1.120561063289642334e-01 1.207210063934326172e+00 -7.487796992063522339e-02 4.888437092304229736e-01 -3.396097719669342041e-01
-1.099395990371704102e+00 3.822446465492248535e-01 -9.588971734046936035e-01 -8.247945457696914673e-03 -1.989468038082122803e-01 2.132159471511840820e-01 3.954869508743286133e-01 1.498532574623823166e-02
-1.305777311325073242e+00 1.966120898723602295e-01 -1.118616461753845215e+00 5.428977012634277344e-01 -7.490931749343872070e-01 2.958947718143463135e-01 -5.649477839469909668e-01 -1.277626603841781616e-01
1.062531769275665283e-01 -1.419335365295410156e+00 1.921899914741516113e-01 -1.086627244949340820e+00 -1.633164659142494202e-02 1.798233836889266968e-01 -4.282436966896057129e-01 -5.652063339948654175e-02
6.749812513589859009e-02 2.483467310667037964e-01 1.378947645425796509e-01 -2.827980220317840576e-01 -7.785946875810623169e-02 -4.667778313159942627e-02 -3.849510475993156433e-02 2.250498393550515175e-03
6.717354655265808105e-01 -6.617566347122192383e-01 5.620715022087097168e-01 -5.545718669891357422e-01 4.562812745571136475e-01 -4.013482015579938889e-03 6.074361875653266907e-02 -1.199562847614288330e-02
-1.180724859237670898e+00 3.476119637489318848e-01 -3.597987890243530273e-01 -6.231328472495079041e-02 1.815389543771743774e-01 2.053956314921379089e-02 3.410794138908386230e-01 -6.828218698501586914e-02
1.819400931708514690e-03 -2.385908663272857666e-01 -9.987807273864746094e-02 2.315847575664520264e-01 6.878538429737091064e-02 -6.587769836187362671e-03 3.961864858865737915e-03 -9.612078778445720673e-03
-5.761614441871643066e-01 -8.838731646537780762e-01 2.982070744037628174e-01 -7.404504418373107910e-01 2.720506787300109863e-01 6.026380658149719238e-01 5.681636929512023926e-01 -2.933996543288230896e-02
3.531560674309730530e-02 -1.646757572889328003e-01 2.922629117965698242e-01 -1.723393239080905914e-02 -6.586409360170364380e-02 3.234029933810234070e-02 -1.090230420231819153e-01 8.616752922534942627e-02
-4.341097176074981689e-02 2.931938767433166504e-01 -9.073459357023239136e-02 -2.820557951927185059e-01 6.221516057848930359e-02 1.114565227180719376e-02 -3.213203046470880508e-03 6.846876814961433411e-03
1.948051601648330688e-01 1.138011831790208817e-02 -6.925754994153976440e-02 -1.511192619800567627e-01 1.248773932456970215e-01 2.960379235446453094e-03 -1.721231788396835327e-01 1.681076548993587494e-02
1.155555963516235352e+00 3.909696638584136963e-01 -1.397448658943176270e+00 4.282493144273757935e-02 4.650246500968933105e-01 -4.152938723564147949e-01 -7.258361577987670898e-02 -1.291388273239135742e-01
-9.059901833534240723e-01 -3.035631477832794189e-01 -4.124982059001922607e-01 3.517925143241882324e-01 -1.618644833564758301e+00 -1.405454054474830627e-02 2.250608056783676147e-01 -7.011416368186473846e-03
-2.431164830923080444e-01 -9.358969926834106445e-01 -8.238143324851989746e-01 -3.527278602123260498e-01 -8.466054797172546387e-01 -2.622404992580413818e-01 -2.281582206487655640e-01 2.728631906211376190e-02
-2.089567482471466064e-01 -3.171719312667846680e-01 -7.565125823020935059e-01 -2.857252061367034912e-01 -6.051965355873107910e-01 -1.441374719142913818e-01 -1.062890052795410156e+00 -7.041494548320770264e-02
-1.070075273513793945e+00 2.269916087388992310e-01 2.117491215467453003e-01 1.757615208625793457e-01 8.927972987294197083e-03 -1.582438498735427856e-01 1.035251498222351074e+00 -4.133806098252534866e-03
-1.502650618553161621e+00 -1.250173598527908325e-01 2.398810535669326782e-01 1.127425655722618103e-01 2.126145362854003906e-02 3.194971680641174316e-01 -3.428582847118377686e-01 -5.974426167085766792e-04
-1.189637780189514160e+00 -4.984179139137268066e-01 -5.012704730033874512e-01 -1.578912585973739624e-01 -4.177815914154052734e-01 7.628499716520309448e-02 -4.621513560414314270e-02 3.622977063059806824e-03
3.147257864475250244e-01 -2.847559154033660889e-01 -5.176149010658264160e-01 -3.920164108276367188e-01 4.488426446914672852e-01 -7.050726413726806641e-01 -1.307304859161376953e+00 -3.334282040596008301e-01
7.962759137153625488e-01 1.073313653469085693e-01 1.314932703971862793e+00 -8.619956672191619873e-02 4.281851276755332947e-02 7.709348946809768677e-02 2.024143375456333160e-02 -7.644338998943567276e-03
3.880331814289093018e-01 -5.998432636260986328e-01 -2.428278774023056030e-01 -2.662058174610137939e-01 1.744759827852249146e-01 1.060908317565917969e+00 -1.257482799701392651e-04 2.114994227886199951e-01
-4.684837758541107178e-01 -1.294391304254531860e-01 -7.744279503822326660e-01 -4.412385076284408569e-02 -3.799398243427276611e-02 -3.216757178306579590e-01 -5.405651330947875977e-01 -1.287142753601074219e+00
-1.277893424034118652e+00 4.044117331504821777e-01 -1.322720408439636230e+00 6.131660938262939453e-02 -2.481968253850936890e-01 -5.032300204038619995e-02 -9.200813174247741699e-01 7.139409333467483521e-02
8.462265133857727051e-01 -7.807402610778808594e-01 -9.959252178668975830e-02 -6.841020584106445312e-01 4.134545028209686279e-01 4.364836812019348145e-01 -5.807862877845764160e-01 -9.595423191785812378e-02
3.992123901844024658e-01 -6.073064357042312622e-02 8.934016227722167969e-01 1.316816825419664383e-02 3.766969144344329834e-01 3.538729622960090637e-03 7.459919452667236328e-01 1.194411236792802811e-02
1.013417005538940430e+00 -6.904280185699462891e-01 -5.751245617866516113e-01 -8.291502594947814941e-01 -5.355111360549926758e-01 3.220742940902709961e-02 -1.842736959457397461e+00 -1.419431623071432114e-02
9.978706389665603638e-02 5.507995560765266418e-02 2.350659966468811035e-01 -1.227072104811668396e-01 -1.749025285243988037e-01 3.112296573817729950e-03 -6.284479796886444092e-02 6.771417334675788879e-03
-3.516931533813476562e-01 9.335178881883621216e-02 -1.430448412895202637e+00 -8.167129009962081909e-02 1.953723132610321045e-01 6.345486640930175781e-01 -3.982377052307128906e-01 2.052106894552707672e-02
8.096152544021606445e-01 -5.896409153938293457e-01 -6.961907148361206055e-01 -2.977015972137451172e-01 1.262439489364624023e+00 -4.811793267726898193e-01 1.556099504232406616e-01 1.424946188926696777e-01
-3.206000030040740967e-01 1.652487218379974365e-01 9.186177700757980347e-02 1.534842848777770996e-01 2.160351574420928955e-01 6.291540712118148804e-02 1.064505893737077713e-02 4.112565815448760986e-01
6.757875531911849976e-02 -3.668588697910308838e-01 -1.669891953468322754e+00 -5.656864866614341736e-02 -7.592346668243408203e-01 1.551218628883361816e-01 -5.996844172477722168e-01 -3.787908330559730530e-02
-1.146360397338867188e+00 1.862286925315856934e-01 8.796934038400650024e-02 4.471116065979003906e-01 -3.320759832859039307e-01 2.660847306251525879e-01 4.017263054847717285e-01 1.971051283180713654e-02
7.434768080711364746e-01 -8.318707346916198730e-01 2.333303242921829224e-01 -7.268252372741699219e-01 2.737225890159606934e-01 -2.363415658473968506e-01 -7.713751867413520813e-03 6.709428131580352783e-02
7.500064373016357422e-02 -9.474717825651168823e-02 -2.832080364227294922e+00 -4.632062017917633057e-01 -5.692549943923950195e-01 5.150114297866821289e-01 6.368508934974670410e-01 -1.281393785029649734e-02
1.335456818342208862e-01 5.428125858306884766e-01 8.045322895050048828e-01 1.143812667578458786e-02 2.508534193038940430e-01 3.894500434398651123e-02 9.922911524772644043e-01 5.117170885205268860e-02
-2.239569723606109619e-01 -4.402102231979370117e-01 -7.586989998817443848e-01 -2.307045906782150269e-01 1.067607104778289795e-01 8.414337635040283203e-01 5.665886774659156799e-02 3.330060839653015137e-02
7.565005123615264893e-02 -2.002404779195785522e-01 -3.400074005126953125e+00 3.999561443924903870e-02 -1.555946230888366699e+00 -4.408781602978706360e-02 -1.368081122636795044e-01 2.508038468658924103e-02
2.763475775718688965e-01 -2.081642597913742065e-01 -3.965159058570861816e-01 6.471176445484161377e-02 5.625958442687988281e-01 -1.223188359290361404e-02 -1.896908134222030640e-01 -1.936678588390350342e-02
-1.944020986557006836e-01 1.793121844530105591e-01 -3.230417251586914062e+00 -2.440283596515655518e-01 1.796747595071792603e-01 2.952409442514181137e-03 3.211776018142700195e-01 1.710784272290766239e-04
-2.974877357482910156e-01 -5.285862833261489868e-02 8.913990110158920288e-02 3.932159394025802612e-02 6.525193452835083008e-01 2.637592889368534088e-02 1.172537446022033691e+00 -4.848866164684295654e-02
-4.389932155609130859e-01 -3.792250156402587891e-01 -3.223246335983276367e+00 -5.995285511016845703e-02 1.021194159984588623e-01 1.205990556627511978e-02 1.935727708041667938e-02 1.206521061249077320e-03
4.716294109821319580e-01 -2.423772066831588745e-01 2.666390836238861084e-01 -2.726305723190307617e-01 1.838708072900772095e-01 -7.222455739974975586e-02 -3.485314846038818359e-01 1.108370199799537659e-01
-1.191390514373779297e+00 1.289609670639038086e-01 -9.698814153671264648e-01 4.050534367561340332e-01 -6.274541020393371582e-01 -5.874692201614379883e-01 -6.256094574928283691e-01 1.210095733404159546e-01
7.717131823301315308e-02 1.017121791839599609e+00 8.191218972206115723e-01 8.450487852096557617e-01 3.008437454700469971e-01 -3.608767092227935791e-01 -2.495039254426956177e-01 -1.015896424651145935e-01
-1.175592899322509766e+00 4.882588684558868408e-01 1.350485086441040039e-01 -2.534563280642032623e-02 -9.430283680558204651e-03 2.670640945434570312e-01 1.007856726646423340e+00 3.944432362914085388e-03
1.479146718978881836e+00 -5.203895568847656250e-01 -2.934907078742980957e-01 -9.359706938266754150e-02 4.812628328800201416e-01 2.277085781097412109e-01 -7.826173305511474609e-01 -2.792524639517068863e-03
1.505238818936049938e-03 -6.724003702402114868e-02 -4.870947916060686111e-03 8.363272994756698608e-03 -6.752271950244903564e-02 -6.110300309956073761e-03 -8.060935884714126587e-03 1.972957327961921692e-02
-6.047834176570177078e-04 -2.662263810634613037e-01 -2.532328367233276367e-01 3.061141632497310638e-02 4.703406691551208496e-01 -4.425412043929100037e-02 -2.135629355907440186e-01 -5.138179659843444824e-02
7.779293060302734375e-01 4.012979865074157715e-01 1.092919707298278809e+00 5.867527127265930176e-01 4.482628703117370605e-01 -1.540529131889343262e-01 -1.672445833683013916e-01 1.291588693857192993e-01
-3.070541918277740479e-01 -5.270841717720031738e-02 -9.202097654342651367e-01 2.231997996568679810e-01 2.253303825855255127e-01 -1.636882722377777100e-01 -1.842485815286636353e-01 -5.735851824283599854e-02
1.621146321296691895e+00 -3.989170193672180176e-01 6.954191327095031738e-01 1.507171802222728729e-02 2.230993509292602539e-01 1.621223390102386475e-01 7.115365266799926758e-01 5.436426959931850433e-03
-7.557868957519531250e-01 2.662659585475921631e-01 3.716291189193725586e-01 7.166684865951538086e-01 3.586341440677642822e-01 2.465565204620361328e-01 7.474065572023391724e-02 -1.624975502490997314e-01
1.613432884216308594e+00 3.177031576633453369e-01 -1.344481110572814941e-01 3.578607738018035889e-01 9.808427840471267700e-02 -1.084790900349617004e-01 -8.371075391769409180e-01 9.227797389030456543e-03
-1.244003534317016602e+00 -1.272719651460647583e-01 8.003653883934020996e-01 -3.490318730473518372e-02 2.044511288404464722e-01 -7.381883263587951660e-01 4.566469043493270874e-02 3.934151493012905121e-03
1.183834746479988098e-01 9.069259278476238251e-03 -4.058633446693420410e-01 -3.820233419537544250e-02 4.160125553607940674e-01 -4.861195757985115051e-02 -9.441643208265304565e-02 -5.973979365080595016e-03
3.448853194713592529e-01 -7.788875699043273926e-01 -3.378108739852905273e-01 -8.313024044036865234e-01 1.314831525087356567e-01 9.610573649406433105e-01 -5.278296470642089844e-01 9.566926211118698120e-02
-5.064035654067993164e-01 -2.466603070497512817e-01 -6.162673234939575195e-01 -1.406374014914035797e-02 -1.024075269699096680e+00 -8.535422086715698242e-01 -1.230849027633666992e+00 2.154866931959986687e-03
6.331799626350402832e-01 1.344153285026550293e-01 1.209533929824829102e+00 5.711948275566101074e-01 3.717623949050903320e-01 4.698663577437400818e-02 -1.101702079176902771e-01 -1.759865134954452515e-02
8.485495448112487793e-01 -4.929475113749504089e-02 -1.261712789535522461e+00 -3.518216907978057861e-01 -1.149730443954467773e+00 3.203867748379707336e-02 -8.163658976554870605e-01 2.744261734187602997e-02
