-7.797917723655700684e-02
6.832165122032165527e-01
6.340588331222534180e-01
4.077475070953369141e-01
5.187168717384338379e-01
6.776807904243469238e-01
-1.498453170061111450e-01
4.169318079948425293e-01
1.385896950960159302e-01
1.355025768280029297e-01
7.771801948547363281e-02
4.815298914909362793e-01
7.431740760803222656e-01
-2.398274391889572144e-01
1.605905145406723022e-01
5.562782287597656250e-01
8.643645048141479492e-01
7.596648484468460083e-02
7.632810473442077637e-01
7.820292711257934570e-01
5.773776173591613770e-01
7.590121030807495117e-01
6.224102377891540527e-01
4.766505658626556396e-01
5.101570487022399902e-01
8.295562267303466797e-01
6.838319301605224609e-01
3.987833857536315918e-01
2.817529439926147461e-01
5.946019291877746582e-01
5.227257013320922852e-01
5.774875879287719727e-01
