3.680992126464843750e-02 4.444130659103393555e-01 6.058295369148254395e-01 6.003957390785217285e-01 1.374695181846618652e+00 3.724999725818634033e-01 4.917699694633483887e-01 -5.066251754760742188e-01 -1.744560301303863525e-01 -9.695405364036560059e-01 -7.189057022333145142e-02 1.130940690636634827e-01 2.311284244060516357e-01 -1.860309243202209473e-01 9.023000299930572510e-02 -2.389282137155532837e-01 -1.575299203395843506e-01 6.352974176406860352e-01 1.148733347654342651e-01 -1.763459593057632446e-01 4.811673164367675781e-01 -7.394334077835083008e-01 -5.013324022293090820e-01 8.486828804016113281e-01 -6.961647272109985352e-01 -2.881698496639728546e-02 1.979926526546478271e-01 9.033510088920593262e-01 5.649018660187721252e-02 -4.208050072193145752e-01 4.969412386417388916e-01 1.624091342091560364e-02 -5.571213737130165100e-02 3.718513846397399902e-01 -2.370424382388591766e-02 3.391080200672149658e-01 -4.737662971019744873e-01 1.209896802902221680e-01 -1.379714608192443848e-01 4.455761015415191650e-01 -1.823619306087493896e-01 -1.976294875144958496e+00 -4.462648630142211914e-01 -7.386522293090820312e-01 4.530704021453857422e-01 1.575461328029632568e-01 4.411131143569946289e-01 1.517785936594009399e-01 -7.126235365867614746e-01 2.648346722126007080e-01 4.214822351932525635e-01 1.061662659049034119e-01 -8.514034748077392578e-02 -2.565167546272277832e-01 -1.627813577651977539e-01 -5.629280805587768555e-01 -1.137917712330818176e-01 -2.750271081924438477e+00 1.168020963668823242e-01 -4.360797107219696045e-01 -2.590623497962951660e-01 4.396781623363494873e-01 -2.231391221284866333e-01 6.292272359132766724e-03
9.812112152576446533e-02 -1.144880175590515137e+00 -1.371570825576782227e+00 -1.805354654788970947e-02 2.754052877426147461e-01 -7.840842753648757935e-02 -3.730704486370086670e-01 -4.051834046840667725e-01 -6.484905630350112915e-02 -6.294968724250793457e-01 1.547842770814895630e-01 -6.836960092186927795e-03 -6.013111472129821777e-01 1.544296592473983765e-01 -5.314105749130249023e-02 1.170806959271430969e-01 -5.437680482864379883e-01 -9.601942300796508789e-01 -2.940224707126617432e-01 9.993568807840347290e-02 2.756968736648559570e-01 4.226359724998474121e-01 6.779465675354003906e-01 7.839184254407882690e-03 -3.631272912025451660e-02 4.096715152263641357e-01 4.163587689399719238e-01 -9.430057555437088013e-02 -8.551869541406631470e-02 -3.093990087509155273e-01 7.263371348381042480e-01 1.332468539476394653e-01 -6.268583238124847412e-02 -6.034354567527770996e-01 4.680297523736953735e-02 -5.782492756843566895e-01 1.067869272083044052e-02 4.383087507449090481e-04 -6.263988614082336426e-01 4.132127165794372559e-01 4.028809964656829834e-01 2.972266376018524170e-01 -1.836271025240421295e-02 -7.311159968376159668e-01 4.691995978355407715e-01 -2.929695546627044678e-01 -4.648941755294799805e-02 -3.131250739097595215e-01 3.625013530254364014e-01 5.209606885910034180e-01 9.228228032588958740e-02 -3.387576714158058167e-02 2.758468091487884521e-01 3.723784983158111572e-01 -1.677292212843894958e-02 5.830014348030090332e-01 2.175536602735519409e-01 3.058263301849365234e+00 4.921995997428894043e-01 7.058511255308985710e-05 5.218502283096313477e-01 -6.189599037170410156e-01 2.562396824359893799e-01 1.377133727073669434e-01
1.713904738426208496e-01 -1.178526282310485840e+00 -1.442638158798217773e+00 1.146807596087455750e-01 3.181003928184509277e-01 -1.027369275689125061e-01 -4.584204852581024170e-01 -4.504480063915252686e-01 -1.343342214822769165e-01 -5.535193085670471191e-01 1.042852774262428284e-01 7.675185799598693848e-02 -5.848969817161560059e-01 2.526883780956268311e-01 -6.776122003793716431e-02 -3.527414798736572266e-02 -6.546027064323425293e-01 -9.731675982475280762e-01 -3.550136387348175049e-01 2.372543662786483765e-01 3.646900355815887451e-01 4.998992085456848145e-01 7.664548754692077637e-01 -2.145045101642608643e-01 6.466761976480484009e-02 2.120200097560882568e-01 2.346361428499221802e-01 7.085386663675308228e-02 -2.745160758495330811e-01 -2.729867100715637207e-01 8.135467171669006348e-01 -2.024038694798946381e-02 -4.980129189789295197e-03 -4.939531087875366211e-01 -4.068600386381149292e-02 -5.516692399978637695e-01 -3.087770938873291016e-02 5.750682577490806580e-02 -5.616903305053710938e-01 4.503712952136993408e-01 4.014534354209899902e-01 1.486325412988662720e-01 -4.831091314554214478e-02 -6.608362197875976562e-01 4.213159680366516113e-01 -2.750453948974609375e-01 3.181077539920806885e-02 -1.434132754802703857e-01 3.459419012069702148e-01 5.113924145698547363e-01 1.774240285158157349e-01 3.443254530429840088e-02 3.214105069637298584e-01 3.400004506111145020e-01 -1.727698184549808502e-02 5.069283246994018555e-01 2.226443290710449219e-01 2.983793973922729492e+00 4.605082571506500244e-01 -1.003632172942161560e-01 5.032659769058227539e-01 -5.637573003768920898e-01 3.553199172019958496e-01 -6.667456775903701782e-02
4.479713365435600281e-02 6.522719860076904297e-01 1.460780262947082520e+00 -5.386793985962867737e-02 7.756175994873046875e-01 1.776788383722305298e-01 8.613423109054565430e-01 -1.513105779886245728e-01 1.257825177162885666e-02 -5.441828370094299316e-01 -3.522855415940284729e-02 4.007211700081825256e-02 6.120394468307495117e-01 2.498684376478195190e-01 -8.508145809173583984e-03 1.889728456735610962e-01 6.043729782104492188e-01 4.790497124195098877e-01 1.176008656620979309e-01 -1.682221293449401855e-01 3.619287014007568359e-01 -3.650330305099487305e-01 -1.993847638368606567e-01 9.172502756118774414e-01 -8.034809231758117676e-01 2.758258879184722900e-01 -2.827378511428833008e-01 1.039069771766662598e+00 2.952966690063476562e-01 -8.896841406822204590e-01 1.254195809364318848e+00 9.315139055252075195e-02 4.650265276432037354e-01 5.828409194946289062e-01 -5.365664139389991760e-02 5.127701163291931152e-01 -5.840770602226257324e-01 3.574612140655517578e-01 3.051553368568420410e-01 3.189508020877838135e-01 3.132876455783843994e-01 -6.648405790328979492e-01 2.318280637264251709e-01 4.450416564941406250e-01 4.399226605892181396e-01 1.621354669332504272e-01 3.408465385437011719e-01 4.744399189949035645e-01 -5.021227002143859863e-01 6.167047098278999329e-02 1.811669468879699707e+00 9.085343778133392334e-02 5.185984969139099121e-01 -1.407159119844436646e-01 3.040606677532196045e-01 -2.928780317306518555e-01 -1.718638986349105835e-01 -2.637766838073730469e+00 -4.246664419770240784e-02 2.806368172168731689e-01 4.261728823184967041e-01 6.436920166015625000e-01 -9.568989872932434082e-01 1.461220979690551758e-01
1.580256074666976929e-01 7.660637497901916504e-01 1.516690373420715332e+00 -6.341298669576644897e-02 3.263501822948455811e-01 2.584730088710784912e-01 9.495320916175842285e-01 -2.733054757118225098e-01 8.165979525074362755e-04 -6.937271952629089355e-01 6.516860425472259521e-02 7.917059212923049927e-02 6.648247241973876953e-01 3.474808335304260254e-01 -6.297404319047927856e-02 3.456061184406280518e-01 5.154376626014709473e-01 3.294416368007659912e-01 1.434821784496307373e-01 -1.797986626625061035e-01 4.658965170383453369e-01 -3.724357783794403076e-01 1.535502821207046509e-02 9.288951754570007324e-01 -1.017565131187438965e+00 3.247621953487396240e-01 -4.620375931262969971e-01 1.136903762817382812e+00 5.471944808959960938e-01 -1.096576929092407227e+00 1.358049869537353516e+00 2.908203899860382080e-01 4.381415247917175293e-01 3.732221126556396484e-01 -1.597282886505126953e-01 5.172125101089477539e-01 -7.228826880455017090e-01 3.977050483226776123e-01 3.616942763328552246e-01 3.586589097976684570e-01 5.534963607788085938e-01 -5.741098523139953613e-01 3.199069499969482422e-01 4.290863871574401855e-01 5.048318505287170410e-01 3.853797316551208496e-01 3.162827491760253906e-01 6.301353573799133301e-01 -5.262604951858520508e-01 1.858300715684890747e-01 1.523891210556030273e+00 -1.201302483677864075e-01 4.016252160072326660e-01 -2.870458960533142090e-01 3.008228242397308350e-01 -3.382392525672912598e-01 -1.713182032108306885e-01 -2.550302982330322266e+00 -5.161102488636970520e-02 2.356187403202056885e-01 6.039763092994689941e-01 8.207370638847351074e-01 -1.126809954643249512e+00 1.760348677635192871e-01
3.373775780200958252e-01 -1.163927674293518066e+00 -1.253781080245971680e+00 -6.049005314707756042e-02 3.051699995994567871e-01 -1.371499150991439819e-01 -2.212397456169128418e-01 -4.554951190948486328e-01 7.522314041852951050e-02 -5.599927902221679688e-01 2.251752763986587524e-01 -8.207422494888305664e-02 -3.710877597332000732e-01 3.076598942279815674e-01 4.565577208995819092e-02 3.219471275806427002e-01 -3.966940045356750488e-01 -9.328793883323669434e-01 -4.967601001262664795e-01 2.098172008991241455e-01 5.317411422729492188e-01 5.622127652168273926e-01 9.030811786651611328e-01 1.082130298018455505e-01 1.554428488016128540e-01 3.752162456512451172e-01 2.253205776214599609e-01 1.090099848806858063e-02 -2.676702290773391724e-02 -3.356484770774841309e-01 7.995001077651977539e-01 3.528459370136260986e-01 4.703003168106079102e-02 -5.177891254425048828e-01 1.661493480205535889e-01 -6.940841078758239746e-01 6.770651787519454956e-02 1.807518452405929565e-01 -4.781367778778076172e-01 3.820646703243255615e-01 6.502953767776489258e-01 3.109063208103179932e-01 1.186737492680549622e-01 -5.331137776374816895e-01 6.797395348548889160e-01 -2.578597664833068848e-01 1.875113397836685181e-01 -1.348652392625808716e-01 3.964370787143707275e-01 5.844724178314208984e-01 1.618329137563705444e-01 -1.586666703224182129e-01 4.203235507011413574e-01 5.162637233734130859e-01 1.866352558135986328e-01 6.713964343070983887e-01 2.701266109943389893e-01 2.896933794021606445e+00 7.846780419349670410e-01 3.572517260909080505e-02 6.011944413185119629e-01 -6.445791721343994141e-01 3.662789165973663330e-01 9.099163115024566650e-02
4.039129242300987244e-02 5.080322623252868652e-01 1.275731325149536133e+00 2.621394693851470947e-01 8.762438297271728516e-01 1.572091877460479736e-01 4.181277453899383545e-01 -2.265785485506057739e-01 6.685229390859603882e-02 -6.912319660186767578e-01 -2.451567202806472778e-01 5.290059447288513184e-01 4.928309917449951172e-01 -2.277047634124755859e-01 2.102508246898651123e-01 -2.050521373748779297e-01 -5.192418769001960754e-02 6.443660259246826172e-01 2.047348171472549438e-01 -2.845851778984069824e-01 3.442979454994201660e-01 -4.451882839202880859e-01 -6.323357820510864258e-01 8.444880843162536621e-01 1.406514495611190796e-01 -5.572291016578674316e-01 -5.510431155562400818e-02 6.370734572410583496e-01 9.891335666179656982e-02 -2.638454735279083252e-01 3.674314022064208984e-01 -5.668501555919647217e-02 2.383102476596832275e-01 5.098720639944076538e-02 9.199405461549758911e-02 3.181263804435729980e-01 -1.094783097505569458e-01 -3.569878935813903809e-01 -2.640049345791339874e-02 3.850314617156982422e-01 -5.062384009361267090e-01 -1.498292446136474609e+00 -4.602961540222167969e-01 2.824597358703613281e-01 2.977843582630157471e-01 8.104830384254455566e-01 5.594448447227478027e-01 2.112462073564529419e-01 -3.151421844959259033e-01 2.962363958358764648e-01 8.390675783157348633e-01 2.991133630275726318e-01 -1.093251481652259827e-01 -4.611087217926979065e-02 -2.537541985511779785e-01 -4.366166591644287109e-01 -4.253263026475906372e-02 -1.902628064155578613e+00 -4.443999752402305603e-02 -2.343031466007232666e-01 -8.553206324577331543e-01 3.823953568935394287e-01 4.670319259166717529e-01 2.724957168102264404e-01
4.210377112030982971e-02 6.536388397216796875e-01 1.413074016571044922e+00 4.865107475779950619e-04 3.566520512104034424e-01 1.730670779943466187e-01 8.547533154487609863e-01 -3.519455790519714355e-01 6.122441589832305908e-02 -7.360174059867858887e-01 -2.775506291072815657e-04 4.559102281928062439e-02 5.720737576484680176e-01 4.247039854526519775e-01 7.677454501390457153e-02 6.969445943832397461e-02 4.258145391941070557e-01 3.353391289710998535e-01 -9.933684021234512329e-02 -1.468100100755691528e-01 4.536425769329071045e-01 -3.987871110439300537e-01 -1.588707566261291504e-01 1.028784513473510742e+00 -7.995275259017944336e-01 3.593387007713317871e-01 -5.294567942619323730e-01 8.855667710304260254e-01 2.256219983100891113e-01 -1.006542563438415527e+00 1.273979544639587402e+00 2.592313885688781738e-01 4.712833464145660400e-01 2.443604767322540283e-01 -1.460841894149780273e-01 4.148820936679840088e-01 -5.632376670837402344e-01 4.421032369136810303e-01 3.174294233322143555e-01 3.020325005054473877e-01 3.444227576255798340e-01 -7.216860055923461914e-01 2.187319844961166382e-01 4.999433457851409912e-01 4.445298910140991211e-01 3.346662819385528564e-01 3.456887900829315186e-01 6.214616298675537109e-01 -4.662213027477264404e-01 1.965338587760925293e-01 1.503512740135192871e+00 1.063962951302528381e-01 3.986860513687133789e-01 -2.330553978681564331e-01 2.817750275135040283e-01 -3.471174538135528564e-01 -1.784783452749252319e-01 -2.424970626831054688e+00 -6.877382844686508179e-02 1.727539598941802979e-01 4.818653762340545654e-01 5.930415391921997070e-01 -8.786054849624633789e-01 2.088363915681838989e-01
-7.341741919517517090e-01 3.374465107917785645e-01 4.435279071331024170e-01 2.027667015790939331e-01 1.365004301071166992e+00 -2.485014677047729492e+00 4.222287535667419434e-01 -4.450163245201110840e-01 -1.921852976083755493e-01 -3.912125825881958008e-01 -2.770182192325592041e-01 1.152283400297164917e-01 1.391153484582901001e-01 2.457485534250736237e-02 -6.877965480089187622e-02 1.647169515490531921e-02 -1.614818215370178223e+00 1.747879236936569214e-01 -2.096801698207855225e-01 -7.359542846679687500e-01 -1.554853916168212891e-01 -3.933056890964508057e-01 -4.559884667396545410e-01 1.026345014572143555e+00 -1.190546825528144836e-01 2.131251394748687744e-01 -6.804196238517761230e-01 6.311550140380859375e-01 1.583652645349502563e-01 -4.119546413421630859e-01 7.653816342353820801e-01 1.425850242376327515e-01 1.006618067622184753e-01 2.663407027721405029e-01 5.221027135848999023e-02 -1.880497097969055176e+00 -1.004156470298767090e+00 -1.986376494169235229e-01 1.075797714293003082e-02 7.390859127044677734e-01 -6.145836412906646729e-02 -1.339511394500732422e+00 1.510601490736007690e-01 -1.852298341691493988e-02 1.733122318983078003e-01 -2.519658565521240234e+00 4.484798312187194824e-01 1.466071605682373047e-01 -7.194717526435852051e-01 -3.644541203975677490e-01 1.061042308807373047e+00 2.791788056492805481e-02 1.602541804313659668e-01 -3.147994354367256165e-02 3.042438253760337830e-02 -4.142197668552398682e-01 -2.458330243825912476e-01 -3.131214380264282227e+00 -5.981495231389999390e-02 4.548459872603416443e-02 3.601817488670349121e-01 4.748576283454895020e-01 -6.953595206141471863e-03 -2.147978842258453369e-01
-2.833901166915893555e+00 -3.266907930374145508e-01 8.914942145347595215e-01 5.238749980926513672e-01 3.367616653442382812e+00 5.340722799301147461e-01 6.671201586723327637e-01 -3.723898172378540039e+00 -7.944029569625854492e-02 -5.994907021522521973e-01 1.079308390617370605e-01 -1.134394109249114990e-02 2.451448887586593628e-01 -2.424517720937728882e-01 5.410735681653022766e-02 -7.431881129741668701e-02 -5.783225223422050476e-02 -1.282808184623718262e-01 -5.673368927091360092e-03 -8.181399106979370117e-01 2.582947015762329102e-01 -4.317697584629058838e-01 -8.203119039535522461e-03 5.247141718864440918e-01 -2.528470516204833984e+00 -3.210206702351570129e-02 -1.101235270500183105e+00 3.133859038352966309e-01 -4.388423919677734375e+00 3.490006029605865479e-01 1.089924931526184082e+00 -2.087621688842773438e-01 6.590927392244338989e-02 5.353361368179321289e-01 -2.113007754087448120e-01 -3.298385441303253174e-02 -9.478822946548461914e-01 -6.583908200263977051e-01 -8.025290071964263916e-02 -2.798833847045898438e-01 9.588067233562469482e-02 -3.138767480850219727e+00 1.609742492437362671e-01 3.544244468212127686e-01 3.150056302547454834e-01 -2.258946895599365234e+00 -6.502015143632888794e-02 2.883709501475095749e-03 -3.880924582481384277e-01 -5.006986856460571289e-01 -3.121793270111083984e-01 8.764453232288360596e-02 1.222945004701614380e-01 6.252957880496978760e-02 5.281926989555358887e-01 -1.965603232383728027e-01 1.189257428050041199e-01 -2.190873384475708008e+00 1.855809688568115234e-01 1.804377734661102295e-01 7.107656002044677734e-01 3.597122430801391602e-01 1.688695996999740601e-01 -8.421569466590881348e-01
-5.836986303329467773e-01 1.118612363934516907e-01 1.640767931938171387e+00 2.728440761566162109e-01 8.683667778968811035e-01 -1.550063729286193848e+00 1.770219504833221436e-01 -5.953356623649597168e-01 -5.039849132299423218e-02 -7.439649105072021484e-01 -3.709582388401031494e-01 9.767834562808275223e-04 3.770125806331634521e-01 -1.862519234418869019e-01 5.496118962764739990e-02 -1.076041981577873230e-01 8.495568633079528809e-01 3.277663290500640869e-01 -8.193838596343994141e-02 -2.354843318462371826e-01 1.369572877883911133e-01 -2.694815397262573242e-01 -6.675322055816650391e-01 5.921536087989807129e-01 -6.195602566003799438e-02 4.921118617057800293e-01 -1.295721411705017090e+00 7.767287492752075195e-01 -3.221687376499176025e-01 -7.000665664672851562e-01 4.905767142772674561e-01 -6.648562848567962646e-02 2.341316342353820801e-01 3.302971720695495605e-01 -4.766239598393440247e-02 -5.019865036010742188e-01 -9.769744873046875000e-01 -4.304092526435852051e-01 -5.266495943069458008e-01 5.180441215634346008e-02 -1.629893332719802856e-01 -2.977129220962524414e-01 -8.800851553678512573e-02 -1.319147348403930664e-01 -4.767128452658653259e-02 6.285654902458190918e-01 1.922113299369812012e-01 2.232593148946762085e-01 -6.384713053703308105e-01 1.099741011857986450e-01 1.518677026033401489e-01 -7.534898817539215088e-02 3.033254295587539673e-02 -3.904742375016212463e-02 1.908147633075714111e-01 -3.941548168659210205e-01 -2.786382138729095459e-01 -4.074380874633789062e+00 -1.183732450008392334e-01 -1.245587095618247986e-01 9.338371157646179199e-01 8.508275151252746582e-01 -9.728657603263854980e-01 -2.050006151199340820e+00
9.966918826103210449e-02 8.156074285507202148e-01 1.356741905212402344e+00 -6.521337479352951050e-02 -2.511241137981414795e-01 1.788361519575119019e-01 8.886411190032958984e-01 -1.087432056665420532e-01 1.321673244237899780e-01 -2.664323449134826660e-01 -1.762541830539703369e-01 2.648325078189373016e-02 6.026578545570373535e-01 1.979020684957504272e-01 -3.506952524185180664e-02 8.879502862691879272e-02 4.198568165302276611e-01 3.754505813121795654e-01 9.737938642501831055e-02 -2.807734906673431396e-01 4.220211207866668701e-01 -2.395022511482238770e-01 -1.565992087125778198e-01 9.592561721801757812e-01 -6.002055406570434570e-01 2.802124917507171631e-01 -3.588770329952239990e-01 1.079597592353820801e+00 5.028232336044311523e-01 -6.626017093658447266e-01 1.327276945114135742e+00 1.788124144077301025e-01 5.528774857521057129e-01 5.912633538246154785e-01 -9.978461265563964844e-02 6.093332171440124512e-01 -6.802273988723754883e-01 4.758121967315673828e-01 2.461147606372833252e-01 5.172467827796936035e-01 4.845933914184570312e-01 -6.337661147117614746e-01 2.274135947227478027e-01 3.796044290065765381e-01 3.351172208786010742e-01 2.719023525714874268e-01 2.842886447906494141e-01 6.908741593360900879e-01 -5.208526253700256348e-01 1.865209490060806274e-01 1.620405197143554688e+00 2.644559741020202637e-02 2.603335976600646973e-01 -4.020257890224456787e-01 2.804108560085296631e-01 -7.336661219596862793e-02 -8.182124048471450806e-02 -2.573138475418090820e+00 4.067995771765708923e-02 4.865057766437530518e-02 3.818456828594207764e-01 8.039641380310058594e-01 -9.335890412330627441e-01 1.888083666563034058e-01
2.392560839653015137e-01 -1.259025692939758301e+00 -1.269035458564758301e+00 -9.409888833761215210e-02 3.318083882331848145e-01 -2.197861969470977783e-01 -2.091952115297317505e-01 -4.320039153099060059e-01 1.077283024787902832e-01 -5.313545465469360352e-01 3.531979620456695557e-01 -1.022405177354812622e-01 -3.146367371082305908e-01 3.119648098945617676e-01 -1.468207500874996185e-02 7.559438049793243408e-02 -5.764609575271606445e-01 -9.650512933731079102e-01 -4.935731887817382812e-01 1.426550894975662231e-01 5.572981834411621094e-01 6.465225219726562500e-01 9.096562266349792480e-01 -4.740545526146888733e-02 9.174624830484390259e-02 5.375047326087951660e-01 2.862476110458374023e-01 -2.801477350294589996e-02 -6.865240633487701416e-02 -1.943723410367965698e-01 7.207080721855163574e-01 1.692175865173339844e-01 4.202352464199066162e-02 -4.771327972412109375e-01 1.848696917295455933e-01 -6.224592924118041992e-01 8.751668781042098999e-02 2.189752012491226196e-01 -3.276502192020416260e-01 3.930674195289611816e-01 4.625371396541595459e-01 2.166758775711059570e-01 9.252759814262390137e-02 -4.777016043663024902e-01 5.977449417114257812e-01 -2.206602543592453003e-01 8.401866257190704346e-02 -1.114133670926094055e-01 4.869011342525482178e-01 5.859721302986145020e-01 1.771308034658432007e-01 3.452738374471664429e-02 4.270881414413452148e-01 4.789554178714752197e-01 2.322077602148056030e-01 6.620627045631408691e-01 3.706199824810028076e-01 2.896617174148559570e+00 6.343270540237426758e-01 1.961119472980499268e-01 4.089279472827911377e-01 -5.393301844596862793e-01 4.353488981723785400e-01 1.423035264015197754e-01
6.010967865586280823e-02 5.470669865608215332e-01 8.522140383720397949e-01 2.289065420627593994e-01 1.123544335365295410e+00 -4.814846217632293701e-01 4.580068886280059814e-01 -8.264033496379852295e-02 4.579181969165802002e-02 -7.285424470901489258e-01 -3.227410018444061279e-01 6.248384714126586914e-01 6.796296238899230957e-01 -1.865641325712203979e-01 2.753670215606689453e-01 -2.448585927486419678e-01 2.735412120819091797e-01 6.699711084365844727e-01 9.527700394392013550e-02 -5.828818082809448242e-01 -5.521808564662933350e-02 -2.745667994022369385e-01 -2.840068340301513672e-01 8.460733890533447266e-01 -2.303796410560607910e-01 -9.595285356044769287e-02 -9.394244551658630371e-01 2.273319661617279053e-01 -8.678054809570312500e-02 -8.668234944343566895e-01 -2.403613775968551636e-01 -2.973460555076599121e-01 3.599942028522491455e-01 4.293768405914306641e-01 9.789186716079711914e-02 -2.447323948144912720e-01 -5.927830338478088379e-01 -2.950005531311035156e-01 3.146227598190307617e-01 3.297103941440582275e-01 -2.586213648319244385e-01 -7.323586940765380859e-01 -3.223261535167694092e-01 2.305068522691726685e-01 1.988291591405868530e-01 5.494571924209594727e-01 2.426120489835739136e-01 1.538312286138534546e-01 -3.524819612503051758e-01 1.284748315811157227e-01 1.203586339950561523e+00 3.389520645141601562e-01 -3.143356442451477051e-01 7.147114723920822144e-02 -1.663197576999664307e-01 -3.458044826984405518e-01 1.518228799104690552e-01 -2.176928043365478516e+00 -1.449741274118423462e-01 -6.767910718917846680e-02 1.261272430419921875e-01 1.014348566532135010e-01 4.698312282562255859e-01 2.557806372642517090e-01
-2.779694497585296631e-01 7.877041697502136230e-01 -2.203993320465087891e+00 -1.921953558921813965e-01 1.244024515151977539e+00 8.272355198860168457e-01 1.753924489021301270e-01 -5.538653731346130371e-01 1.129930168390274048e-01 2.159513235092163086e+00 8.217232823371887207e-01 -1.034022402018308640e-02 7.759288549423217773e-01 3.074963688850402832e-01 -3.638676181435585022e-02 1.124323233962059021e-01 -1.007858991622924805e+00 5.881289839744567871e-01 -3.737031817436218262e-01 3.680640459060668945e-02 -4.782736003398895264e-01 -2.025310248136520386e-01 -8.376081585884094238e-01 5.992553383111953735e-02 1.256030917167663574e+00 2.655633091926574707e-01 -1.292782664299011230e+00 1.465974152088165283e-01 -1.324339866638183594e+00 2.237614154815673828e+00 -1.642497539520263672e+00 1.387536525726318359e-01 3.143786787986755371e-01 2.908525466918945312e-01 1.110173165798187256e-01 -8.197973668575286865e-02 4.003267884254455566e-01 -2.114361286163330078e+00 9.354939460754394531e-01 -2.007874697446823120e-01 5.430048108100891113e-01 -6.915149688720703125e-01 4.831911250948905945e-02 -9.610564708709716797e-01 4.959047958254814148e-02 1.070107579231262207e+00 6.080801039934158325e-02 1.404095143079757690e-01 -8.076629787683486938e-02 -2.306620925664901733e-01 5.689895749092102051e-01 1.921843923628330231e-02 2.685697376728057861e-01 7.308804988861083984e-02 -2.036861889064311981e-02 -4.154277443885803223e-01 3.520346581935882568e-01 -7.667531967163085938e+00 -2.849184572696685791e-01 1.380379796028137207e-01 -8.111497163772583008e-01 1.419786572456359863e+00 5.131006836891174316e-01 1.718975305557250977e+00
3.704173490405082703e-02 -1.212113618850708008e+00 -1.520035624504089355e+00 7.795246690511703491e-02 2.019813954830169678e-01 -1.133657321333885193e-01 -4.748153984546661377e-01 -3.914267420768737793e-01 2.833244763314723969e-02 -3.298666477203369141e-01 1.746098250150680542e-01 1.744393110275268555e-01 -3.835372924804687500e-01 2.667198181152343750e-01 3.590372577309608459e-02 -5.001134425401687622e-02 -5.213295221328735352e-01 -8.372530937194824219e-01 -2.803476750850677490e-01 3.162264525890350342e-01 3.860596418380737305e-01 2.764699757099151611e-01 7.201256752014160156e-01 -6.326802819967269897e-02 -1.854538917541503906e-02 1.875899732112884521e-01 3.866097927093505859e-01 -7.893826812505722046e-02 -7.925553619861602783e-02 -2.801779508590698242e-01 8.149703741073608398e-01 -5.779597908258438110e-02 1.974848471581935883e-02 -5.027736425399780273e-01 -3.718089684844017029e-02 -5.851308107376098633e-01 -1.296204924583435059e-01 -8.717956393957138062e-02 -4.998052418231964111e-01 3.052563667297363281e-01 2.283076792955398560e-01 2.249004989862442017e-01 -5.463458970189094543e-02 -6.187742352485656738e-01 3.516499996185302734e-01 -4.491967856884002686e-01 1.432308256626129150e-01 -1.922745257616043091e-01 1.444880962371826172e-01 3.218993246555328369e-01 -1.026894338428974152e-02 -5.228951945900917053e-02 1.587722599506378174e-01 1.297523826360702515e-01 -5.897869542241096497e-02 5.851802825927734375e-01 1.144168525934219360e-01 2.999587535858154297e+00 5.376098155975341797e-01 -1.280864030122756958e-01 2.837550938129425049e-01 -6.841628551483154297e-01 1.956503540277481079e-01 -2.132577262818813324e-02
2.270284444093704224e-01 -1.046849250793457031e+00 -1.406549572944641113e+00 1.005845516920089722e-01 4.639515876770019531e-01 -4.104439169168472290e-02 -2.948103547096252441e-01 -2.989300489425659180e-01 -7.154215127229690552e-04 -5.152685642242431641e-01 2.156340628862380981e-01 -7.693967968225479126e-02 -3.325180709362030029e-01 3.511605560779571533e-01 4.213748872280120850e-02 1.932207345962524414e-01 -5.280104875564575195e-01 -9.201759099960327148e-01 -3.936167061328887939e-01 5.628722161054611206e-02 3.983799517154693604e-01 4.917372763156890869e-01 7.278315424919128418e-01 -1.225245092064142227e-02 1.064546108245849609e-01 3.993453085422515869e-01 3.895685672760009766e-01 -2.176941558718681335e-02 -2.148345112800598145e-01 -1.606661230325698853e-01 8.422923088073730469e-01 1.592704951763153076e-01 2.196107432246208191e-02 -4.780682921409606934e-01 1.733630150556564331e-02 -6.935210824012756348e-01 4.562538489699363708e-02 3.818731009960174561e-02 -3.924537003040313721e-01 4.441297650337219238e-01 4.731501638889312744e-01 2.574334740638732910e-01 7.472872734069824219e-03 -7.013251781463623047e-01 5.079112648963928223e-01 -2.539436817169189453e-01 6.154325231909751892e-02 -1.133047491312026978e-01 4.944995641708374023e-01 5.891711115837097168e-01 6.813031435012817383e-02 4.532250761985778809e-02 3.373465836048126221e-01 3.296780884265899658e-01 -2.161484584212303162e-02 5.687178373336791992e-01 4.161810278892517090e-01 2.831848621368408203e+00 7.179746031761169434e-01 1.701567322015762329e-01 4.645484685897827148e-01 -6.254948377609252930e-01 3.297017216682434082e-01 1.793189793825149536e-01
-4.457130134105682373e-01 1.160643100738525391e-01 1.203070640563964844e+00 1.478063408285379410e-03 1.115653276443481445e+00 -7.999366521835327148e-01 5.918473005294799805e-01 -4.923884868621826172e-01 3.520914167165756226e-02 -6.198887228965759277e-01 1.450620293617248535e-01 1.578093878924846649e-02 3.642244637012481689e-02 9.452161192893981934e-02 2.122982405126094818e-02 1.353469491004943848e-01 6.167373657226562500e-01 3.899624943733215332e-01 5.336377769708633423e-02 -6.976649165153503418e-01 4.134111106395721436e-03 -4.684077799320220947e-01 -5.249469280242919922e-01 1.182324647903442383e+00 -5.786856412887573242e-01 -3.994201309978961945e-03 -7.336476445198059082e-01 9.318630099296569824e-01 -1.305014938116073608e-01 -6.108452081680297852e-01 8.069361001253128052e-02 5.280768498778343201e-02 4.927133321762084961e-01 3.496600985527038574e-01 -2.371893823146820068e-02 1.350946277379989624e-01 -6.380172371864318848e-01 1.226663962006568909e-01 -4.399983406066894531e+00 1.277313232421875000e-01 2.950523421168327332e-02 -8.593462109565734863e-01 8.339563012123107910e-02 -3.510940372943878174e-01 9.071905165910720825e-02 -4.246765971183776855e-01 2.122405767440795898e-01 6.801082491874694824e-01 -5.326384902000427246e-01 7.113007307052612305e-01 2.519841194152832031e-01 -1.729865930974483490e-02 1.260454114526510239e-02 -2.695667147636413574e-01 2.578575313091278076e-01 -1.020845174789428711e+00 -3.748295456171035767e-02 -6.396815299987792969e+00 -1.674040704965591431e-01 1.283041536808013916e-01 2.375893443822860718e-01 9.098279476165771484e-01 -4.728010594844818115e-01 -2.432466745376586914e+00
1.014217659831047058e-01 -1.183044195175170898e+00 -1.444258093833923340e+00 -7.468248903751373291e-02 4.482035338878631592e-01 -2.132073044776916504e-02 -1.634376645088195801e-01 -5.106365084648132324e-01 -6.287637352943420410e-02 -4.235561788082122803e-01 2.867875099182128906e-01 5.873229354619979858e-02 -3.371367454528808594e-01 2.238632142543792725e-01 9.305766224861145020e-02 7.973030209541320801e-02 -5.299703478813171387e-01 -9.356247782707214355e-01 -5.574766993522644043e-01 2.554903924465179443e-01 4.982710182666778564e-01 5.427028536796569824e-01 8.205401301383972168e-01 -1.167776063084602356e-01 7.946112006902694702e-02 3.251152038574218750e-01 1.754718273878097534e-01 3.144828975200653076e-02 -4.857811704277992249e-02 -2.556373178958892822e-01 8.423329591751098633e-01 2.306503355503082275e-01 -7.892580330371856689e-02 -4.080414175987243652e-01 1.740331798791885376e-01 -7.408978939056396484e-01 1.450414806604385376e-01 1.749576181173324585e-01 -5.505792498588562012e-01 3.862639069557189941e-01 3.463403582572937012e-01 3.795235157012939453e-01 1.825038939714431763e-01 -7.042286396026611328e-01 5.817881226539611816e-01 -3.991311192512512207e-01 8.494700491428375244e-02 -2.361107319593429565e-01 3.496007919311523438e-01 4.420843422412872314e-01 1.955584809184074402e-02 -4.929621890187263489e-02 2.444886267185211182e-01 3.215591311454772949e-01 2.188144177198410034e-01 6.041852235794067383e-01 2.053871154785156250e-01 2.931922435760498047e+00 6.742687821388244629e-01 -2.205497398972511292e-02 4.746977686882019043e-01 -6.609762907028198242e-01 3.069600760936737061e-01 -4.946075007319450378e-02
2.385304123163223267e-01 -1.145229816436767578e+00 -1.428137779235839844e+00 4.113732650876045227e-02 3.526002764701843262e-01 -2.038978636264801025e-01 -3.022711575031280518e-01 -4.810067415237426758e-01 1.424222886562347412e-01 -3.995727300643920898e-01 2.351150363683700562e-01 4.642999544739723206e-02 -4.173346459865570068e-01 3.639007210731506348e-01 -5.298248678445816040e-02 1.774020642042160034e-01 -5.007801055908203125e-01 -1.025432348251342773e+00 -4.717739224433898926e-01 3.004606366157531738e-01 4.258740246295928955e-01 6.503012180328369141e-01 8.542141914367675781e-01 -8.300333470106124878e-02 -3.413930907845497131e-02 3.149602711200714111e-01 2.225431352853775024e-01 -9.265257976949214935e-03 -3.606225922703742981e-02 -2.639172077178955078e-01 7.966153621673583984e-01 1.999308168888092041e-01 1.181665509939193726e-01 -4.795641899108886719e-01 2.020511329174041748e-01 -6.513854265213012695e-01 5.456406623125076294e-02 9.680450707674026489e-02 -3.027840852737426758e-01 4.283521175384521484e-01 4.844444394111633301e-01 2.156888693571090698e-01 2.559299767017364502e-01 -5.681743025779724121e-01 4.399618506431579590e-01 -3.518753051757812500e-01 -3.073692694306373596e-02 -1.506329625844955444e-01 4.249700307846069336e-01 5.942791104316711426e-01 2.449745237827301025e-01 -1.466280668973922729e-01 2.645955383777618408e-01 4.660936295986175537e-01 1.056906133890151978e-01 7.832111716270446777e-01 3.443125188350677490e-01 2.882774829864501953e+00 6.910246014595031738e-01 1.827204823493957520e-01 4.825048446655273438e-01 -6.339537501335144043e-01 3.440101444721221924e-01 1.745933890342712402e-01
1.737349480390548706e-01 -1.093199491500854492e+00 -1.348102688789367676e+00 -9.268570691347122192e-02 3.977958559989929199e-01 -1.161259114742279053e-01 -3.439858853816986084e-01 -5.063071250915527344e-01 7.196111232042312622e-02 -5.117788910865783691e-01 3.163757324218750000e-01 9.114683419466018677e-02 -4.478920996189117432e-01 2.997039258480072021e-01 -1.019675806164741516e-01 1.633830070495605469e-01 -5.736345052719116211e-01 -1.034945249557495117e+00 -4.171053767204284668e-01 1.412152498960494995e-01 3.202511370182037354e-01 4.331429898738861084e-01 7.883462905883789062e-01 -1.568741649389266968e-01 6.346361339092254639e-02 4.360259771347045898e-01 1.636212766170501709e-01 -8.211322873830795288e-02 -8.602456189692020416e-03 -1.896662712097167969e-01 7.713446617126464844e-01 1.645656526088714600e-01 -1.044600233435630798e-01 -5.033873319625854492e-01 -3.006344288587570190e-02 -6.099833846092224121e-01 2.439692765474319458e-01 -6.157970428466796875e-02 -4.510121345520019531e-01 4.130627214908599854e-01 5.386660695075988770e-01 3.515106141567230225e-01 1.004845872521400452e-01 -6.108732819557189941e-01 3.910712003707885742e-01 -2.859262824058532715e-01 8.220984041690826416e-02 -5.924911051988601685e-02 4.053519666194915771e-01 5.889527797698974609e-01 7.731754332780838013e-02 -1.295880675315856934e-01 4.138524830341339111e-01 3.451461791992187500e-01 -1.349340379238128662e-02 7.369668483734130859e-01 3.412577211856842041e-01 3.038074254989624023e+00 5.628513097763061523e-01 1.787279546260833740e-02 4.350621998310089111e-01 -6.406620740890502930e-01 2.745839059352874756e-01 1.410647928714752197e-01
7.878077030181884766e-02 -1.091456294059753418e+00 -1.364668011665344238e+00 -2.127140760421752930e-02 3.246175050735473633e-01 -1.067800149321556091e-01 -1.906462311744689941e-01 -5.211453437805175781e-01 8.342885226011276245e-02 -4.176324903964996338e-01 2.323597520589828491e-01 9.002876281738281250e-02 -2.941458523273468018e-01 3.277046680450439453e-01 1.054458692669868469e-01 1.504985541105270386e-01 -5.090910792350769043e-01 -8.787595629692077637e-01 -5.314660668373107910e-01 1.470647901296615601e-01 3.960298299789428711e-01 6.271198391914367676e-01 7.815133333206176758e-01 -9.807314723730087280e-02 -1.403064373880624771e-02 4.919263422489166260e-01 2.823921740055084229e-01 -6.900914758443832397e-02 -2.434706687927246094e-01 -2.543981969356536865e-01 7.261727452278137207e-01 2.861872911453247070e-01 1.077228710055351257e-01 -5.973244309425354004e-01 5.292274430394172668e-02 -5.847975015640258789e-01 1.817797422409057617e-01 7.299575209617614746e-02 -3.513515591621398926e-01 3.307418823242187500e-01 4.015868902206420898e-01 3.621693849563598633e-01 2.128475904464721680e-01 -7.210677266120910645e-01 4.653245806694030762e-01 -2.870712876319885254e-01 -1.171418931335210800e-02 -1.259653121232986450e-01 5.080613493919372559e-01 3.969450592994689941e-01 1.540943514555692673e-02 -1.474023163318634033e-01 4.310916662216186523e-01 2.741405367851257324e-01 1.833016239106655121e-02 7.256220579147338867e-01 2.793353199958801270e-01 2.864442825317382812e+00 7.398322224617004395e-01 3.068683668971061707e-02 5.643590688705444336e-01 -5.778060555458068848e-01 3.253462910652160645e-01 1.298588067293167114e-01
2.474619746208190918e-01 -1.163573265075683594e+00 -1.486018061637878418e+00 9.802521765232086182e-02 4.069444537162780762e-01 -1.658465415239334106e-01 -3.492640852928161621e-01 -4.030920267105102539e-01 1.141045317053794861e-01 -5.285936594009399414e-01 8.404392004013061523e-02 1.425795555114746094e-01 -3.965061604976654053e-01 2.905428707599639893e-01 2.297977730631828308e-02 4.657376557588577271e-03 -5.438354015350341797e-01 -1.008176088333129883e+00 -4.067615866661071777e-01 2.321193814277648926e-01 4.019569754600524902e-01 5.391873717308044434e-01 7.064379453659057617e-01 -4.024412110447883606e-02 -4.114950075745582581e-02 3.794867098331451416e-01 1.799475550651550293e-01 -1.149024814367294312e-01 -8.623820543289184570e-02 -3.511435687541961670e-01 7.101561427116394043e-01 7.021543383598327637e-02 1.081084981560707092e-01 -4.791367650032043457e-01 1.807456910610198975e-01 -6.596519351005554199e-01 7.776758074760437012e-02 5.552830919623374939e-02 -5.268983840942382812e-01 3.466949760913848877e-01 4.678569138050079346e-01 2.813185453414916992e-01 -2.872058562934398651e-02 -6.270858645439147949e-01 3.482547700405120850e-01 -4.139247834682464600e-01 -8.175429701805114746e-02 -1.148466765880584717e-01 4.495519399642944336e-01 4.246283769607543945e-01 1.164332702755928040e-01 2.623167447745800018e-02 3.919307589530944824e-01 3.198791146278381348e-01 1.660031033679842949e-03 7.634894847869873047e-01 3.229677081108093262e-01 2.849369764328002930e+00 5.907080769538879395e-01 1.104156896471977234e-01 5.029918551445007324e-01 -6.167165637016296387e-01 3.601816892623901367e-01 1.180519908666610718e-01
8.286265283823013306e-02 -1.062468886375427246e+00 -1.328738331794738770e+00 5.902586039155721664e-03 2.442354410886764526e-01 -2.427685558795928955e-01 -4.320439696311950684e-01 -4.882202446460723877e-01 -1.264084875583648682e-02 -3.453668057918548584e-01 1.252961605787277222e-01 1.583044826984405518e-01 -4.139509797096252441e-01 2.521758675575256348e-01 3.336440771818161011e-02 1.519778557121753693e-02 -6.138167977333068848e-01 -7.202037572860717773e-01 -3.905157744884490967e-01 1.329502463340759277e-01 3.006412684917449951e-01 3.307208120822906494e-01 5.731803178787231445e-01 -9.449918568134307861e-02 -1.100001931190490723e-01 1.912121474742889404e-01 3.505414128303527832e-01 3.380159661173820496e-02 -9.084760397672653198e-02 -3.139283061027526855e-01 8.052224516868591309e-01 3.859954699873924255e-02 -3.611529991030693054e-02 -4.864133000373840332e-01 -6.498153507709503174e-02 -5.361776351928710938e-01 -7.082473486661911011e-02 3.939716890454292297e-02 -5.048102140426635742e-01 3.395067751407623291e-01 3.713904619216918945e-01 1.078928560018539429e-01 -1.197333633899688721e-01 -4.767052531242370605e-01 2.381043136119842529e-01 -2.439161390066146851e-01 1.891540139913558960e-01 -1.650270074605941772e-01 1.378480792045593262e-01 3.872838616371154785e-01 8.602928370237350464e-02 4.520992189645767212e-02 2.562766969203948975e-01 2.490581274032592773e-01 2.863621525466442108e-02 5.942294001579284668e-01 6.861635018140077591e-03 2.972525835037231445e+00 4.594394564628601074e-01 -2.985132671892642975e-02 3.769951462745666504e-01 -6.112626194953918457e-01 1.258720606565475464e-01 -4.137685522437095642e-02
8.996267616748809814e-02 6.917464733123779297e-01 1.507486462593078613e+00 -6.262723356485366821e-03 7.659488320350646973e-01 1.306775361299514771e-01 6.913849711418151855e-01 -3.119531273841857910e-01 1.754623949527740479e-01 -5.591099858283996582e-01 -3.509392589330673218e-02 -5.978207290172576904e-02 6.370904445648193359e-01 2.902195155620574951e-01 1.602703779935836792e-01 2.570754885673522949e-01 5.452504158020019531e-01 3.757283985614776611e-01 2.021649479866027832e-01 -1.455142349004745483e-01 2.999111115932464600e-01 -4.065260291099548340e-01 -1.068443357944488525e-01 1.058772802352905273e+00 -8.849702477455139160e-01 2.695643007755279541e-01 -4.435312449932098389e-01 1.144339561462402344e+00 3.291980028152465820e-01 -7.371085882186889648e-01 1.352989554405212402e+00 1.704059392213821411e-01 4.620110988616943359e-01 5.740766525268554688e-01 -2.343137189745903015e-02 6.170785427093505859e-01 -5.807054042816162109e-01 4.236340522766113281e-01 2.458882033824920654e-01 4.120857417583465576e-01 2.155528068542480469e-01 -6.879951953887939453e-01 1.443379968404769897e-01 3.616002202033996582e-01 3.462099134922027588e-01 2.297917455434799194e-01 2.736437022686004639e-01 6.092403531074523926e-01 -5.024096369743347168e-01 1.086501330137252808e-01 1.640164852142333984e+00 -3.100006841123104095e-02 3.036991059780120850e-01 -3.024611771106719971e-01 2.856044173240661621e-01 -1.923508197069168091e-01 -6.900963932275772095e-02 -2.726997852325439453e+00 6.049697287380695343e-03 2.651895880699157715e-01 3.727134466171264648e-01 6.464240550994873047e-01 -8.237339854240417480e-01 1.041896343231201172e-01
2.954306304454803467e-01 -1.133551120758056641e+00 -1.442905664443969727e+00 1.833431050181388855e-02 4.986624121665954590e-01 -1.828587800264358521e-01 -3.072662651538848877e-01 -4.604823887348175049e-01 1.739461869001388550e-01 -4.148099124431610107e-01 1.844061017036437988e-01 -1.058304086327552795e-01 -2.819148004055023193e-01 5.057844519615173340e-01 -7.078119367361068726e-02 2.518151700496673584e-01 -5.426059961318969727e-01 -1.087133526802062988e+00 -2.947027087211608887e-01 1.664033979177474976e-01 4.229377806186676025e-01 4.827769696712493896e-01 7.355766296386718750e-01 9.183660149574279785e-02 1.798553466796875000e-01 3.789875507354736328e-01 2.224208414554595947e-01 1.216526553034782410e-01 -1.948128193616867065e-01 -2.677568495273590088e-01 6.525688171386718750e-01 2.206991165876388550e-01 7.152785360813140869e-02 -6.114857196807861328e-01 2.118848860263824463e-01 -5.760548114776611328e-01 1.150723919272422791e-01 1.802101433277130127e-01 -4.782146513462066650e-01 4.927689135074615479e-01 4.670496284961700439e-01 2.503497600555419922e-01 7.593169063329696655e-02 -5.960565209388732910e-01 5.045273303985595703e-01 -3.307692408561706543e-01 1.089962273836135864e-01 -5.128564685583114624e-02 5.478730201721191406e-01 5.336706638336181641e-01 5.397836491465568542e-02 4.163013398647308350e-02 3.760353922843933105e-01 5.083718299865722656e-01 9.586004167795181274e-02 5.756676793098449707e-01 2.809697687625885010e-01 2.856748342514038086e+00 7.516667246818542480e-01 2.150367051362991333e-01 5.689840316772460938e-01 -6.695163846015930176e-01 3.569628298282623291e-01 6.709154695272445679e-02
1.238076090812683105e-01 -1.143788933753967285e+00 -1.308411002159118652e+00 -3.930863738059997559e-02 3.388026654720306396e-01 -1.960651576519012451e-01 -2.812454402446746826e-01 -3.877303004264831543e-01 5.760989338159561157e-02 -5.224533677101135254e-01 1.224016249179840088e-01 1.001217141747474670e-01 -5.819904804229736328e-01 2.999838590621948242e-01 1.224335804581642151e-01 -3.468827158212661743e-02 -5.394911766052246094e-01 -8.514724969863891602e-01 -4.441179633140563965e-01 2.098104506731033325e-01 3.204044699668884277e-01 3.374606668949127197e-01 6.111368536949157715e-01 -1.566855460405349731e-01 -6.288935244083404541e-02 3.301391601562500000e-01 4.076929092407226562e-01 -1.375222057104110718e-01 -1.052411571145057678e-01 -3.718574643135070801e-01 7.692181468009948730e-01 1.468366980552673340e-01 -4.475995898246765137e-02 -6.621567606925964355e-01 1.370695084333419800e-01 -6.548493504524230957e-01 1.014642268419265747e-01 8.214871631935238838e-04 -6.113573312759399414e-01 2.663523554801940918e-01 2.692978680133819580e-01 1.107307299971580505e-01 7.218664884567260742e-02 -6.781112551689147949e-01 4.634319841861724854e-01 -2.474683076143264771e-01 5.220175953581929207e-04 -1.959203332662582397e-01 3.813496530055999756e-01 3.497786521911621094e-01 8.788120001554489136e-02 1.376860886812210083e-01 1.380139440298080444e-01 3.090555369853973389e-01 -2.301572449505329132e-02 6.409994363784790039e-01 1.909380704164505005e-01 2.975104331970214844e+00 5.222707986831665039e-01 -1.192352548241615295e-01 4.720308482646942139e-01 -7.096960544586181641e-01 1.478853076696395874e-01 5.965784937143325806e-02
-2.875763922929763794e-03 4.664848148822784424e-01 1.370664834976196289e+00 1.324747409671545029e-02 8.056789636611938477e-01 1.835652738809585571e-01 7.199545502662658691e-01 -2.916179001331329346e-01 -3.592794016003608704e-02 -4.556763172149658203e-01 -1.095590740442276001e-01 1.676607504487037659e-02 5.044918656349182129e-01 1.412560492753982544e-01 -3.821160411462187767e-03 7.211782783269882202e-02 4.148418009281158447e-01 4.802358150482177734e-01 2.351865917444229126e-02 -1.153742522001266479e-01 2.312610149383544922e-01 -4.272215962409973145e-01 -2.082997262477874756e-01 1.052541851997375488e+00 -6.905165910720825195e-01 1.933294385671615601e-01 -4.663066565990447998e-01 9.310993552207946777e-01 2.134752273559570312e-01 -7.370773553848266602e-01 1.286027669906616211e+00 -7.494743913412094116e-03 3.580366075038909912e-01 5.901747345924377441e-01 7.907444238662719727e-02 5.585338473320007324e-01 -6.030829548835754395e-01 2.539044916629791260e-01 2.593069374561309814e-01 3.673119843006134033e-01 2.376241534948348999e-01 -7.238116860389709473e-01 1.668630987405776978e-01 4.903883337974548340e-01 4.417277574539184570e-01 3.622714877128601074e-01 4.015990793704986572e-01 6.068050265312194824e-01 -4.478752315044403076e-01 1.171395331621170044e-01 1.482278943061828613e+00 -1.190406605601310730e-01 3.879402279853820801e-01 -2.371228784322738647e-01 1.918417513370513916e-01 -2.134033590555191040e-01 -3.005520440638065338e-02 -2.599611520767211914e+00 3.944051917642354965e-03 1.090455353260040283e-01 3.953570127487182617e-01 5.416556596755981445e-01 -8.518844842910766602e-01 7.459677010774612427e-02
4.501637443900108337e-02 6.327787041664123535e-01 1.315042495727539062e+00 -8.741878904402256012e-03 2.091084420680999756e-02 1.118814721703529358e-01 9.005741477012634277e-01 -7.825778424739837646e-02 1.045062914490699768e-01 -4.134467840194702148e-01 -3.367089852690696716e-02 -4.423922300338745117e-02 6.643788814544677734e-01 2.124542295932769775e-01 -6.182221323251724243e-02 1.329228281974792480e-01 3.838083446025848389e-01 3.707334399223327637e-01 1.998398452997207642e-02 -3.636176288127899170e-01 3.000996410846710205e-01 -4.685423672199249268e-01 -2.748508155345916748e-01 1.144545912742614746e+00 -5.519688129425048828e-01 2.329900413751602173e-01 -3.586990833282470703e-01 1.018364071846008301e+00 4.508920609951019287e-01 -5.893868803977966309e-01 1.281155586242675781e+00 1.949116289615631104e-01 5.133158564567565918e-01 5.026045441627502441e-01 7.591858506202697754e-02 6.985942721366882324e-01 -6.094099283218383789e-01 5.126393437385559082e-01 2.571805417537689209e-01 3.944148421287536621e-01 2.448714524507522583e-01 -5.229093432426452637e-01 2.379102408885955811e-01 3.300844728946685791e-01 5.013953447341918945e-01 2.816888391971588135e-01 4.071714580059051514e-01 6.335545778274536133e-01 -4.002615213394165039e-01 1.734901815652847290e-01 1.577480554580688477e+00 4.471708089113235474e-02 3.931111395359039307e-01 -3.490445315837860107e-01 1.340534240007400513e-01 -1.391739696264266968e-01 -6.866505742073059082e-02 -2.561415672302246094e+00 -3.880732506513595581e-02 2.277298122644424438e-01 4.706811606884002686e-01 6.965926885604858398e-01 -8.459435105323791504e-01 1.315769255161285400e-01
-6.328292191028594971e-02 -9.927085041999816895e-01 -1.257672786712646484e+00 4.396289959549903870e-02 2.411006242036819458e-01 -1.538162529468536377e-01 -3.116616308689117432e-01 -3.918763399124145508e-01 1.143913343548774719e-01 -3.087517321109771729e-01 9.381406754255294800e-02 1.033894941210746765e-01 -4.891522228717803955e-01 3.637719899415969849e-02 6.972914934158325195e-02 -1.511764526367187500e-01 -5.408917069435119629e-01 -6.615608930587768555e-01 -2.204691916704177856e-01 1.539665460586547852e-01 1.693054884672164917e-01 2.807104289531707764e-01 5.884184837341308594e-01 -1.732727587223052979e-01 -1.394383311271667480e-01 1.759059131145477295e-01 3.068667650222778320e-01 -1.089649125933647156e-01 5.969655886292457581e-02 -3.324787914752960205e-01 6.177439093589782715e-01 7.286515831947326660e-02 -2.138493023812770844e-02 -6.483282446861267090e-01 -1.016458198428153992e-01 -4.678845405578613281e-01 -3.081835433840751648e-02 5.825382843613624573e-02 -7.165251970291137695e-01 2.885030508041381836e-01 1.643031537532806396e-01 2.226424068212509155e-01 -3.285244479775428772e-02 -6.649581193923950195e-01 3.644254207611083984e-01 -3.379201591014862061e-01 4.206935465335845947e-01 -3.238981068134307861e-01 1.615212112665176392e-01 3.291772902011871338e-01 4.787559062242507935e-02 -2.870811522006988525e-02 7.217298448085784912e-02 1.514015644788742065e-01 5.806152522563934326e-02 5.206043720245361328e-01 -2.657307311892509460e-02 3.035084247589111328e+00 5.473002791404724121e-01 -1.058311089873313904e-01 3.250500261783599854e-01 -6.826941370964050293e-01 4.719173535704612732e-02 -6.379384547472000122e-02
-4.936363399028778076e-01 -1.014054179191589355e+00 -1.515533924102783203e+00 -1.005113795399665833e-01 1.617481470108032227e+00 6.239916682243347168e-01 4.850565493106842041e-01 -1.146422028541564941e+00 3.836314007639884949e-02 -9.829086065292358398e-01 5.622908473014831543e-01 4.558555036783218384e-02 2.781084477901458740e-01 4.971398711204528809e-01 1.772057614289224148e-03 1.580588966608047485e-01 -2.414173185825347900e-01 6.682087779045104980e-01 -1.892741620540618896e-01 -5.482797622680664062e-01 3.891178667545318604e-01 -5.722637772560119629e-01 6.558745503425598145e-01 8.468888998031616211e-01 -1.844164967536926270e+00 8.977640867233276367e-01 -3.869139552116394043e-01 3.944152593612670898e-01 -5.880450606346130371e-01 -3.560285329818725586e+00 9.318692088127136230e-01 2.914133071899414062e-01 1.314425766468048096e-01 -8.329173922538757324e-01 -2.588680386543273926e-01 5.167446136474609375e-01 -3.325971364974975586e-01 -1.247340366244316101e-01 3.623915016651153564e-01 7.027684897184371948e-02 8.902037143707275391e-01 -1.022003531455993652e+00 -7.460436224937438965e-02 6.988724470138549805e-01 6.212701201438903809e-01 1.060210347175598145e+00 -4.143574237823486328e-01 2.704223692417144775e-01 -4.692649543285369873e-01 6.038256287574768066e-01 1.022515654563903809e+00 2.893277443945407867e-02 4.683334529399871826e-01 3.113843500614166260e-01 2.019520998001098633e-01 -5.708738565444946289e-01 -1.013123895972967148e-02 -5.661037921905517578e+00 4.991461988538503647e-03 -9.139619022607803345e-02 2.153897434473037720e-01 5.359756350517272949e-01 -1.629450678825378418e+00 -1.460840087383985519e-02
2.284410744905471802e-01 -1.306777954101562500e+00 -1.514245748519897461e+00 5.820821225643157959e-02 2.232362329959869385e-01 -1.545562744140625000e-01 -3.057810962200164795e-01 -3.613727390766143799e-01 -8.644457906484603882e-02 -5.455705523490905762e-01 6.908054649829864502e-02 1.492893397808074951e-01 -4.434875547885894775e-01 2.242851406335830688e-01 -8.323913812637329102e-02 -8.541404455900192261e-02 -4.753350019454956055e-01 -8.493760228157043457e-01 -4.413661956787109375e-01 2.350599169731140137e-01 3.700515925884246826e-01 5.345151424407958984e-01 7.343916296958923340e-01 -1.544560194015502930e-01 6.272836774587631226e-02 3.015283048152923584e-01 3.222722113132476807e-01 -6.460379809141159058e-02 -1.622191965579986572e-01 -3.989146649837493896e-01 8.322673439979553223e-01 5.198208615183830261e-03 -1.237461566925048828e-01 -6.254479289054870605e-01 -1.122584845870733261e-02 -4.885924756526947021e-01 7.092167437076568604e-02 -2.753686159849166870e-02 -5.085436701774597168e-01 3.264891505241394043e-01 3.947032094001770020e-01 3.189695179462432861e-01 8.204499632120132446e-02 -5.947650074958801270e-01 4.116113483905792236e-01 -3.302652537822723389e-01 1.274099666625261307e-02 -2.570490241050720215e-01 2.806543409824371338e-01 3.126107156276702881e-01 1.918486952781677246e-01 4.582220688462257385e-03 3.152399957180023193e-01 3.298419713973999023e-01 5.220908671617507935e-02 5.671607851982116699e-01 1.113512888550758362e-01 2.954364299774169922e+00 6.369365453720092773e-01 4.676050320267677307e-02 3.873669505119323730e-01 -5.625424981117248535e-01 3.097782135009765625e-01 -2.878942713141441345e-02
