3.058528304100036621e-01
3.743754327297210693e-01
3.320651650428771973e-01
4.666669368743896484e-01
5.582417845726013184e-01
-2.679148614406585693e-01
-2.365190163254737854e-02
2.954633533954620361e-01
4.248341321945190430e-01
-4.842704534530639648e-01
-4.902760311961174011e-02
-6.570126414299011230e-01
-2.252577245235443115e-01
7.791553139686584473e-01
-3.731920719146728516e-01
-6.577938795089721680e-02
-1.125187054276466370e-01
-9.174809604883193970e-02
4.933251738548278809e-01
6.745293736457824707e-01
9.884995222091674805e-02
1.321112066507339478e-01
2.627412378787994385e-01
-5.021471381187438965e-01
-1.042672514915466309e+00
2.699934840202331543e-01
-1.612016111612319946e-01
-2.204471975564956665e-01
-1.248503401875495911e-01
-4.418956041336059570e-01
5.151649117469787598e-01
7.192689180374145508e-01
-4.127275645732879639e-01
-4.614605009555816650e-01
8.368300795555114746e-01
8.954059481620788574e-01
1.953615546226501465e-01
-3.396954238414764404e-01
-7.256702184677124023e-01
6.146826148033142090e-01
-1.111956119537353516e+00
7.622611522674560547e-01
1.321288496255874634e-01
4.134100675582885742e-01
-2.401037365198135376e-01
-2.286249399185180664e-01
2.209927588701248169e-01
2.454571276903152466e-01
4.557015374302864075e-02
-1.158744245767593384e-01
-9.966776967048645020e-01
9.970107674598693848e-02
-1.728154271841049194e-01
6.730730533599853516e-01
1.119146704673767090e+00
1.408152431249618530e-01
2.406658977270126343e-01
-2.909905910491943359e-01
-6.426392197608947754e-01
3.335911333560943604e-01
-4.294737577438354492e-01
1.401499658823013306e-01
7.326287627220153809e-01
4.334068000316619873e-01
