-1.970976114273071289e+00 -1.519058644771575928e-01 -1.499812602996826172e-01 -1.513492912054061890e-01 1.913833171129226685e-01 3.897412121295928955e-01 1.110826432704925537e-01 1.451796269975602627e-03
6.258753538131713867e-01 -3.674097657203674316e-01 1.884814500808715820e-01 -3.914087638258934021e-02 -1.300510317087173462e-01 3.139522671699523926e-01 -1.008791849017143250e-01 -4.786664247512817383e-02
-5.812609195709228516e-01 5.014958977699279785e-01 -3.033827543258666992e-01 1.898887194693088531e-02 1.815024167299270630e-01 4.603462815284729004e-01 1.189361512660980225e-01 -7.748723775148391724e-02
9.187144637107849121e-01 -5.153959989547729492e-01 6.889076530933380127e-02 -5.776227712631225586e-01 3.679052889347076416e-01 1.058722659945487976e-02 1.580906361341476440e-01 7.274439185857772827e-02
-1.816231161355972290e-01 2.385286837816238403e-01 -4.950088858604431152e-01 1.175821870565414429e-01 2.459154278039932251e-01 4.561392068862915039e-01 -1.443371176719665527e-01 1.737686991691589355e-02
-6.215509772300720215e-01 3.900986611843109131e-01 -3.030808568000793457e-01 2.395792491734027863e-02 1.400437504053115845e-01 1.583564728498458862e-01 1.460599154233932495e-01 3.902681544423103333e-02
-4.307751953601837158e-01 2.616579234600067139e-01 -9.529304504394531250e-01 -1.545668244361877441e-01 2.064068317413330078e-01 1.631392985582351685e-01 -5.419418811798095703e-01 1.477527152746915817e-02
2.214452326297760010e-01 -5.131074190139770508e-01 3.773166239261627197e-02 -1.692052334547042847e-01 -4.055546224117279053e-01 6.438729166984558105e-01 -3.853166997432708740e-01 -7.509077787399291992e-01
9.995675832033157349e-02 -2.637111842632293701e-01 -6.021501421928405762e-01 1.421193331480026245e-01 2.611691057682037354e-01 -6.047615036368370056e-02 -2.151440232992172241e-01 -5.583424866199493408e-02
7.570278644561767578e-01 2.912717126309871674e-02 -1.978369355201721191e+00 3.265484571456909180e-01 1.362524390220642090e+00 -8.712852746248245239e-02 -3.376496955752372742e-02 1.017495319247245789e-01
-6.080563180148601532e-03 -1.655909121036529541e-01 1.355130076408386230e-01 1.117604449391365051e-01 -2.151568382978439331e-01 -1.452385913580656052e-03 -2.525433339178562164e-02 -9.961551055312156677e-03
-4.608173966407775879e-01 4.367594122886657715e-01 6.325937509536743164e-01 6.636532396078109741e-02 2.408438175916671753e-01 -2.774086296558380127e-01 -4.203483462333679199e-02 1.808746457099914551e-01
1.342393040657043457e+00 1.568484306335449219e-01 5.870801806449890137e-01 4.878515899181365967e-01 6.675102114677429199e-01 -2.580414414405822754e-01 5.969976186752319336e-01 -1.375357359647750854e-01
-4.195606410503387451e-01 4.363267123699188232e-02 -4.460259974002838135e-01 1.786918491125106812e-01 -4.198134243488311768e-01 9.157487004995346069e-02 -2.835530042648315430e-01 -1.963202804327011108e-01
2.661911249160766602e-01 -2.158307582139968872e-01 9.346047639846801758e-01 -1.090458333492279053e-01 1.001353025436401367e+00 -6.628686934709548950e-02 3.948148488998413086e-01 7.301811128854751587e-03
2.101834304630756378e-02 1.547862142324447632e-01 5.576527118682861328e-01 4.115983247756958008e-01 -8.790817856788635254e-02 -1.085998937487602234e-01 1.227229386568069458e-01 1.567192226648330688e-01
-1.745826154947280884e-01 6.897223740816116333e-02 3.881320953369140625e-01 3.346321582794189453e-01 1.259062439203262329e-01 3.399645686149597168e-01 1.706774681806564331e-01 1.619956493377685547e-01
-1.160115122795104980e+00 1.356631368398666382e-01 -1.391402125358581543e+00 3.338316679000854492e-01 1.300268620252609253e-02 -1.876158118247985840e-01 9.014594554901123047e-02 1.740784645080566406e-01
-1.052530050277709961e+00 1.957312673330307007e-01 -6.180318593978881836e-01 -4.609329998493194580e-01 6.219712495803833008e-01 2.999372184276580811e-01 -8.112988620996475220e-02 9.312966465950012207e-02
-3.724106252193450928e-01 -2.103440314531326294e-01 -6.837673783302307129e-01 2.554412484169006348e-01 -3.856228291988372803e-01 6.333551406860351562e-01 4.692669212818145752e-02 3.129365295171737671e-02
-5.069473385810852051e-01 1.605688929557800293e-01 -4.665046557784080505e-02 3.091503977775573730e-01 -1.029828935861587524e-01 1.782755702733993530e-01 -5.399627685546875000e-01 -2.736349701881408691e-01
-7.420788407325744629e-01 1.074295025318861008e-02 -1.072165295481681824e-01 4.599868953227996826e-01 -2.968452498316764832e-02 -1.983771920204162598e-01 -3.042291700839996338e-01 2.640029489994049072e-01
2.730369567871093750e-01 -1.705935448408126831e-01 -4.302077889442443848e-01 -1.410559415817260742e-01 1.672494038939476013e-02 -3.903622180223464966e-02 -5.161956548690795898e-01 -3.619091957807540894e-02
-4.001856446266174316e-01 1.616616249084472656e-01 -6.711822748184204102e-01 1.484279334545135498e-01 -1.614764630794525146e-01 1.269749402999877930e-01 -5.804302096366882324e-01 4.953669607639312744e-01
-6.398941278457641602e-01 2.154684215784072876e-01 -1.255110055208206177e-01 1.431046128273010254e-01 5.665007233619689941e-01 -2.992968559265136719e-01 6.564457416534423828e-01 1.496053934097290039e-01
7.458948493003845215e-01 -1.391019672155380249e-01 3.402092680335044861e-02 -1.601050049066543579e-01 -1.289355903863906860e-01 3.144170716404914856e-02 -5.234834551811218262e-01 3.197711706161499023e-01
-8.088087439537048340e-01 4.043714702129364014e-01 7.704482227563858032e-02 2.228459417819976807e-01 3.551159799098968506e-01 -5.352786183357238770e-01 -1.159173622727394104e-01 -1.385715454816818237e-01
8.255972266197204590e-01 8.927623927593231201e-02 -2.601731538772583008e+00 -3.437745198607444763e-02 1.453553736209869385e-01 -4.191007465124130249e-02 -1.142058670520782471e-01 -2.396443486213684082e-02
-1.517052948474884033e-01 -1.551137864589691162e-01 -3.249575570225715637e-02 1.932157576084136963e-01 -1.403152197599411011e-01 -1.651031337678432465e-02 -5.095493048429489136e-03 4.847408737987279892e-03
-9.641823172569274902e-01 3.444101512432098389e-01 -1.389663666486740112e-01 3.849736750125885010e-01 -3.397616147994995117e-01 8.693767338991165161e-02 -9.350305050611495972e-02 1.997224427759647369e-02
-1.132287263870239258e+00 6.626881659030914307e-02 -1.794777214527130127e-01 7.734602093696594238e-01 -2.014316469430923462e-01 5.426221489906311035e-01 2.128045260906219482e-01 -6.981351971626281738e-02
2.934648096561431885e-02 -4.120064675807952881e-01 -3.616635203361511230e-01 -9.348554909229278564e-02 -6.077807769179344177e-02 2.257372587919235229e-01 -1.619584113359451294e-01 -6.535293906927108765e-02
2.783633470535278320e-01 -7.004076838493347168e-01 2.052880823612213135e-01 -8.619701266288757324e-01 -1.366075426340103149e-01 -3.957626223564147949e-01 -5.013044476509094238e-01 5.439458414912223816e-02
3.071415722370147705e-01 -7.432172298431396484e-01 3.291344940662384033e-01 -6.490037441253662109e-01 3.299340233206748962e-02 -4.893663525581359863e-02 9.543881565332412720e-02 -1.047080010175704956e-01
-5.206383466720581055e-01 -8.513373322784900665e-03 -1.631728559732437134e-01 6.757365912199020386e-02 -3.765875995159149170e-01 5.938329268246889114e-04 1.094017773866653442e-01 -1.913731172680854797e-02
-8.008641749620437622e-02 4.799921065568923950e-02 -4.123261868953704834e-01 1.393112838268280029e-01 -4.203980863094329834e-01 6.891843080520629883e-01 -7.767443656921386719e-01 2.164383530616760254e-01
-2.582628726959228516e-01 -1.000276580452919006e-01 -7.652833461761474609e-01 -3.390357196331024170e-01 -6.011246442794799805e-01 3.718330860137939453e-01 -7.394638061523437500e-01 -4.056575894355773926e-02
-1.294769525527954102e+00 -2.761830687522888184e-01 -2.402697205543518066e-01 -2.768494486808776855e-01 2.730005085468292236e-01 -4.316446781158447266e-01 -3.930374383926391602e-01 -2.769633010029792786e-02
-3.846869170665740967e-01 3.266460895538330078e-01 3.221588432788848877e-01 4.360896050930023193e-01 2.672355473041534424e-01 -1.948267072439193726e-01 7.025393098592758179e-02 2.147254496812820435e-01
-6.003579497337341309e-01 4.262406826019287109e-01 2.876349687576293945e-01 2.595056891441345215e-01 -3.355020880699157715e-01 6.102812290191650391e-01 1.388483196496963501e-01 1.569384783506393433e-01
3.937468230724334717e-01 6.948916614055633545e-02 4.335640668869018555e-01 5.397782921791076660e-01 5.732950568199157715e-01 -2.601099014282226562e-01 2.000287324190139771e-01 2.306823851540684700e-03
9.341657757759094238e-01 -3.889483213424682617e-01 -2.770104706287384033e-01 -4.553212225437164307e-01 3.492664694786071777e-01 8.037284016609191895e-01 -4.265000522136688232e-01 1.913331001996994019e-01
-6.195600628852844238e-01 8.559601381421089172e-03 -3.864574730396270752e-01 2.253327816724777222e-01 -7.921054027974605560e-03 -3.668046891689300537e-01 -2.385285645723342896e-01 -1.219021230936050415e-01
-1.913624703884124756e-01 4.649380147457122803e-01 4.715193808078765869e-01 3.021150231361389160e-01 1.976617276668548584e-01 4.671496748924255371e-01 2.551448643207550049e-01 -1.466626673936843872e-01
-1.176658987998962402e+00 -6.486034393310546875e-01 2.801520191133022308e-02 -4.800500273704528809e-01 -7.840999215841293335e-02 2.550034783780574799e-02 -5.459295511245727539e-01 1.439835727214813232e-01
1.020758390426635742e+00 2.863656282424926758e-01 -2.204560279846191406e+00 -1.934052854776382446e-01 -3.707034885883331299e-01 2.153499424457550049e-01 3.868537843227386475e-01 -1.134594753384590149e-01
-7.557281255722045898e-01 5.240968465805053711e-01 2.762736082077026367e-01 3.464812040328979492e-01 -1.699011474847793579e-01 2.301752120256423950e-01 -1.588105410337448120e-01 2.766387462615966797e-01
-5.453829765319824219e-01 1.386345922946929932e-01 -1.457999825477600098e+00 2.692770659923553467e-01 4.757818877696990967e-01 2.260816469788551331e-02 -7.013765722513198853e-02 -5.415474995970726013e-02
-7.082481980323791504e-01 -4.633855074644088745e-02 -7.762871682643890381e-02 4.096160531044006348e-01 -2.621327042579650879e-01 2.421497702598571777e-01 -1.375681608915328979e-01 -1.702142953872680664e-01
-6.310284137725830078e-01 -2.783823311328887939e-01 -5.758836865425109863e-01 2.925347387790679932e-01 -1.282848954200744629e+00 -1.510853171348571777e-01 -2.645315229892730713e-01 1.909807615447789431e-04
-6.685369014739990234e-01 5.276330709457397461e-01 4.062527120113372803e-01 1.426060497760772705e-01 1.952591687440872192e-01 -1.804645359516143799e-01 1.251686178147792816e-02 -1.544725447893142700e-01
4.863750934600830078e-01 -7.003589272499084473e-01 -1.399991214275360107e-01 -8.610562086105346680e-01 1.704098582267761230e-01 2.670600116252899170e-01 -1.233634829521179199e+00 -1.037101969122886658e-01
1.142278432846069336e+00 6.454630941152572632e-02 -5.309390649199485779e-02 4.791975915431976318e-01 -1.201687827706336975e-01 1.635130196809768677e-01 -3.181458711624145508e-01 -3.110299631953239441e-02
-5.521252155303955078e-01 1.484310925006866455e-01 -9.113430380821228027e-01 5.678800120949745178e-02 -6.180633604526519775e-02 3.519938588142395020e-01 -3.375999927520751953e-01 -2.255555838346481323e-01
3.814186751842498779e-01 -3.553552329540252686e-01 -2.539789080619812012e-01 -4.849624931812286377e-01 -3.689359724521636963e-01 -1.344850808382034302e-01 -6.164107322692871094e-01 -1.394841354340314865e-03
4.770953953266143799e-01 -4.616274237632751465e-01 -1.446835398674011230e-01 -2.947139739990234375e-01 5.546745657920837402e-01 4.702047705650329590e-01 7.044215202331542969e-01 2.868309020996093750e-01
-4.813227355480194092e-01 4.182817041873931885e-01 -3.502168357372283936e-01 -2.297316193580627441e-01 -5.974823608994483948e-02 -7.044260948896408081e-02 1.099795773625373840e-01 5.741461738944053650e-02
6.900953650474548340e-01 -4.914048686623573303e-02 6.215290427207946777e-01 -1.182863563299179077e-01 2.258656322956085205e-01 8.571168780326843262e-02 1.372519880533218384e-01 3.738938271999359131e-01
-3.514769375324249268e-01 6.619443893432617188e-01 -5.300803110003471375e-02 3.135686218738555908e-01 5.144016146659851074e-01 -1.406652778387069702e-01 -2.368497252464294434e-01 -2.231884747743606567e-01
9.458450078964233398e-01 -3.904210925102233887e-01 -2.154573798179626465e-01 -2.944765686988830566e-01 -1.679545938968658447e-01 5.877761840820312500e-01 -8.977394700050354004e-01 4.973255842924118042e-02
6.057654619216918945e-01 2.930163145065307617e-01 1.024898171424865723e+00 2.939003705978393555e-01 -1.392051018774509430e-02 -2.399754822254180908e-01 1.401071716099977493e-02 -3.522966057062149048e-02
1.748801112174987793e+00 3.706187307834625244e-01 7.551816105842590332e-01 5.099401473999023438e-01 -1.681740731000900269e-01 -1.439992990344762802e-02 6.154036615043878555e-03 2.631438076496124268e-01
-5.062590241432189941e-01 -3.249790146946907043e-02 -8.173248916864395142e-02 3.845002949237823486e-01 -2.228288725018501282e-02 2.820053100585937500e-01 7.313158512115478516e-01 2.702500298619270325e-02
-1.236592531204223633e+00 -5.021854043006896973e-01 -7.871333509683609009e-02 -3.586934208869934082e-01 -2.185475230216979980e-01 -4.150736033916473389e-01 -3.817802369594573975e-01 -4.103386029601097107e-02
