-4.030279517173767090e-01
4.914276897907257080e-01
2.872502207756042480e-01
1.143048107624053955e-01
3.229392766952514648e-01
2.111244946718215942e-01
5.454042553901672363e-01
3.165221512317657471e-01
4.162116646766662598e-01
3.680129647254943848e-01
3.383137583732604980e-01
4.578095674514770508e-01
3.840145170688629150e-01
4.717799425125122070e-01
-3.809125423431396484e-01
5.121835693717002869e-02
5.332151651382446289e-01
4.292806684970855713e-01
2.078203409910202026e-01
4.801165163516998291e-01
5.562234520912170410e-01
5.643939375877380371e-01
5.035865902900695801e-01
2.475678622722625732e-01
3.603494763374328613e-01
3.552883565425872803e-01
4.750332832336425781e-01
1.045084819197654724e-01
5.293239355087280273e-01
3.672074675559997559e-01
2.623424232006072998e-01
4.968124628067016602e-01
