7.038605958223342896e-02 -4.006202220916748047e-01 9.779281169176101685e-02 9.303605556488037109e-01 -3.878952935338020325e-02 -4.498457312583923340e-01 -6.047867238521575928e-02 -8.370019197463989258e-01 -3.317755460739135742e-01 2.382579445838928223e-01 5.930671468377113342e-02 2.917577624320983887e-01 -2.774610519409179688e-01 1.953524537384510040e-02 1.023203730583190918e-01 1.171388477087020874e-01 2.480033189058303833e-01 -1.922580003738403320e-01 -2.323347888886928558e-02 -5.118897557258605957e-01 1.295709460973739624e-01 -2.386432513594627380e-02 -6.549137234687805176e-01 -3.186196386814117432e-01 -1.415059566497802734e-01 -9.272806048393249512e-01 5.921541247516870499e-03 -4.622977972030639648e-02 1.691521853208541870e-01 1.782879829406738281e-01 -7.766231894493103027e-02 2.035868912935256958e-01 5.527385473251342773e-01 7.713228464126586914e-01 -4.404256641864776611e-01 -2.379701733589172363e-01 -1.167526617646217346e-01 -1.009847298264503479e-01 1.231504231691360474e-01 -3.751956671476364136e-02 6.543417572975158691e-01 -3.618620336055755615e-01 1.671210527420043945e-01 1.462751328945159912e-01 1.443626731634140015e-02 -3.766166269779205322e-01 5.570763722062110901e-02 7.148754596710205078e-02 5.389241501688957214e-02 5.008962154388427734e-01 3.819267749786376953e-01 -4.811587929725646973e-01 1.997954249382019043e-01 -1.602990180253982544e-02 -1.022100567817687988e+00 5.036846995353698730e-01 -4.828828573226928711e-01 9.746000170707702637e-02 8.438970148563385010e-02 -1.673707604408264160e+00 7.534307241439819336e-02 -8.649246394634246826e-02 -4.275273382663726807e-01 -3.963247537612915039e-01
2.688267230987548828e-01 1.378477960824966431e-01 3.633037209510803223e-01 -6.139506101608276367e-01 3.793869316577911377e-01 1.912951469421386719e-01 -6.345684640109539032e-03 2.600078880786895752e-01 1.392111182212829590e-01 -8.015546798706054688e-01 -7.133787497878074646e-03 -4.135365597903728485e-04 1.026533916592597961e-01 1.440660655498504639e-01 2.481905966997146606e-01 1.769419163465499878e-01 2.027931362390518188e-01 1.417965739965438843e-01 2.801887094974517822e-01 1.565689742565155029e-01 3.829984366893768311e-01 2.738867700099945068e-01 2.369519770145416260e-01 -2.454159557819366455e-01 3.974450528621673584e-01 2.752448618412017822e-01 3.899441659450531006e-01 -3.290009498596191406e-01 2.065174430608749390e-01 -1.603701114654541016e-01 3.915810585021972656e-01 -1.304624825716018677e-01 -5.611480474472045898e-01 -2.379768937826156616e-01 2.141247242689132690e-01 5.819992423057556152e-01 -1.114145889878273010e-01 5.489637851715087891e-01 4.979373514652252197e-02 2.999453842639923096e-01 -4.808783233165740967e-01 3.967331647872924805e-01 3.392229676246643066e-01 3.042418360710144043e-01 2.428067028522491455e-01 -8.675508946180343628e-02 2.608430981636047363e-01 -3.813996315002441406e-01 3.949398696422576904e-01 -4.725725054740905762e-01 1.294896304607391357e-01 2.383470088243484497e-01 -4.347286373376846313e-02 2.609044611454010010e-01 3.839718103408813477e-01 -6.588550657033920288e-02 1.290469169616699219e-01 -1.101057231426239014e-01 2.292654216289520264e-01 8.214403986930847168e-01 1.529300659894943237e-01 3.878051638603210449e-01 2.971745729446411133e-01 4.884116649627685547e-01
7.705473154783248901e-02 2.053654640913009644e-01 3.398054242134094238e-01 7.929815053939819336e-01 1.443924307823181152e-01 2.716256380081176758e-01 4.578450024127960205e-01 4.668993651866912842e-01 8.539810776710510254e-02 -8.793029189109802246e-01 7.020159810781478882e-02 -4.084564745426177979e-01 -8.452916145324707031e-01 2.800797224044799805e-01 -1.024166215211153030e-02 -9.567452222108840942e-02 6.414126604795455933e-02 -1.340310461819171906e-02 1.872480958700180054e-01 -2.392050623893737793e-01 -2.555603720247745514e-02 1.153501346707344055e-01 -8.644065260887145996e-02 3.961823582649230957e-01 1.890287399291992188e-01 -2.726860046386718750e-01 -2.111342549324035645e-01 8.450356125831604004e-01 1.613138169050216675e-01 3.327027857303619385e-01 2.333118766546249390e-01 1.946617513895034790e-01 7.357947826385498047e-01 1.863118559122085571e-01 2.428189516067504883e-01 -9.237024933099746704e-02 1.078088581562042236e-01 -1.455040872097015381e-01 -8.115634322166442871e-02 2.769826352596282959e-01 6.964601576328277588e-02 4.145891368389129639e-01 2.872818708419799805e-02 1.883254945278167725e-01 2.172568440437316895e-01 -8.533877134323120117e-01 7.823935151100158691e-02 5.095891952514648438e-01 2.443424761295318604e-01 4.844038188457489014e-01 -4.637811183929443359e-01 5.218907594680786133e-01 -8.395447582006454468e-02 2.602247595787048340e-01 3.219241499900817871e-01 5.193647742271423340e-01 3.096979558467864990e-01 2.147737443447113037e-01 -4.016410708427429199e-01 -5.112855881452560425e-02 -8.177295923233032227e-01 -1.260530471801757812e+00 2.611715495586395264e-01 2.127240598201751709e-01
3.247867822647094727e-01 -1.051544919610023499e-01 2.638091444969177246e-01 -4.255090840160846710e-03 1.934156268835067749e-01 -5.655236542224884033e-02 3.308494389057159424e-01 -8.244138956069946289e-02 1.166138648986816406e-01 7.222658991813659668e-01 2.274041809141635895e-02 1.863126456737518311e-01 -3.779501616954803467e-01 9.524499066174030304e-03 -9.091998338699340820e-01 1.836201995611190796e-01 2.967987209558486938e-02 4.918167889118194580e-01 2.464074343442916870e-01 2.753613293170928955e-01 2.434007227420806885e-01 2.872536480426788330e-01 3.439995944499969482e-01 2.238933145999908447e-01 7.949171960353851318e-02 8.334053307771682739e-02 5.251216292381286621e-01 1.126872897148132324e+00 1.476972103118896484e-01 1.498505473136901855e-01 2.746901512145996094e-01 7.764673829078674316e-01 -1.766125708818435669e-01 -9.744659066200256348e-01 1.147141680121421814e-01 2.419042140245437622e-01 -5.916506052017211914e-01 -3.303987979888916016e-01 4.385440945625305176e-01 1.338449865579605103e-01 -6.856482625007629395e-01 -5.635299682617187500e-01 4.223690330982208252e-01 2.026910893619060516e-02 -9.230269789695739746e-01 4.802263379096984863e-01 3.393722474575042725e-01 4.713256061077117920e-01 1.669057309627532959e-01 4.011811614036560059e-01 3.065783381462097168e-01 -4.984479546546936035e-01 2.499898076057434082e-01 2.998816072940826416e-01 -2.015223354101181030e-01 -8.059102892875671387e-01 1.292508989572525024e-01 -4.485802650451660156e-01 4.765543341636657715e-01 -1.743629872798919678e-01 1.699318736791610718e-01 -1.810092478990554810e-01 -2.261780202388763428e-01 -8.715013861656188965e-01
1.027170643210411072e-01 8.102028071880340576e-02 3.421816229820251465e-01 -7.713508605957031250e-01 3.256556987762451172e-01 3.152458071708679199e-01 -3.638104349374771118e-02 2.939404845237731934e-01 1.954626739025115967e-01 -7.181072235107421875e-01 6.820227950811386108e-02 7.526134699583053589e-02 8.956582099199295044e-02 1.232480853796005249e-01 5.486185103654861450e-02 7.231010496616363525e-02 2.105415910482406616e-01 3.450227901339530945e-02 3.099406361579895020e-01 1.623851507902145386e-01 2.611613273620605469e-01 2.906304895877838135e-01 3.040733933448791504e-01 -2.024561166763305664e-01 5.079592466354370117e-01 2.906446754932403564e-01 3.425319194793701172e-01 -4.371558725833892822e-01 3.605088591575622559e-02 -1.203119084239006042e-01 3.760381937026977539e-01 -1.431904882192611694e-01 -4.511261582374572754e-01 -2.352737449109554291e-02 2.080418616533279419e-01 5.480204820632934570e-01 8.532595634460449219e-02 3.718938827514648438e-01 3.083298169076442719e-02 4.063776433467864990e-01 -4.803230464458465576e-01 2.698862850666046143e-01 3.028685152530670166e-01 3.997722268104553223e-01 2.837183773517608643e-01 -1.147353202104568481e-01 3.790529966354370117e-01 -2.361905127763748169e-01 3.372591137886047363e-01 -5.341570973396301270e-01 8.799257874488830566e-02 3.986274600028991699e-01 -1.298241913318634033e-01 2.323680669069290161e-01 4.887652397155761719e-01 -1.377620548009872437e-01 2.574235796928405762e-01 -2.027553468942642212e-01 3.176617920398712158e-01 8.718833923339843750e-01 5.444525182247161865e-02 2.054924368858337402e-01 3.331763744354248047e-01 3.467938303947448730e-01
2.445890009403228760e-01 9.579014033079147339e-02 3.388588428497314453e-01 8.522588014602661133e-01 2.970169782638549805e-01 -1.532303690910339355e-01 3.159204423427581787e-01 3.863499760627746582e-01 2.796171009540557861e-01 6.902810335159301758e-01 -3.922433033585548401e-02 2.444323152303695679e-01 -6.756108403205871582e-01 -1.326790452003479004e-01 -6.273090839385986328e-01 1.733212769031524658e-01 1.648326814174652100e-01 2.162048667669296265e-01 2.551032900810241699e-01 -1.195399761199951172e-01 2.926938235759735107e-01 2.119663655757904053e-01 3.369539380073547363e-01 3.334760963916778564e-01 -2.070403099060058594e-01 -6.209389772266149521e-03 1.708581149578094482e-01 8.551962375640869141e-01 1.206713393330574036e-01 1.796886473894119263e-01 4.158678948879241943e-01 6.221103668212890625e-01 8.425104618072509766e-02 -7.273540496826171875e-01 1.421782821416854858e-01 1.654112935066223145e-01 -4.180334806442260742e-01 -4.650305211544036865e-01 2.045982927083969116e-01 1.874900013208389282e-01 -1.288533210754394531e+00 -1.635091155767440796e-01 1.995215266942977905e-01 1.681658625602722168e-01 -9.747041463851928711e-01 2.559098303318023682e-01 4.013838469982147217e-01 4.767718017101287842e-01 3.199611604213714600e-01 4.547384679317474365e-01 7.147442549467086792e-02 -4.929398894309997559e-01 3.570854365825653076e-01 3.985765390098094940e-03 -4.802749156951904297e-01 -5.082567930221557617e-01 8.531942218542098999e-02 -2.100453823804855347e-01 4.013297557830810547e-01 -1.818948835134506226e-01 -3.209689557552337646e-01 -3.077828586101531982e-01 -1.664878278970718384e-01 -8.100659251213073730e-01
1.161118000745773315e-01 1.129289790987968445e-01 3.207928836345672607e-01 -6.344590187072753906e-01 3.605770468711853027e-01 2.245984226465225220e-01 -6.912653893232345581e-02 9.007937461137771606e-02 1.984255909919738770e-01 -6.976370811462402344e-01 -1.877904986031353474e-03 6.789049506187438965e-02 9.817063808441162109e-02 2.363780289888381958e-01 2.245955914258956909e-01 2.916620671749114990e-02 2.622084617614746094e-01 1.840022392570972443e-02 2.655549347400665283e-01 3.011378645896911621e-01 3.102206587791442871e-01 2.281537950038909912e-01 3.098455369472503662e-01 -5.564082041382789612e-02 5.944442749023437500e-01 3.140275776386260986e-01 2.711412310600280762e-01 -4.886968433856964111e-01 3.298205882310867310e-02 -6.156885623931884766e-02 3.583977520465850830e-01 9.716017171740531921e-03 -4.989230930805206299e-01 -1.671329438686370850e-01 3.489125967025756836e-01 4.214593470096588135e-01 9.271991997957229614e-02 3.258111774921417236e-01 4.957872256636619568e-02 4.338913559913635254e-01 -5.788360834121704102e-01 2.628863155841827393e-01 2.378595918416976929e-01 3.897653818130493164e-01 2.859029173851013184e-01 -8.141081035137176514e-02 4.150262773036956787e-01 -2.964299917221069336e-01 2.934783995151519775e-01 -5.746762156486511230e-01 1.521225571632385254e-01 3.160919845104217529e-01 -2.299446612596511841e-03 1.907537430524826050e-01 4.624637961387634277e-01 -9.676389396190643311e-02 1.364042162895202637e-01 -4.646080359816551208e-02 3.990629017353057861e-01 8.854147791862487793e-01 1.656647920608520508e-01 2.300264239311218262e-01 3.429889678955078125e-01 4.156048297882080078e-01
1.827619522809982300e-01 4.891058057546615601e-02 1.447704136371612549e-01 -6.192336082458496094e-01 2.590397298336029053e-01 2.491780370473861694e-01 2.725199796259403229e-03 1.664290577173233032e-01 1.095780804753303528e-01 -6.181011199951171875e-01 1.790909469127655029e-01 -3.820666298270225525e-02 4.447321221232414246e-02 5.106173828244209290e-02 1.337846517562866211e-01 4.265687614679336548e-02 1.694666594266891479e-01 9.985440224409103394e-02 5.400987342000007629e-02 2.094099372625350952e-01 1.020227745175361633e-01 2.561515569686889648e-01 1.368597149848937988e-01 -2.296523749828338623e-01 3.891168534755706787e-01 2.003783136606216431e-01 3.591238856315612793e-01 -2.403407692909240723e-01 -7.434702664613723755e-02 -2.382906675338745117e-01 4.109092950820922852e-01 -1.430803537368774414e-01 -3.951098620891571045e-01 -2.882750928401947021e-01 1.559360176324844360e-01 4.126363396644592285e-01 6.975137442350387573e-02 4.603234529495239258e-01 1.455006450414657593e-01 2.158491313457489014e-01 -5.480331182479858398e-01 1.731477975845336914e-01 8.226075768470764160e-02 2.909415960311889648e-01 2.576956450939178467e-01 6.077927350997924805e-02 1.884903609752655029e-01 -2.364359498023986816e-01 2.915079593658447266e-01 -5.781673192977905273e-01 1.000295281410217285e-01 2.955980598926544189e-01 -2.028849124908447266e-01 2.508790194988250732e-01 3.124529719352722168e-01 -1.138629168272018433e-01 1.886532902717590332e-01 -7.088425010442733765e-02 1.794277578592300415e-01 6.625946164131164551e-01 5.727403610944747925e-02 2.335029244422912598e-01 3.288777768611907959e-01 3.489669263362884521e-01
8.056861907243728638e-02 1.257448196411132812e-01 3.524295687675476074e-01 -7.140244245529174805e-01 2.141152322292327881e-01 2.436413913965225220e-01 -1.205198690295219421e-01 1.561070680618286133e-01 1.000164076685905457e-01 -7.720002532005310059e-01 1.550269573926925659e-01 3.189666941761970520e-02 1.773878782987594604e-01 2.147555798292160034e-01 1.052404716610908508e-01 1.184766218066215515e-01 2.734576165676116943e-01 4.921123757958412170e-02 3.202039599418640137e-01 2.246497124433517456e-01 3.909254074096679688e-01 3.175887465476989746e-01 1.102023944258689880e-01 -9.931141138076782227e-02 6.302980780601501465e-01 1.793278604745864868e-01 3.010172545909881592e-01 -2.498571276664733887e-01 1.701814085245132446e-01 -2.417306303977966309e-01 3.454213738441467285e-01 8.700788021087646484e-03 -5.324900150299072266e-01 -1.121677532792091370e-01 3.644028604030609131e-01 5.573270916938781738e-01 -6.932146102190017700e-02 4.112011492252349854e-01 2.876240573823451996e-02 4.373488128185272217e-01 -5.523995757102966309e-01 2.948816716670989990e-01 3.526098430156707764e-01 4.318238496780395508e-01 2.461128830909729004e-01 -2.102460339665412903e-02 4.749727547168731689e-01 -4.043060839176177979e-01 4.040441215038299561e-01 -6.100004315376281738e-01 2.830452919006347656e-01 2.948931157588958740e-01 -2.471984736621379852e-02 2.559870779514312744e-01 5.426704287528991699e-01 6.235080957412719727e-02 2.389518618583679199e-01 -1.340626031160354614e-01 3.828268051147460938e-01 6.969159841537475586e-01 1.523220818489789963e-02 3.693760633468627930e-01 4.029097259044647217e-01 5.432918071746826172e-01
1.151832565665245056e-01 2.059859782457351685e-01 3.481485247611999512e-01 -7.459271550178527832e-01 1.964339911937713623e-01 1.793630570173263550e-01 7.727707270532846451e-03 6.115624681115150452e-02 2.416504323482513428e-01 -7.788717746734619141e-01 4.043579846620559692e-02 -6.568015087395906448e-04 1.461382023990154266e-02 4.880080744624137878e-02 1.795084327459335327e-01 4.959583282470703125e-02 1.927792280912399292e-01 1.867966540157794952e-02 1.785951107740402222e-01 2.767894566059112549e-01 1.898590028285980225e-01 3.200250864028930664e-01 2.987431585788726807e-01 -2.957097589969635010e-01 6.251606345176696777e-01 2.481697052717208862e-01 3.574214875698089600e-01 -3.224494159221649170e-01 -3.438711166381835938e-02 -5.812374129891395569e-02 3.650504648685455322e-01 -6.131760776042938232e-02 -3.949411213397979736e-01 -1.032243818044662476e-01 3.808588087558746338e-01 5.122173428535461426e-01 9.549273550510406494e-02 5.155757069587707520e-01 2.223480492830276489e-01 3.777901530265808105e-01 -4.511416554450988770e-01 3.966512084007263184e-01 1.600486934185028076e-01 2.714042365550994873e-01 2.874532938003540039e-01 -8.235007524490356445e-02 3.639678657054901123e-01 -2.113878726959228516e-01 1.564457118511199951e-01 -4.923709332942962646e-01 1.926971375942230225e-01 3.749482333660125732e-01 -6.327196955680847168e-02 1.799224913120269775e-01 3.695534467697143555e-01 -1.430934071540832520e-01 2.513763010501861572e-01 -2.216519117355346680e-01 2.973733544349670410e-01 6.900488734245300293e-01 6.200830452144145966e-03 2.830310761928558350e-01 2.449069023132324219e-01 3.722262680530548096e-01
9.337197057902812958e-03 4.672569409012794495e-02 1.386287212371826172e-01 4.502519667148590088e-01 1.995929330587387085e-01 -6.215434893965721130e-02 4.749078154563903809e-01 1.547518819570541382e-01 1.851740628480911255e-01 -1.518197953701019287e-01 1.781250163912773132e-02 -4.597654640674591064e-01 -6.142536401748657227e-01 1.806957125663757324e-01 -5.167793482542037964e-02 7.823485136032104492e-02 5.371765419840812683e-02 -1.301121115684509277e-01 1.696337014436721802e-01 -5.610523819923400879e-01 -2.990989305544644594e-04 3.728809207677841187e-02 7.522914558649063110e-02 -2.346349507570266724e-01 4.126788973808288574e-01 1.051252186298370361e-01 -2.688747830688953400e-02 5.664494037628173828e-01 8.653830736875534058e-02 -1.417573839426040649e-01 1.200452968478202820e-01 6.748330593109130859e-02 5.454081296920776367e-01 2.143021486699581146e-02 8.970612287521362305e-02 -7.077272236347198486e-02 -6.250538676977157593e-02 -5.081310272216796875e-01 -4.882726073265075684e-02 2.799598276615142822e-01 -7.991597652435302734e-01 5.965523719787597656e-01 7.261295616626739502e-02 7.975474745035171509e-02 -2.537121176719665527e-01 -7.867315411567687988e-01 1.987282037734985352e-01 2.782523632049560547e-01 4.809417203068733215e-02 5.711389183998107910e-01 -9.540393352508544922e-01 5.444083809852600098e-01 -1.817434728145599365e-01 4.152707457542419434e-01 2.913549840450286865e-01 3.246012330055236816e-01 4.151761159300804138e-02 4.987723752856254578e-02 -2.521489858627319336e-01 2.394513785839080811e-01 -5.863711833953857422e-01 -6.855823993682861328e-01 2.390836775302886963e-01 -1.262657940387725830e-01
2.331908345222473145e-01 1.867530196905136108e-01 3.451822102069854736e-01 -8.398550152778625488e-01 2.881428301334381104e-01 1.270101815462112427e-01 -1.442655622959136963e-01 1.510702669620513916e-01 1.210184246301651001e-01 -8.848208785057067871e-01 3.159867599606513977e-02 -7.348074018955230713e-02 1.379346400499343872e-01 8.342656493186950684e-02 1.165663599967956543e-01 5.876216664910316467e-02 7.372561842203140259e-02 -2.599758841097354889e-02 3.015155494213104248e-01 2.272349148988723755e-01 3.124135136604309082e-01 2.920740842819213867e-01 2.547834217548370361e-01 -2.909051179885864258e-01 4.866184294223785400e-01 2.842171490192413330e-01 3.602641820907592773e-01 -3.822007775306701660e-01 7.567600347101688385e-03 -1.316538453102111816e-01 2.931864261627197266e-01 -6.728946231305599213e-03 -4.168564975261688232e-01 -1.163790598511695862e-01 3.664390444755554199e-01 3.276659250259399414e-01 -9.345559775829315186e-02 3.238875567913055420e-01 1.691735833883285522e-01 2.668344080448150635e-01 -5.564684867858886719e-01 2.169977426528930664e-01 2.690643668174743652e-01 3.345416188240051270e-01 2.622857987880706787e-01 -1.889407932758331299e-01 3.939249515533447266e-01 -2.129161506891250610e-01 2.358125299215316772e-01 -4.741749763488769531e-01 1.693295985460281372e-01 2.667053937911987305e-01 -1.283768266439437866e-01 1.490781903266906738e-01 3.966090381145477295e-01 -1.448238641023635864e-01 2.225792109966278076e-01 -1.946311146020889282e-01 1.611331403255462646e-01 7.480916976928710938e-01 1.032396830851212144e-04 2.337906956672668457e-01 4.214555323123931885e-01 4.579564929008483887e-01
7.384161651134490967e-02 2.713944017887115479e-01 2.018635272979736328e-01 3.778013586997985840e-01 3.211179971694946289e-01 -9.371306747198104858e-02 3.880357742309570312e-01 4.120661020278930664e-01 3.474190831184387207e-01 4.593254923820495605e-01 1.159815490245819092e-01 -4.516051709651947021e-01 -5.402535200119018555e-01 5.952412486076354980e-01 -1.353174746036529541e-01 -4.441395029425621033e-02 1.019431054592132568e-01 4.092714786529541016e-01 1.568782329559326172e-01 7.712680101394653320e-02 1.324378550052642822e-01 -1.199765596538782120e-02 2.546743452548980713e-01 -6.181967630982398987e-02 -1.507270932197570801e-01 1.850609183311462402e-01 -2.016796171665191650e-01 5.367159247398376465e-01 7.128006219863891602e-02 -6.771147251129150391e-01 5.703711882233619690e-02 -4.501675069332122803e-02 4.131247103214263916e-01 1.187734752893447876e-01 2.373600602149963379e-01 2.894917726516723633e-01 1.631737947463989258e-01 -1.204558759927749634e-01 -6.527127623558044434e-01 2.049743682146072388e-01 -2.224639654159545898e+00 8.047423958778381348e-01 4.383502528071403503e-02 4.600238427519798279e-02 1.444809436798095703e-01 2.605554163455963135e-01 2.888605743646621704e-02 3.711378276348114014e-01 1.518315821886062622e-01 5.815795063972473145e-01 -7.776520252227783203e-01 6.898673772811889648e-01 2.473522871732711792e-01 4.548690617084503174e-01 4.633808732032775879e-01 3.520769178867340088e-01 1.277735978364944458e-01 -1.401197016239166260e-01 -2.653752565383911133e-01 5.356169939041137695e-01 -9.065724015235900879e-01 -3.384109735488891602e-01 4.556674659252166748e-01 -3.017175942659378052e-02
1.777833104133605957e-01 1.824470609426498413e-01 2.078825384378433228e-01 8.214015364646911621e-01 2.175967097282409668e-01 2.255559712648391724e-01 4.329898953437805176e-01 4.151941835880279541e-01 2.817548438906669617e-02 -8.006220459938049316e-01 9.438785910606384277e-02 -5.820741653442382812e-01 -1.026618599891662598e+00 3.653838336467742920e-01 1.200450584292411804e-01 3.394430875778198242e-02 1.676131039857864380e-01 1.176263242959976196e-01 2.602211236953735352e-01 -4.049519896507263184e-01 2.497543394565582275e-02 1.571663096547126770e-02 -1.398705542087554932e-01 3.193945586681365967e-01 3.053881525993347168e-01 -4.798810184001922607e-01 -1.198426559567451477e-01 8.718382716178894043e-01 5.977611988782882690e-02 2.260061949491500854e-01 2.934692203998565674e-01 2.023001313209533691e-01 6.330927014350891113e-01 3.498733639717102051e-01 3.398498594760894775e-01 -5.565129965543746948e-02 2.912977337837219238e-01 -1.950315535068511963e-01 -1.253635287284851074e-01 2.770058810710906982e-01 4.646183922886848450e-02 4.530901014804840088e-01 8.354274928569793701e-02 4.358020797371864319e-02 4.949576035141944885e-02 -9.154285192489624023e-01 7.212008535861968994e-02 2.023667693138122559e-01 2.395443022251129150e-01 6.506013870239257812e-01 -6.848144531250000000e-01 4.079815149307250977e-01 -1.292396038770675659e-01 4.242953360080718994e-01 2.838627398014068604e-01 5.992079973220825195e-01 2.874388694763183594e-01 -7.663968950510025024e-03 -3.750559091567993164e-01 -2.003141492605209351e-01 -8.752949833869934082e-01 -1.264959096908569336e+00 3.863598108291625977e-01 1.695274561643600464e-01
-1.596930772066116333e-01 -4.884389340877532959e-01 -2.175043225288391113e-01 -1.300006508827209473e-01 -1.117552444338798523e-02 -2.927947938442230225e-01 9.900102615356445312e-01 -2.707934975624084473e-01 9.080046415328979492e-02 -7.196685075759887695e-01 -1.130720973014831543e-01 4.082578122615814209e-01 -3.418020725250244141e+00 4.367355406284332275e-01 -1.022216398268938065e-02 -3.649333417415618896e-01 -1.203716546297073364e-01 1.055442452430725098e+00 1.093680709600448608e-01 5.262581706047058105e-01 3.172430098056793213e-01 1.498965471982955933e-01 1.575024425983428955e-01 8.298857212066650391e-01 9.211286157369613647e-02 3.754919767379760742e-01 2.012813985347747803e-01 5.644638538360595703e-01 -2.126065194606781006e-01 4.600588604807853699e-02 -3.860150277614593506e-01 -6.686794161796569824e-01 9.987577795982360840e-01 2.230703234672546387e-01 -5.747153759002685547e-01 5.385217666625976562e-01 8.159114718437194824e-01 2.906371951103210449e-01 1.415957659482955933e-01 -4.510265290737152100e-01 -1.036444306373596191e+00 1.863858252763748169e-01 2.128655165433883667e-01 -4.106391370296478271e-01 1.182790324091911316e-01 4.079874157905578613e-01 -1.061229854822158813e-01 9.960038661956787109e-01 -8.289573341608047485e-02 1.197508335113525391e+00 3.256372511386871338e-01 7.681046128273010254e-01 7.281700372695922852e-01 5.488879680633544922e-01 8.987514674663543701e-02 -1.057148054242134094e-01 -2.780414223670959473e-01 -1.056473016738891602e+00 4.084516465663909912e-01 8.524932861328125000e-01 -1.198543787002563477e+00 -6.632309556007385254e-01 -1.256643056869506836e+00 -7.600000500679016113e-02
3.272690773010253906e-01 6.421800702810287476e-02 1.731335222721099854e-01 4.897791147232055664e-01 3.044201135635375977e-01 4.289638996124267578e-02 2.034073919057846069e-01 2.292324751615524292e-01 1.285652816295623779e-01 3.710140585899353027e-01 1.175990402698516846e-01 1.757532171905040741e-02 -6.198701858520507812e-01 -1.201304048299789429e-01 -8.589720726013183594e-01 2.078655958175659180e-01 3.145035207271575928e-01 1.924846917390823364e-01 2.812725603580474854e-01 1.214056834578514099e-01 7.554552704095840454e-02 3.101717531681060791e-01 4.399873316287994385e-01 2.878852188587188721e-01 5.543126910924911499e-02 3.827015683054924011e-02 2.753969728946685791e-01 6.136911511421203613e-01 2.194816470146179199e-01 2.769194245338439941e-01 3.290010690689086914e-01 7.938753962516784668e-01 -1.240346550941467285e+00 -9.981961846351623535e-01 -9.620764851570129395e-02 2.311101108789443970e-01 -2.737729251384735107e-01 -3.461957573890686035e-01 3.028766512870788574e-01 2.239577770233154297e-01 -1.468118190765380859e+00 -1.629123687744140625e-01 3.181955516338348389e-01 2.722894549369812012e-01 -9.809791445732116699e-01 3.157894015312194824e-01 3.062117099761962891e-01 2.716319859027862549e-01 2.662562131881713867e-01 4.696692824363708496e-01 1.552667319774627686e-01 -4.271753728389739990e-01 2.382629811763763428e-01 8.175816386938095093e-02 -3.705286383628845215e-01 -5.175921916961669922e-01 5.055262893438339233e-02 -1.900256425142288208e-01 5.140879750251770020e-01 4.852374643087387085e-02 -1.120193824172019958e-01 -2.851430177688598633e-01 -1.762789487838745117e-01 -9.598425626754760742e-01
1.233264952898025513e-01 1.929969787597656250e-01 3.192580342292785645e-01 -7.566596269607543945e-01 3.500204980373382568e-01 1.352407932281494141e-01 7.944571226835250854e-02 1.128633171319961548e-01 1.332789361476898193e-01 -7.719282507896423340e-01 2.195398509502410889e-01 8.351476490497589111e-02 1.763860583305358887e-01 5.521067976951599121e-02 8.759135752916336060e-02 1.998396962881088257e-01 2.147933691740036011e-01 8.398685604333877563e-02 3.813088834285736084e-01 2.066578119993209839e-01 3.677928149700164795e-01 4.024519324302673340e-01 1.633301377296447754e-01 -2.861619591712951660e-01 5.867762565612792969e-01 3.669156134128570557e-01 2.968982756137847900e-01 -3.088132739067077637e-01 -2.497358433902263641e-02 -2.029041349887847900e-01 5.495045185089111328e-01 1.103036031126976013e-01 -4.228519499301910400e-01 -1.324912011623382568e-01 3.804407417774200439e-01 5.294889807701110840e-01 -7.446715235710144043e-02 5.341488122940063477e-01 1.591930687427520752e-01 4.127829968929290771e-01 -4.049837589263916016e-01 3.576823174953460693e-01 2.744798362255096436e-01 2.888166308403015137e-01 3.601070046424865723e-01 -1.625190861523151398e-02 3.025428950786590576e-01 -2.134962379932403564e-01 2.309464514255523682e-01 -5.193617343902587891e-01 6.663407385349273682e-02 3.342247903347015381e-01 6.591766327619552612e-02 1.987942755222320557e-01 4.737637639045715332e-01 -1.399079412221908569e-01 1.362066417932510376e-01 -2.018092721700668335e-01 2.559255957603454590e-01 6.743803024291992188e-01 1.927685588598251343e-01 2.038168311119079590e-01 2.548849582672119141e-01 5.050778388977050781e-01
1.049011945724487305e-01 1.357569843530654907e-01 2.767556011676788330e-01 -6.478450298309326172e-01 2.816924452781677246e-01 2.118182927370071411e-01 4.825264587998390198e-02 1.565017700195312500e-01 1.297988444566726685e-01 -7.163860797882080078e-01 5.130010843276977539e-02 3.644520789384841919e-02 1.864010840654373169e-01 2.270176634192466736e-02 8.811047673225402832e-02 6.871554255485534668e-02 1.606361567974090576e-01 -1.209059264510869980e-02 1.805091947317123413e-01 2.054885327816009521e-01 1.771525144577026367e-01 3.292593955993652344e-01 3.014808893203735352e-01 -6.022065132856369019e-02 5.917584300041198730e-01 2.025483101606369019e-01 3.051878511905670166e-01 -2.910033762454986572e-01 1.204981058835983276e-01 -2.640200555324554443e-01 5.063326358795166016e-01 -8.732040971517562866e-02 -3.993168771266937256e-01 -2.669788599014282227e-01 2.506725192070007324e-01 3.318231999874114990e-01 1.347806155681610107e-01 3.288664817810058594e-01 7.619886845350265503e-02 2.901015579700469971e-01 -5.314974188804626465e-01 2.872557044029235840e-01 1.358911395072937012e-01 2.415150552988052368e-01 3.268285989761352539e-01 5.885636061429977417e-02 2.305561602115631104e-01 -3.566900491714477539e-01 3.886032998561859131e-01 -5.135815739631652832e-01 1.912745535373687744e-01 2.605956494808197021e-01 -1.158640384674072266e-01 2.893493175506591797e-01 3.652145862579345703e-01 -1.717243343591690063e-02 2.251582443714141846e-01 -1.229510530829429626e-01 1.718815118074417114e-01 6.592255234718322754e-01 1.509027779102325439e-01 2.234107553958892822e-01 1.862027496099472046e-01 3.416092395782470703e-01
1.924525976181030273e+00 -2.173251211643218994e-01 1.236237958073616028e-01 6.099194884300231934e-01 1.713315583765506744e-02 4.152852892875671387e-01 -3.677464425563812256e-01 -8.725159764289855957e-01 8.235626667737960815e-02 1.147296428680419922e+00 -1.053563728928565979e-01 -8.656268119812011719e-01 -3.128201365470886230e-01 -3.432061150670051575e-02 -2.642297744750976562e+00 -1.568349599838256836e-01 5.288583412766456604e-02 2.012267559766769409e-01 6.964505314826965332e-01 1.609396785497665405e-01 -2.571744024753570557e-01 1.573845744132995605e-01 -2.279749140143394470e-02 -1.866373121738433838e-01 8.645339608192443848e-01 6.222258880734443665e-02 2.940739393234252930e-01 1.872554898262023926e+00 -2.191949076950550079e-02 -8.547689765691757202e-02 3.728104829788208008e-01 2.671497762203216553e-01 2.308777719736099243e-01 -1.316969394683837891e-01 3.184915184974670410e-01 1.218171417713165283e-01 -8.399688601493835449e-01 -1.590516209602355957e+00 -1.096183992922306061e-02 2.362576872110366821e-01 -3.103445470333099365e-01 8.749426901340484619e-02 -7.703304290771484375e-02 -4.671432822942733765e-02 -3.515832185745239258e+00 -6.357545256614685059e-01 2.376164495944976807e-01 -1.054941192269325256e-01 2.887486815452575684e-01 8.662922680377960205e-02 -1.033747673034667969e+00 5.342016927897930145e-03 -4.880819916725158691e-01 -3.253893181681632996e-02 5.948560237884521484e-01 1.036334186792373657e-01 2.076921612024307251e-01 -3.929673731327056885e-01 -1.212509199976921082e-01 3.720358610153198242e-01 -3.549205362796783447e-01 -6.224067807197570801e-01 1.049133986234664917e-01 -1.137032032012939453e+00
2.334086894989013672e-01 2.592460513114929199e-01 3.637675940990447998e-01 -5.867378115653991699e-01 2.574988603591918945e-01 1.785834133625030518e-01 -4.935101419687271118e-02 1.867696195840835571e-01 8.275765180587768555e-02 -7.166495323181152344e-01 3.279941901564598083e-02 1.319218873977661133e-01 2.677932977676391602e-01 2.639109492301940918e-01 2.342418879270553589e-01 1.333958655595779419e-01 2.022167593240737915e-01 2.716468647122383118e-02 2.709110677242279053e-01 1.984986811876296997e-01 3.978391587734222412e-01 1.883954405784606934e-01 1.223333701491355896e-01 -1.007710546255111694e-01 4.205293357372283936e-01 2.439162284135818481e-01 4.284850955009460449e-01 -4.106236994266510010e-01 -3.252657502889633179e-02 -9.076409041881561279e-02 5.316302776336669922e-01 -1.224742159247398376e-01 -4.966986477375030518e-01 -1.518618613481521606e-01 1.883608698844909668e-01 5.646755695343017578e-01 1.260049492120742798e-01 5.476588010787963867e-01 1.534297764301300049e-01 2.836902439594268799e-01 -5.261939764022827148e-01 4.027350842952728271e-01 1.601250916719436646e-01 3.890591263771057129e-01 2.510086596012115479e-01 -3.055034391582012177e-02 2.921862304210662842e-01 -2.821493744850158691e-01 2.201563119888305664e-01 -4.159298539161682129e-01 1.505967825651168823e-01 3.285729289054870605e-01 -9.193411469459533691e-02 7.068832218647003174e-02 2.723453044891357422e-01 -2.090767323970794678e-01 1.642297059297561646e-01 -1.979136168956756592e-01 2.831842899322509766e-01 7.084443569183349609e-01 2.218776196241378784e-02 1.835489124059677124e-01 3.269155025482177734e-01 5.122421979904174805e-01
7.265461981296539307e-02 9.074688702821731567e-02 2.701194882392883301e-01 -6.665136814117431641e-01 1.649450510740280151e-01 2.881991267204284668e-01 -2.666964568197727203e-02 7.859749346971511841e-02 2.694669552147388458e-02 -8.128517866134643555e-01 1.411725729703903198e-01 8.950737863779067993e-02 1.148801594972610474e-01 6.838979572057723999e-02 2.580653131008148193e-01 -1.238143537193536758e-03 1.650102585554122925e-01 1.149858757853507996e-01 1.208339184522628784e-01 1.683316230773925781e-01 2.505377233028411865e-01 2.548949420452117920e-01 2.468675523996353149e-01 -1.352490335702896118e-01 4.037723541259765625e-01 2.092159986495971680e-01 3.183788359165191650e-01 -2.989331483840942383e-01 1.817377060651779175e-01 -2.008332163095474243e-01 5.413233041763305664e-01 5.020897090435028076e-02 -5.136085152626037598e-01 -1.894609630107879639e-01 1.930889636278152466e-01 4.328796267509460449e-01 -8.704484254121780396e-02 5.217899680137634277e-01 2.339074611663818359e-01 4.446530640125274658e-01 -5.706706047058105469e-01 2.355545014142990112e-01 3.567272722721099854e-01 2.423116564750671387e-01 3.214636445045471191e-01 2.192238159477710724e-02 3.860087990760803223e-01 -2.645811438560485840e-01 2.844764888286590576e-01 -5.933551788330078125e-01 7.220759242773056030e-02 4.409690499305725098e-01 2.572980150580406189e-02 1.772877424955368042e-01 3.892267942428588867e-01 -5.166519060730934143e-02 3.159007728099822998e-01 -5.242032930254936218e-02 3.542748689651489258e-01 6.797404885292053223e-01 9.478531032800674438e-02 2.216074466705322266e-01 3.730525374412536621e-01 4.222559630870819092e-01
-1.498095318675041199e-02 3.483672440052032471e-01 1.214553788304328918e-01 5.233274698257446289e-01 3.110648095607757568e-01 -8.840109407901763916e-02 5.521035790443420410e-01 3.311560750007629395e-01 1.623930484056472778e-01 2.434498965740203857e-01 1.532072424888610840e-01 -4.748745560646057129e-01 -5.524396300315856934e-01 5.900940299034118652e-01 -2.871336601674556732e-02 -3.656269237399101257e-02 1.910046674311161041e-02 5.499243736267089844e-01 1.858866065740585327e-01 -1.344306468963623047e-01 1.680906265974044800e-01 7.401067763566970825e-02 4.461779072880744934e-02 -1.272804290056228638e-01 -2.037070095539093018e-01 1.673776209354400635e-01 -2.957102656364440918e-01 4.902793765068054199e-01 3.155302628874778748e-02 -6.547091007232666016e-01 1.688285171985626221e-01 4.892683401703834534e-02 3.792042136192321777e-01 -2.934074145741760731e-04 3.452206254005432129e-01 9.176829457283020020e-02 1.671375241130590439e-03 -1.066831573843955994e-01 -5.329717397689819336e-01 1.730877161026000977e-01 -2.147885560989379883e+00 7.668696641921997070e-01 1.261942982673645020e-01 3.766335546970367432e-02 -1.280988305807113647e-01 2.057765722274780273e-01 1.364413350820541382e-01 4.733407795429229736e-01 2.699285000562667847e-02 7.024939656257629395e-01 -8.311612010002136230e-01 5.936989784240722656e-01 2.786794006824493408e-01 5.186221003532409668e-01 5.431298613548278809e-01 3.566682934761047363e-01 -1.837437599897384644e-02 -1.179928183555603027e-01 -4.174181520938873291e-01 4.754283130168914795e-01 -7.955914735794067383e-01 -3.448099792003631592e-01 3.003773093223571777e-01 1.722268909215927124e-01
1.786908507347106934e-01 2.824369668960571289e-01 3.840456604957580566e-01 -7.464139461517333984e-01 2.583919167518615723e-01 3.045102655887603760e-01 4.058140888810157776e-02 9.732034057378768921e-02 2.379422634840011597e-01 -6.951816082000732422e-01 9.763868153095245361e-02 -8.342062681913375854e-02 1.530152559280395508e-01 1.345710605382919312e-01 1.043172404170036316e-01 1.539302617311477661e-01 2.265381217002868652e-01 1.031938474625349045e-02 3.020230233669281006e-01 1.074050515890121460e-01 2.343268990516662598e-01 3.122580051422119141e-01 1.050448641180992126e-01 -2.984623014926910400e-01 5.714302659034729004e-01 2.824863195419311523e-01 2.544623315334320068e-01 -2.360479086637496948e-01 1.767508238554000854e-01 -2.264797836542129517e-01 4.075807034969329834e-01 -1.459823995828628540e-01 -4.315670728683471680e-01 -2.567309886217117310e-02 1.541884541511535645e-01 5.228973627090454102e-01 9.756754338741302490e-02 3.455696702003479004e-01 6.551225483417510986e-02 4.204285442829132080e-01 -6.108784079551696777e-01 3.286670744419097900e-01 3.030306398868560791e-01 2.880716919898986816e-01 2.786053121089935303e-01 1.032634675502777100e-01 3.433369994163513184e-01 -3.969315290451049805e-01 1.572224050760269165e-01 -5.875251293182373047e-01 1.323655098676681519e-01 4.267051815986633301e-01 -1.603502035140991211e-01 2.444083839654922485e-01 4.653088152408599854e-01 -1.588407307863235474e-01 1.235184669494628906e-01 -7.071986049413681030e-02 3.341765999794006348e-01 8.740934133529663086e-01 -1.715290546417236328e-02 2.083571851253509521e-01 2.105440199375152588e-01 3.777823746204376221e-01
4.453234374523162842e-02 2.600868940353393555e-01 2.056894600391387939e-01 5.299307107925415039e-01 2.214270234107971191e-01 -7.809322327375411987e-02 5.395283102989196777e-01 2.037973552942276001e-01 2.249988168478012085e-01 -1.318575143814086914e+00 1.344564408063888550e-01 -5.590952038764953613e-01 -8.317567706108093262e-01 4.024593532085418701e-01 -1.179471164941787720e-01 1.014251336455345154e-01 2.372314929962158203e-01 -3.929875791072845459e-02 5.729202553629875183e-02 -4.986418485641479492e-01 1.172423213720321655e-01 -4.266173020005226135e-02 1.125988513231277466e-01 -5.498322471976280212e-02 4.718482196331024170e-01 -2.651099488139152527e-02 -2.094221413135528564e-01 4.634185135364532471e-02 2.092271596193313599e-01 -9.670024365186691284e-02 1.424894481897354126e-01 4.532076790928840637e-02 6.447666287422180176e-01 1.363023966550827026e-01 3.106648027896881104e-01 5.617705173790454865e-03 2.059681713581085205e-01 -2.901800870895385742e-01 -2.432925999164581299e-01 3.248063921928405762e-01 -8.249024748802185059e-01 7.980861663818359375e-01 -1.234399601817131042e-01 1.447251737117767334e-01 -2.291015833616256714e-01 -1.366649031639099121e+00 7.362610101699829102e-02 2.011294066905975342e-01 -3.592534735798835754e-02 7.691262960433959961e-01 -7.861000299453735352e-01 4.724732339382171631e-01 -2.771498262882232666e-01 2.912504076957702637e-01 5.127947330474853516e-01 4.844838678836822510e-01 7.772516459226608276e-02 1.151774600148200989e-01 -1.751353740692138672e-01 5.592430830001831055e-01 -7.759363651275634766e-01 -6.900429129600524902e-01 3.422942459583282471e-01 1.758307032287120819e-02
1.650188863277435303e-01 2.809763140976428986e-02 1.883276253938674927e-01 8.209974169731140137e-01 1.507241129875183105e-01 2.862026393413543701e-01 2.503766417503356934e-01 3.389745950698852539e-01 1.358939260244369507e-01 -6.487136334180831909e-02 1.165790259838104248e-01 -3.691889941692352295e-01 -7.411736845970153809e-01 1.794287115335464478e-01 1.005952134728431702e-01 3.707806766033172607e-02 1.826684921979904175e-01 1.014286503195762634e-01 1.958861202001571655e-01 -3.457479178905487061e-01 -4.907677695155143738e-02 -6.233974546194076538e-02 4.563575983047485352e-02 -2.940214425325393677e-02 4.758575558662414551e-01 -3.998638093471527100e-01 -1.426400989294052124e-01 9.383648633956909180e-01 3.943843394517898560e-02 3.833494707942008972e-02 2.865421473979949951e-01 2.368711121380329132e-02 4.999392330646514893e-01 7.978714257478713989e-02 4.123499393463134766e-01 -2.107592374086380005e-01 3.781924396753311157e-02 -1.563926786184310913e-01 -2.512131333351135254e-01 2.958614230155944824e-01 3.127658367156982422e-01 4.863575994968414307e-01 -1.136709470301866531e-02 6.088012829422950745e-03 1.553793251514434814e-01 -8.266785144805908203e-01 -4.930553212761878967e-02 4.034630358219146729e-01 1.010190472006797791e-01 8.723402023315429688e-01 -4.387775361537933350e-01 4.904573857784271240e-01 -3.212562799453735352e-01 1.109357923269271851e-01 2.772800326347351074e-01 4.112661778926849365e-01 2.083479911088943481e-01 3.237476050853729248e-01 -2.806558609008789062e-01 -2.533348500728607178e-01 -6.391537189483642578e-01 -1.202158570289611816e+00 3.501617908477783203e-01 1.778424233198165894e-01
2.578276991844177246e-01 2.209478914737701416e-01 1.618580222129821777e-01 -8.225965499877929688e-01 2.912142872810363770e-01 3.283592462539672852e-01 1.276006102561950684e-01 3.705295547842979431e-02 2.631088495254516602e-01 -6.796087622642517090e-01 1.020000800490379333e-01 1.488734036684036255e-01 6.837519258260726929e-02 4.174533486366271973e-02 1.362761557102203369e-01 -1.718045212328433990e-02 1.451865732669830322e-01 2.023595571517944336e-02 2.053378075361251831e-01 1.452950388193130493e-01 2.685080468654632568e-01 3.352619707584381104e-01 1.382640749216079712e-01 -3.018139004707336426e-01 4.053800702095031738e-01 2.627488374710083008e-01 3.947239518165588379e-01 -3.654335141181945801e-01 1.912371069192886353e-01 -2.713797390460968018e-01 5.297586321830749512e-01 -3.233995661139488220e-02 -5.592880249023437500e-01 -6.002803891897201538e-02 2.165939211845397949e-01 4.146286249160766602e-01 -3.388067334890365601e-02 4.989669024944305420e-01 5.830629914999008179e-02 2.950696945190429688e-01 -4.846046566963195801e-01 2.878966331481933594e-01 2.068396359682083130e-01 3.935630917549133301e-01 2.334553748369216919e-01 -7.870050519704818726e-02 4.184344708919525146e-01 -2.595373988151550293e-01 1.679323166608810425e-01 -4.725979864597320557e-01 3.868319466710090637e-02 2.831007242202758789e-01 -2.614503540098667145e-02 2.274859547615051270e-01 2.855094969272613525e-01 -1.849049329757690430e-01 1.129749417304992676e-01 -1.831260770559310913e-01 2.732073664665222168e-01 8.473371267318725586e-01 1.146490871906280518e-01 3.705219328403472900e-01 2.932484745979309082e-01 4.978822767734527588e-01
2.329075485467910767e-01 1.213906407356262207e-01 2.477698177099227905e-01 -8.230011463165283203e-01 2.977759242057800293e-01 1.713962554931640625e-01 -2.150596817955374718e-03 1.843074858188629150e-01 2.081162631511688232e-01 -8.043191432952880859e-01 1.229653973132371902e-02 1.051217541098594666e-01 2.991133742034435272e-02 5.604754760861396790e-02 2.257487028837203979e-01 9.623230248689651489e-02 1.160364076495170593e-01 1.602032184600830078e-01 3.232123255729675293e-01 2.498003989458084106e-01 2.908232212066650391e-01 3.617489337921142578e-01 1.194209605455398560e-01 -2.266013473272323608e-01 4.548714756965637207e-01 4.065833389759063721e-01 3.367185592651367188e-01 -3.370155692100524902e-01 6.896436214447021484e-02 -7.640033215284347534e-02 3.763131201267242432e-01 -9.094902127981185913e-02 -5.060258507728576660e-01 -5.242171883583068848e-02 1.925589889287948608e-01 5.162200927734375000e-01 -1.234936621040105820e-02 4.903466701507568359e-01 1.991173028945922852e-01 2.725077271461486816e-01 -3.773208856582641602e-01 3.364501595497131348e-01 1.643837988376617432e-01 3.405438065528869629e-01 4.452882409095764160e-01 2.666530944406986237e-02 3.953397572040557861e-01 -2.165122628211975098e-01 2.908011674880981445e-01 -5.102742910385131836e-01 1.506133824586868286e-01 3.021495938301086426e-01 -2.448576316237449646e-02 2.452578544616699219e-01 5.079343914985656738e-01 -3.953239694237709045e-02 2.840506434440612793e-01 -1.234226748347282410e-01 2.496928572654724121e-01 8.471004366874694824e-01 2.090022265911102295e-01 2.938963174819946289e-01 3.144580721855163574e-01 3.856793642044067383e-01
3.119516372680664062e+00 -5.967534333467483521e-02 2.002891749143600464e-01 3.125016093254089355e-01 -1.967957615852355957e-02 2.614429891109466553e-01 -6.011237502098083496e-01 -1.896837800741195679e-01 -4.697567597031593323e-02 6.317232847213745117e-01 1.862539909780025482e-02 -8.296892046928405762e-01 1.746683120727539062e-01 -1.539703011512756348e-01 -3.433514595031738281e+00 4.027932509779930115e-02 1.407642215490341187e-01 2.599485032260417938e-02 1.119852066040039062e+00 2.395402789115905762e-01 -5.313729643821716309e-01 1.904683858156204224e-01 -2.471544295549392700e-01 6.892914175987243652e-01 5.288398861885070801e-01 -2.680227756500244141e-01 -8.655069768428802490e-02 4.630765914916992188e-01 3.904694691300392151e-02 9.418646991252899170e-02 2.808024287223815918e-01 -3.636726737022399902e-01 -1.210509538650512695e+00 -1.002769947052001953e+00 1.362389475107192993e-01 9.792821854352951050e-02 -2.123457193374633789e+00 -2.922077417373657227e+00 -2.293289303779602051e-01 2.179080396890640259e-01 -8.526252508163452148e-01 -8.892964720726013184e-01 -1.865866631269454956e-01 1.393525153398513794e-01 -2.446418523788452148e+00 2.327024638652801514e-01 1.342287957668304443e-01 -3.707271441817283630e-02 1.770256608724594116e-01 -3.666383773088455200e-02 -4.260944366455078125e+00 -2.647109925746917725e-01 -3.832218050956726074e-01 4.767867550253868103e-02 7.525163292884826660e-01 -2.256875634193420410e-01 1.450730115175247192e-01 -5.730360373854637146e-02 -6.906180381774902344e-01 -1.917890310287475586e+00 -3.941089659929275513e-02 -7.490664720535278320e-02 1.707423627376556396e-01 -3.469687938690185547e+00
2.864062488079071045e-01 2.903107106685638428e-01 1.446559429168701172e-01 -7.336115241050720215e-01 2.187540531158447266e-01 1.132539734244346619e-01 3.343354910612106323e-02 1.019103899598121643e-01 2.130889594554901123e-01 -7.398588657379150391e-01 1.060373559594154358e-01 9.268158115446567535e-03 1.134168580174446106e-01 2.172266393899917603e-01 1.608220934867858887e-01 8.462204784154891968e-02 2.119131237268447876e-01 1.433736681938171387e-01 2.191668748855590820e-01 2.391238361597061157e-01 3.706299364566802979e-01 3.329224586486816406e-01 2.607941627502441406e-01 -1.344798654317855835e-01 4.897692501544952393e-01 1.698456555604934692e-01 1.804115176200866699e-01 -3.644895851612091064e-01 1.812279224395751953e-01 -2.451724857091903687e-01 3.480106294155120850e-01 5.565010756254196167e-02 -4.460648894309997559e-01 -8.422243595123291016e-02 3.263897895812988281e-01 3.645250499248504639e-01 3.394453972578048706e-02 3.972542285919189453e-01 2.144774347543716431e-01 3.643686771392822266e-01 -4.587350785732269287e-01 1.987989991903305054e-01 2.208771705627441406e-01 3.603649735450744629e-01 3.312709033489227295e-01 -2.017358317971229553e-03 2.754645645618438721e-01 -2.134599685668945312e-01 3.098453879356384277e-01 -4.510771334171295166e-01 9.979648143053054810e-02 4.689167439937591553e-01 6.016404926776885986e-02 2.341068089008331299e-01 4.447286427021026611e-01 -1.088442355394363403e-01 2.121918648481369019e-01 -2.697454094886779785e-01 2.732209265232086182e-01 7.740341424942016602e-01 3.238933160901069641e-02 1.619921177625656128e-01 3.894963860511779785e-01 4.086426496505737305e-01
-1.077293381094932556e-01 5.084814503788948059e-02 3.017940521240234375e-01 5.558222532272338867e-01 2.788871526718139648e-01 8.396486192941665649e-02 3.628940880298614502e-01 3.105875849723815918e-01 1.401754170656204224e-01 -8.465890884399414062e-01 1.529965698719024658e-01 -5.507498979568481445e-01 -1.064802289009094238e+00 4.486190676689147949e-01 -5.262144654989242554e-02 -1.310136467218399048e-01 6.329993903636932373e-02 3.292261809110641479e-02 1.275248527526855469e-01 -3.176343142986297607e-01 3.018731623888015747e-02 1.603870280086994171e-02 2.042139172554016113e-01 1.578020304441452026e-01 4.686906337738037109e-01 3.693267330527305603e-02 -8.573411405086517334e-02 8.047848343849182129e-01 1.580099761486053467e-01 -7.551823277026414871e-03 9.703815728425979614e-02 6.165736913681030273e-02 7.593135237693786621e-01 1.202047094702720642e-01 3.634206056594848633e-01 1.863799691200256348e-01 1.684232801198959351e-02 -1.970990300178527832e-01 -2.330896556377410889e-01 1.765413135290145874e-01 -5.960946679115295410e-01 7.431629300117492676e-01 -8.221560157835483551e-03 1.432189494371414185e-01 -9.947863966226577759e-02 -9.663647413253784180e-01 5.255311727523803711e-02 2.821561694145202637e-01 1.102493330836296082e-01 6.058463454246520996e-01 -8.599799275398254395e-01 5.094910264015197754e-01 -3.181953132152557373e-01 4.278846085071563721e-01 6.012682914733886719e-01 4.537809491157531738e-01 2.790087461471557617e-01 1.521089822053909302e-01 -1.559761464595794678e-01 3.081215023994445801e-01 -9.743126034736633301e-01 -9.180001020431518555e-01 4.292513728141784668e-01 7.634781301021575928e-02
1.728705167770385742e-01 6.145413964986801147e-02 2.729575335979461670e-01 7.850078344345092773e-01 4.247900545597076416e-01 -4.721302911639213562e-02 3.717075586318969727e-01 2.792390286922454834e-01 2.854760289192199707e-01 6.965797543525695801e-01 1.274024099111557007e-01 -2.686023013666272163e-03 -8.738053441047668457e-01 7.892202585935592651e-02 -3.614160716533660889e-01 2.520179748535156250e-01 3.238429427146911621e-01 3.586439192295074463e-01 2.929120957851409912e-01 -1.587197631597518921e-01 2.449369728565216064e-01 1.346679776906967163e-01 2.849837839603424072e-01 3.312558829784393311e-01 -3.754906952381134033e-01 3.061531111598014832e-02 2.694178521633148193e-01 7.307211160659790039e-01 1.735613495111465454e-01 8.875895291566848755e-02 3.384002149105072021e-01 7.848150134086608887e-01 -7.453600764274597168e-01 -6.429758667945861816e-01 1.301423460245132446e-01 -6.097024306654930115e-02 -3.329789936542510986e-01 -5.346898436546325684e-01 1.720002442598342896e-01 2.362268269062042236e-01 -1.150740385055541992e+00 -6.210179254412651062e-02 1.157865524291992188e-01 1.028660014271736145e-01 -8.862118124961853027e-01 3.232237100601196289e-01 4.126678407192230225e-01 3.274279236793518066e-01 3.490738272666931152e-01 3.438606560230255127e-01 -1.096492484211921692e-01 -4.135834872722625732e-01 1.305425465106964111e-01 1.190579086542129517e-01 -6.073125600814819336e-01 -4.522949159145355225e-01 4.935440793633460999e-02 -3.185856640338897705e-01 2.148590087890625000e-01 -9.370423108339309692e-02 -3.070991635322570801e-01 -2.324244678020477295e-01 -1.510290056467056274e-01 -7.834050655364990234e-01
1.069519221782684326e-01 4.856536984443664551e-01 2.507480680942535400e-01 5.348505973815917969e-01 2.896064221858978271e-01 -2.579299174249172211e-02 4.133507907390594482e-01 4.809148013591766357e-01 3.172872662544250488e-01 4.667040705680847168e-01 1.287325769662857056e-01 -5.271779894828796387e-01 -5.370878577232360840e-01 3.976085484027862549e-01 -1.214084401726722717e-01 -1.131750270724296570e-01 -3.363759070634841919e-02 4.106066823005676270e-01 1.508050113916397095e-01 -1.194501742720603943e-01 1.314309388399124146e-01 -4.644634574651718140e-02 2.764717340469360352e-01 -2.565820515155792236e-02 -1.616389155387878418e-01 1.497638374567031860e-01 -2.711304128170013428e-01 2.003596872091293335e-01 2.944540977478027344e-02 -6.508277058601379395e-01 1.568836569786071777e-01 1.205394417047500610e-01 6.383485198020935059e-01 1.695059537887573242e-01 2.867892384529113770e-01 2.836906015872955322e-01 -7.683295011520385742e-02 -2.242103815078735352e-01 -4.909028410911560059e-01 9.935221821069717407e-02 -2.048887252807617188e+00 8.038311600685119629e-01 1.549104750156402588e-01 9.238497912883758545e-02 6.264094263315200806e-02 3.480007052421569824e-01 3.629992529749870300e-02 6.362542510032653809e-01 1.793097853660583496e-01 6.940947771072387695e-01 -8.687714338302612305e-01 8.872207403182983398e-01 5.156142711639404297e-01 4.701825976371765137e-01 5.837923884391784668e-01 3.502455353736877441e-01 9.144745022058486938e-02 -1.849150806665420532e-01 -4.201269745826721191e-01 4.770572781562805176e-01 -7.650644183158874512e-01 -3.823864459991455078e-01 3.702739477157592773e-01 2.297531366348266602e-01
