5.428431630134582520e-01
-3.761899769306182861e-01
1.976439952850341797e-01
3.195673525333404541e-01
-7.341326028108596802e-02
-3.563942313194274902e-01
2.342690974473953247e-01
5.657682418823242188e-01
2.262130826711654663e-01
4.550301935523748398e-03
1.308696866035461426e-01
1.804675757884979248e-01
2.849761545658111572e-01
1.576858758926391602e-01
6.444824337959289551e-01
9.291872382164001465e-01
-4.324333667755126953e-01
6.243419647216796875e-01
2.249782383441925049e-01
5.510056018829345703e-01
6.938429474830627441e-01
4.053740203380584717e-01
8.406148105859756470e-02
3.404221832752227783e-01
-4.104602634906768799e-01
-6.285107135772705078e-01
5.553118586540222168e-01
3.037469089031219482e-01
-2.691714763641357422e-01
4.587261006236076355e-02
4.314242601394653320e-01
6.356470286846160889e-02
-2.820461094379425049e-01
-3.041726648807525635e-01
6.037754416465759277e-01
7.478283047676086426e-01
1.571723371744155884e-01
5.741699934005737305e-01
-2.256318777799606323e-01
-1.720231585204601288e-02
-5.936576724052429199e-01
3.739617466926574707e-01
1.208471357822418213e-01
4.509687721729278564e-01
-3.683806955814361572e-01
-7.253324240446090698e-02
2.359168678522109985e-01
6.417930722236633301e-01
-8.756765127182006836e-01
-5.794644355773925781e-01
7.844749093055725098e-01
9.529069066047668457e-01
-4.837608337402343750e-01
5.224128067493438721e-02
2.668403387069702148e-01
5.102617740631103516e-01
5.744007825851440430e-01
5.557672381401062012e-01
1.700790822505950928e-01
4.385926723480224609e-01
1.162199854850769043e+00
3.869963288307189941e-01
2.320673912763595581e-01
3.040275871753692627e-01
