-8.274076133966445923e-02 2.054660767316818237e-01 2.217417955398559570e-01 -1.180804818868637085e-01 1.694522798061370850e-01 3.371084332466125488e-01 1.004785150289535522e-01 -4.246667772531509399e-02
-2.492062151432037354e-01 7.050197124481201172e-01 -3.980012238025665283e-01 4.008424580097198486e-01 2.088828682899475098e-01 -5.642903447151184082e-01 -1.228512674570083618e-01 -1.185372397303581238e-01
6.166846156120300293e-01 -9.461086988449096680e-02 1.847884505987167358e-01 -1.427329331636428833e-01 -2.233545333147048950e-01 5.392869114875793457e-01 -7.537091970443725586e-01 1.626873947679996490e-02
-5.052197352051734924e-02 -1.483058780431747437e-01 4.156818687915802002e-01 3.684114813804626465e-01 3.849149048328399658e-01 -2.605294995009899139e-02 -5.446514487266540527e-01 2.506366074085235596e-01
7.193692922592163086e-01 -4.397355020046234131e-01 4.538169503211975098e-01 -3.527425229549407959e-01 3.149919956922531128e-02 4.207128584384918213e-01 -3.248156905174255371e-01 6.808588746935129166e-03
-5.933405160903930664e-01 2.763672173023223877e-01 1.968706995248794556e-01 7.769842445850372314e-02 -2.676196955144405365e-02 -6.691071391105651855e-01 -1.327510476112365723e-01 -1.894150525331497192e-01
1.230470299720764160e+00 3.397361934185028076e-01 1.239279657602310181e-01 7.945225834846496582e-01 -4.614495113492012024e-02 -6.327333301305770874e-02 -2.783038914203643799e-01 3.630522266030311584e-02
-4.442422688007354736e-01 2.090157940983772278e-02 2.606631517410278320e-01 5.423348024487495422e-02 2.253358662128448486e-01 3.186753988265991211e-01 -4.213594645261764526e-02 4.044392704963684082e-02
1.180377840995788574e+00 5.592592358589172363e-01 2.303662598133087158e-01 4.749991893768310547e-01 -1.864480823278427124e-01 2.035524696111679077e-01 -2.195239067077636719e-01 -9.538470767438411713e-03
6.603427529335021973e-01 -6.256240606307983398e-01 1.674600243568420410e-01 -3.429837524890899658e-01 4.841650426387786865e-01 1.732053160667419434e-01 -2.334623485803604126e-01 -2.083322033286094666e-02
3.002056777477264404e-01 -3.637006580829620361e-01 8.003731071949005127e-02 1.911839842796325684e-01 -2.407452650368213654e-02 -1.160749644041061401e-01 4.139369819313287735e-03 -1.813214272260665894e-03
1.754366904497146606e-01 -5.109649524092674255e-02 -2.177581340074539185e-01 1.008582264184951782e-01 -4.073164463043212891e-01 5.520321726799011230e-01 -6.617605686187744141e-01 3.687906637787818909e-02
-7.033606767654418945e-01 2.290646284818649292e-01 -1.166814804077148438e+00 2.238979488611221313e-01 -9.525691717863082886e-02 4.853515028953552246e-01 2.714046537876129150e-01 -1.136217117309570312e-01
-5.540613532066345215e-01 1.040698438882827759e-01 -1.198370933532714844e+00 2.448356300592422485e-01 2.253909111022949219e-01 1.801178753376007080e-01 -6.222933903336524963e-02 1.534386258572340012e-02
-4.311781525611877441e-01 -1.079234201461076736e-02 2.096235305070877075e-01 3.572788536548614502e-01 -7.057076692581176758e-02 2.026036530733108521e-01 -3.606918156147003174e-01 2.557260990142822266e-01
-4.621661901473999023e-01 1.319361329078674316e-01 -1.724517792463302612e-01 -1.177814677357673645e-01 3.520815074443817139e-02 9.222152829170227051e-01 7.427440583705902100e-02 -1.425943225622177124e-01
5.280462503433227539e-01 -2.798354327678680420e-01 6.511980891227722168e-01 3.529183194041252136e-02 3.374795615673065186e-01 -6.455337405204772949e-01 2.250467836856842041e-01 -7.555059622973203659e-03
-3.681363761425018311e-01 2.186181992292404175e-01 1.987368613481521606e-01 3.475858271121978760e-02 -2.606527321040630341e-02 7.299301624298095703e-01 7.772038225084543228e-03 8.690889179706573486e-02
3.653697371482849121e-01 -4.102423489093780518e-01 9.650612622499465942e-02 -1.359494030475616455e-01 1.636337339878082275e-01 1.490787565708160400e-01 6.517606973648071289e-01 1.194253638386726379e-01
1.275244206190109253e-01 -2.092216908931732178e-01 -2.044041007757186890e-01 -6.344652175903320312e-01 -1.018738448619842529e-01 2.208439409732818604e-01 -6.830037236213684082e-01 2.096114447340369225e-03
-3.213928043842315674e-01 -9.866911172866821289e-02 3.445179462432861328e-01 3.012317121028900146e-01 -1.653948873281478882e-01 7.672770619392395020e-01 -1.560149937868118286e-01 -1.057942733168601990e-01
-3.667446970939636230e-01 2.949700355529785156e-01 4.882228374481201172e-01 -2.934412360191345215e-01 3.095517754554748535e-01 5.884435772895812988e-01 -5.799673199653625488e-01 2.562465965747833252e-01
1.519441697746515274e-02 1.409695148468017578e-01 -2.326659262180328369e-01 3.507380932569503784e-02 -3.987425193190574646e-02 6.456108689308166504e-01 -3.941856324672698975e-01 1.347061097621917725e-01
6.342037916183471680e-01 -2.226813286542892456e-01 2.936751842498779297e-01 -1.461073160171508789e-01 -6.548867374658584595e-02 4.755648076534271240e-01 2.235589176416397095e-01 4.097360651940107346e-03
6.034027338027954102e-01 4.200934767723083496e-01 -7.472535967826843262e-02 4.887957870960235596e-01 3.940075933933258057e-01 -9.948608279228210449e-02 -3.534379899501800537e-01 2.844978123903274536e-03
-3.360671997070312500e-01 6.673295795917510986e-02 3.040906488895416260e-01 3.956789970397949219e-01 3.470511436462402344e-01 -8.233298063278198242e-01 2.155402600765228271e-01 7.002459373325109482e-03
5.166289210319519043e-01 2.742137312889099121e-01 -8.862117528915405273e-01 3.053364455699920654e-01 4.702763166278600693e-03 -1.463378220796585083e-01 -1.946414113044738770e-01 1.353221535682678223e-01
1.453675925731658936e-01 -3.748340159654617310e-02 -5.938973426818847656e-01 9.323752671480178833e-02 5.789581686258316040e-02 4.599143266677856445e-01 -6.462529301643371582e-01 -7.153166085481643677e-02
-8.198202848434448242e-01 4.626956284046173096e-01 -4.740536212921142578e-01 2.689009904861450195e-01 1.682992577552795410e-01 -3.102670907974243164e-01 4.110065102577209473e-01 -1.014334410429000854e-01
1.750098615884780884e-01 -1.567118465900421143e-01 -1.876685768365859985e-01 2.126846164464950562e-01 -1.014478802680969238e+00 -3.097002804279327393e-01 -4.241800606250762939e-01 9.734571725130081177e-02
-3.708674013614654541e-01 2.340266257524490356e-01 9.278691560029983521e-02 -4.384003579616546631e-02 9.433520026504993439e-03 5.836272835731506348e-01 1.515084654092788696e-01 -1.153011992573738098e-01
1.143520101904869080e-01 -2.773769199848175049e-01 8.066638559103012085e-02 -6.416017413139343262e-01 -3.664537519216537476e-02 4.617594778537750244e-01 -4.468699693679809570e-01 2.378526143729686737e-03
-3.927950859069824219e-01 4.091699421405792236e-01 -3.137297630310058594e-01 5.826211571693420410e-01 -1.781476140022277832e-01 -5.142651796340942383e-01 -1.840053498744964600e-01 1.121648773550987244e-02
-2.726675383746623993e-02 3.130107820034027100e-01 -6.612591743469238281e-01 1.203759536147117615e-01 -3.495247662067413330e-01 -6.370195150375366211e-01 -6.394925117492675781e-01 1.920904815196990967e-01
-3.201429843902587891e-01 -1.523973792791366577e-01 -1.197273954749107361e-01 3.172150254249572754e-01 5.176646634936332703e-02 6.514020562171936035e-01 4.187316820025444031e-02 -8.892834186553955078e-03
-2.853647172451019287e-01 3.562456965446472168e-01 3.697753548622131348e-01 1.742895245552062988e-01 -8.755254745483398438e-02 4.324285089969635010e-01 -2.046541273593902588e-01 1.200790167786180973e-03
8.771766424179077148e-01 -2.149061411619186401e-01 -6.619270145893096924e-02 -2.684790194034576416e-01 4.203908145427703857e-01 4.409803748130798340e-01 -2.852969765663146973e-01 7.743558287620544434e-02
1.453879028558731079e-01 -5.660209059715270996e-01 -4.755460321903228760e-01 1.860948838293552399e-02 -2.550622224807739258e-01 7.064052224159240723e-01 5.154983401298522949e-01 4.217633232474327087e-02
2.737323939800262451e-01 -3.624570965766906738e-01 -1.041574031114578247e-01 9.071896970272064209e-02 5.072340965270996094e-01 -2.325579524040222168e-01 -1.179887875914573669e-01 3.564724922180175781e-01
-4.396204948425292969e-01 4.775839447975158691e-01 3.239765465259552002e-01 1.305014546960592270e-02 -8.217678219079971313e-02 5.244582295417785645e-01 -3.232346773147583008e-01 -5.593548715114593506e-02
7.700367569923400879e-01 1.555591374635696411e-01 4.538569152355194092e-01 6.617356538772583008e-01 4.493737220764160156e-01 -2.502148747444152832e-01 -1.022683605551719666e-01 9.099722374230623245e-04
1.100204661488533020e-01 -8.119358867406845093e-02 2.464958131313323975e-01 3.165753185749053955e-01 -1.354142725467681885e-01 3.903220891952514648e-01 -1.535995006561279297e-01 -3.944434970617294312e-02
1.255164861679077148e+00 3.032911419868469238e-01 -7.527336478233337402e-01 2.195736020803451538e-01 3.811028897762298584e-01 -1.141764298081398010e-01 1.135910823941230774e-01 3.285685181617736816e-02
9.007487446069717407e-02 -1.043603494763374329e-01 2.524558603763580322e-01 -1.144799143075942993e-01 4.302174448966979980e-01 5.620315074920654297e-01 -3.658356070518493652e-01 -2.709486782550811768e-01
-5.663309991359710693e-02 5.489901900291442871e-01 3.971359133720397949e-01 2.127278149127960205e-01 -2.336763590574264526e-01 -3.663241863250732422e-01 -3.067786991596221924e-01 2.214815467596054077e-01
7.438605427742004395e-01 3.054524585604667664e-02 4.457179009914398193e-01 -2.171375155448913574e-01 3.187185153365135193e-02 -2.007429152727127075e-01 -4.276836216449737549e-01 -1.098604202270507812e-01
1.228295087814331055e+00 5.228391662240028381e-02 -1.024857163429260254e+00 4.511287808418273926e-02 1.267734169960021973e-01 4.765246510505676270e-01 4.119067192077636719e-01 3.176762536168098450e-02
-1.898616850376129150e-01 6.040152162313461304e-02 -3.273994326591491699e-01 -3.235524594783782959e-01 2.604991793632507324e-01 6.640134453773498535e-01 2.269120365381240845e-01 1.324127316474914551e-01
-1.966850161552429199e-01 2.948176860809326172e-01 8.313324451446533203e-01 -6.169098243117332458e-02 2.826277315616607666e-01 -4.376275837421417236e-01 5.778570771217346191e-01 -1.385878212749958038e-02
2.601365447044372559e-01 -6.013550758361816406e-01 4.826974123716354370e-02 -5.863896012306213379e-01 -5.790276918560266495e-03 -5.880730748176574707e-01 8.823156952857971191e-01 4.155701608397066593e-04
-1.202749535441398621e-01 -1.665588021278381348e-01 2.094065248966217041e-01 9.094256907701492310e-02 3.087894320487976074e-01 6.734236478805541992e-01 2.904795706272125244e-01 -1.497575640678405762e-01
-3.937005996704101562e-02 1.616952717304229736e-01 -1.830613315105438232e-01 -3.225027918815612793e-01 -3.104771301150321960e-02 1.002898812294006348e+00 2.704079151153564453e-01 8.341084420680999756e-02
5.821033120155334473e-01 -2.976874411106109619e-01 -2.797176241874694824e-01 1.190031319856643677e-01 -2.528172135353088379e-01 -4.359697997570037842e-01 3.203186094760894775e-01 4.661571979522705078e-01
2.424475997686386108e-01 -2.697661519050598145e-01 8.625466376543045044e-03 6.493059545755386353e-02 -1.414157897233963013e-01 2.717610299587249756e-01 5.595344305038452148e-02 -3.234195336699485779e-02
7.264978289604187012e-01 -4.520518183708190918e-01 -5.596475005149841309e-01 -3.637265786528587341e-02 2.219874113798141479e-01 1.436142064630985260e-02 7.485262155532836914e-01 4.299505054950714111e-02
-2.811096906661987305e-01 -6.665027886629104614e-02 -8.865220472216606140e-03 -1.364749819040298462e-01 2.941954135894775391e-01 6.735954284667968750e-01 1.850528717041015625e-01 3.735522925853729248e-02
6.655400991439819336e-01 -2.652112841606140137e-01 1.207778081297874451e-01 -8.454912155866622925e-02 6.933294981718063354e-02 3.944185972213745117e-01 3.113086223602294922e-01 1.498723328113555908e-01
-3.738069832324981689e-01 9.204784035682678223e-02 3.971586227416992188e-01 2.319275885820388794e-01 1.894762516021728516e-01 5.472801998257637024e-02 -2.470560222864151001e-01 -2.490881271660327911e-02
1.341961741447448730e+00 4.399798512458801270e-01 2.616837620735168457e-01 3.581060469150543213e-01 1.654214859008789062e-01 2.777950465679168701e-01 1.335281431674957275e-01 8.023390546441078186e-03
1.109637320041656494e-01 2.361018508672714233e-01 1.721760332584381104e-01 2.136738449335098267e-01 1.900782287120819092e-01 3.502562642097473145e-01 -3.001350462436676025e-01 7.077212631702423096e-02
3.107793033123016357e-01 -2.532489597797393799e-01 -1.274411231279373169e-01 -2.531563639640808105e-01 -8.700890839099884033e-02 4.984194338321685791e-01 4.417502880096435547e-01 3.378820046782493591e-02
5.929206684231758118e-02 2.697235345840454102e-01 -1.026943564414978027e+00 -7.643318921327590942e-02 2.743445634841918945e-01 1.291461884975433350e-01 -4.086917266249656677e-02 4.715284705162048340e-02
-1.907468140125274658e-01 6.533268094062805176e-02 -1.854291260242462158e-01 4.063009619712829590e-01 -2.375894486904144287e-01 2.116020768880844116e-01 -4.711094200611114502e-01 -1.682768911123275757e-01
-4.530965089797973633e-01 -1.259569525718688965e-01 -7.586030662059783936e-02 5.994897484779357910e-01 -3.058665990829467773e-01 5.138529539108276367e-01 -7.744549512863159180e-01 1.473101675510406494e-01
