2.060779333114624023e-01
4.173231124877929688e-01
4.263879954814910889e-01
5.903581976890563965e-01
2.587990164756774902e-01
4.248734414577484131e-01
3.835984468460083008e-01
2.282086610794067383e-01
2.163139134645462036e-01
1.748176664113998413e-02
-5.769626498222351074e-01
6.074553728103637695e-01
1.858707666397094727e-01
1.436944454908370972e-01
5.270103216171264648e-01
5.149752497673034668e-01
5.409119129180908203e-01
5.556146502494812012e-01
5.270332098007202148e-01
4.657616615295410156e-01
1.620829664170742035e-02
1.862722188234329224e-01
3.315685987472534180e-01
5.013378858566284180e-01
4.116209447383880615e-01
3.353606760501861572e-01
5.040690898895263672e-01
5.935791730880737305e-01
4.116968214511871338e-01
1.873392462730407715e-01
1.966565288603305817e-02
-3.715366423130035400e-01
