2.328325510025024414e-01 -4.805332124233245850e-01 -2.770271301269531250e-01 1.839625537395477295e-01 -8.956586718559265137e-01 7.525595370680093765e-03 2.620080113410949707e-01 8.232938498258590698e-02 2.015911638736724854e-01 -6.214740276336669922e-01 -1.098695211112499237e-02 1.414244621992111206e-02 -2.566736191511154175e-02 -1.230013296008110046e-01 1.826108843088150024e-01 2.208763957023620605e-01 6.748154992237687111e-04 1.175770536065101624e-01 1.821840256452560425e-01 -1.062126159667968750e+00 3.255876898765563965e-02 2.527712583541870117e-01 2.410850115120410919e-02 9.880498051643371582e-02 2.742381021380424500e-02 -1.820495873689651489e-01 -1.549325138330459595e-01 -4.018722474575042725e-02 -2.696251571178436279e-01 -3.339563012123107910e-01 1.807290613651275635e-01 -6.495029926300048828e-01 -6.704796552658081055e-01 -2.835903465747833252e-01 2.550193965435028076e-01 2.234762310981750488e-01 -4.760919883847236633e-02 -4.844330623745918274e-02 2.711153626441955566e-01 -3.640235215425491333e-02 -5.329930782318115234e-02 -7.761471904814243317e-03 -1.758256554603576660e-01 1.059964951127767563e-02 3.264591470360755920e-02 -3.530805408954620361e-01 -2.362537533044815063e-01 2.643851563334465027e-02 4.142470955848693848e-01 -4.593560099601745605e-01 4.387657344341278076e-02 2.476629465818405151e-01 -2.719325125217437744e-01 2.982591651380062103e-02 1.717676520347595215e-01 3.209451213479042053e-02 1.697021126747131348e-01 1.063970550894737244e-01 2.663548886775970459e-01 4.359774664044380188e-02 -6.335288751870393753e-03 -2.843274176120758057e-01 4.269222542643547058e-02 9.581248462200164795e-02
2.581316232681274414e-01 -3.587015271186828613e-01 1.936415210366249084e-02 3.048146069049835205e-01 -4.087846875190734863e-01 1.173986122012138367e-02 5.938231945037841797e-02 1.723263710737228394e-01 6.897965073585510254e-02 -5.001978278160095215e-01 6.995696574449539185e-02 2.315571606159210205e-01 -4.636158794164657593e-02 -1.765971332788467407e-01 3.626392185688018799e-01 4.052280783653259277e-01 -8.769639134407043457e-01 1.899306327104568481e-01 1.937999278306961060e-01 -2.286874949932098389e-01 2.817226350307464600e-01 2.951505184173583984e-01 1.751206815242767334e-01 1.989091187715530396e-01 -3.965326026082038879e-02 -3.315812349319458008e-02 -1.229326650500297546e-01 9.882224351167678833e-02 -6.149958819150924683e-02 -5.747046470642089844e-01 1.573267132043838501e-01 -2.685944437980651855e-01 -5.999973416328430176e-01 -4.900789260864257812e-01 2.882679998874664307e-01 3.729324936866760254e-01 1.878437399864196777e-02 3.113209307193756104e-01 1.257512252777814865e-02 1.078389864414930344e-02 2.972017042338848114e-02 1.574600040912628174e-01 -2.869982421398162842e-01 1.905199140310287476e-01 -6.556393206119537354e-02 -1.106701120734214783e-01 -2.047127485275268555e-01 2.797815799713134766e-01 3.141252100467681885e-01 -5.662995576858520508e-01 3.104291558265686035e-01 4.096586704254150391e-01 -2.504327595233917236e-01 8.481464534997940063e-02 2.963856160640716553e-01 3.162614107131958008e-01 2.480995059013366699e-01 2.696190774440765381e-01 8.901767432689666748e-02 2.154698967933654785e-01 3.709154427051544189e-01 -4.564918950200080872e-02 8.439095690846443176e-04 3.343339860439300537e-01
1.792521774768829346e-01 -4.188498854637145996e-01 2.515366114675998688e-02 1.457897871732711792e-01 -5.811545848846435547e-01 -1.125189103186130524e-02 1.051607429981231689e-01 2.430424541234970093e-01 9.121079742908477783e-02 -3.585491776466369629e-01 -5.257890745997428894e-02 2.259473204612731934e-01 5.400687456130981445e-02 -3.029737770557403564e-01 2.562276124954223633e-01 3.621122837066650391e-01 -9.824571013450622559e-01 2.275087088346481323e-01 2.855684161186218262e-01 -3.977743089199066162e-01 3.891329765319824219e-01 3.631016910076141357e-01 1.399900913238525391e-01 2.522766292095184326e-01 -1.700613051652908325e-01 -1.302275955677032471e-01 -1.546326875686645508e-01 2.357168197631835938e-01 -1.305772215127944946e-01 -5.557359457015991211e-01 2.220691889524459839e-01 -1.083732545375823975e-01 -5.561485290527343750e-01 -5.934814214706420898e-01 2.416773438453674316e-01 2.338862419128417969e-01 1.180087402462959290e-01 3.414626121520996094e-01 -1.617670804262161255e-02 5.854037031531333923e-02 5.485750362277030945e-02 6.951890885829925537e-02 -2.195808291435241699e-01 2.380483001470565796e-01 -2.012155354022979736e-01 6.386958062648773193e-02 -3.732898831367492676e-01 1.636472344398498535e-01 1.118659526109695435e-01 -6.382852792739868164e-01 3.119452893733978271e-01 2.118003815412521362e-01 -3.703927397727966309e-01 5.731533840298652649e-02 1.786554753780364990e-01 2.576052844524383545e-01 1.138252541422843933e-01 2.282590568065643311e-01 1.613678932189941406e-01 4.119541868567466736e-02 4.677023887634277344e-01 -1.884085237979888916e-01 -1.943481154739856720e-02 3.282680809497833252e-01
1.448441892862319946e-01 -3.874920606613159180e-01 2.193080037832260132e-01 2.612349390983581543e-01 -5.384289622306823730e-01 -2.117205178365111351e-03 1.776070743799209595e-01 2.718441188335418701e-01 1.319621950387954712e-01 -4.198936820030212402e-01 -4.024465382099151611e-02 1.986274123191833496e-01 -2.630547061562538147e-02 -1.673723608255386353e-01 1.657968461513519287e-01 3.756896555423736572e-01 -1.008786559104919434e+00 2.556434273719787598e-01 2.316668331623077393e-01 -2.826315462589263916e-01 3.575122058391571045e-01 2.445093244314193726e-01 9.801418334245681763e-02 1.194377690553665161e-01 -1.257732212543487549e-01 -2.215426415205001831e-02 -1.632722467184066772e-01 2.878230810165405273e-01 -8.774060010910034180e-02 -5.616061091423034668e-01 1.892168521881103516e-01 -2.519074380397796631e-01 -4.624095857143402100e-01 -5.913571119308471680e-01 2.521765530109405518e-01 3.463721275329589844e-01 1.777010113000869751e-01 2.675818502902984619e-01 8.499085903167724609e-02 1.998381018638610840e-01 -1.795302033424377441e-01 2.016072124242782593e-01 -2.802226543426513672e-01 2.441198229789733887e-01 3.428966552019119263e-02 7.662826776504516602e-02 -2.445848137140274048e-01 2.771440446376800537e-01 3.235428333282470703e-01 -5.648185014724731445e-01 3.197700083255767822e-01 3.605316579341888428e-01 -3.115077316761016846e-01 8.042170107364654541e-02 2.308490574359893799e-01 2.660601437091827393e-01 1.142341867089271545e-01 3.015460371971130371e-01 1.592377573251724243e-01 1.192689016461372375e-01 3.851642906665802002e-01 -1.716021299362182617e-01 8.985552936792373657e-02 3.502439558506011963e-01
7.463860511779785156e-02 1.582387238740921021e-01 8.010890334844589233e-02 -1.590918451547622681e-01 6.851252317428588867e-01 -3.369664549827575684e-01 -4.228319823741912842e-01 1.512882709503173828e-01 -1.695487499237060547e-01 4.800429940223693848e-01 9.766094386577606201e-02 1.100346371531486511e-01 5.260319709777832031e-01 3.385519385337829590e-01 -5.959017202258110046e-02 8.438340574502944946e-02 1.666342616081237793e+00 1.346010947600007057e-03 3.416208028793334961e-01 2.316169142723083496e-01 -6.542924046516418457e-02 -7.915234565734863281e-02 2.796690165996551514e-02 3.404128253459930420e-01 -1.666558384895324707e-01 -4.984634816646575928e-01 3.629988133907318115e-01 2.356248348951339722e-01 3.323667049407958984e-01 6.919494867324829102e-01 1.209907531738281250e-01 1.542292535305023193e-01 -1.925633288919925690e-02 1.775468140840530396e-01 2.120200097560882568e-01 1.021692827343940735e-01 3.426628112792968750e-01 3.693447113037109375e-01 2.964505851268768311e-01 -2.558003962039947510e-01 -8.922877311706542969e-01 7.271064817905426025e-02 5.906412005424499512e-01 2.229913696646690369e-02 -2.047658413648605347e-01 1.162847995758056641e+00 4.204286634922027588e-01 1.544378101825714111e-01 -1.891934275627136230e+00 5.120154023170471191e-01 1.529932022094726562e-01 3.182555139064788818e-01 8.141990751028060913e-02 2.194819897413253784e-01 5.544537305831909180e-01 1.276376694440841675e-01 2.837234437465667725e-01 6.415147334337234497e-02 -1.580260396003723145e-01 -6.456087809056043625e-03 5.090821385383605957e-01 2.718555331230163574e-01 9.887795895338058472e-02 3.136403160169720650e-03
1.921941190958023071e-01 -4.804433286190032959e-01 5.466105416417121887e-02 1.832457482814788818e-01 -5.825003981590270996e-01 1.607271283864974976e-01 2.521239221096038818e-01 2.117835879325866699e-01 2.416526824235916138e-01 -5.658510923385620117e-01 1.677614636719226837e-02 1.459172815084457397e-01 -8.740837872028350830e-02 -3.337005376815795898e-01 1.001121401786804199e-01 1.555993705987930298e-01 -1.124408245086669922e+00 1.669472008943557739e-01 1.048768591135740280e-02 -3.619661629199981689e-01 3.673783838748931885e-01 3.105337321758270264e-01 3.755133226513862610e-02 4.249345883727073669e-02 -5.523225292563438416e-02 -1.698819398880004883e-01 -9.092945605516433716e-02 1.445431113243103027e-01 -8.135404437780380249e-02 -6.143209934234619141e-01 1.308533698320388794e-01 -3.124548196792602539e-01 -4.959183931350708008e-01 -4.584637582302093506e-01 1.244807243347167969e-01 1.715737432241439819e-01 4.143902659416198730e-02 9.488816559314727783e-02 8.914190693758428097e-04 8.064822852611541748e-02 -1.592063009738922119e-01 1.088951379060745239e-01 -1.421472281217575073e-01 2.130294889211654663e-01 -2.278243750333786011e-01 -1.495934724807739258e-01 -3.109560608863830566e-01 2.341010868549346924e-01 2.050760686397552490e-01 -7.217845916748046875e-01 2.606905400753021240e-01 2.354661077260971069e-01 -3.674675524234771729e-01 9.028488397598266602e-02 3.304306566715240479e-01 9.038290381431579590e-02 6.896539777517318726e-02 8.827615529298782349e-02 9.661245346069335938e-02 4.823456332087516785e-02 1.292732506990432739e-01 -1.497032642364501953e-01 1.285982131958007812e-01 2.130640149116516113e-01
2.457771897315979004e-01 -4.659153521060943604e-01 5.961590632796287537e-02 2.187554091215133667e-01 -4.765549302101135254e-01 1.087657436728477478e-01 1.985113471746444702e-01 2.605203986167907715e-01 1.875234991312026978e-01 -4.522347450256347656e-01 3.914523869752883911e-02 1.932893097400665283e-01 1.309280395507812500e-01 -3.739445507526397705e-01 2.662502825260162354e-01 3.320615589618682861e-01 -1.048759579658508301e+00 2.545193433761596680e-01 1.321059912443161011e-01 -3.601407706737518311e-01 2.346607148647308350e-01 2.827211320400238037e-01 1.299587786197662354e-01 1.604400277137756348e-01 1.974714733660221100e-02 -1.513926088809967041e-01 -4.162445291876792908e-02 2.212352752685546875e-01 -2.686358615756034851e-02 -4.352613389492034912e-01 1.470813900232315063e-01 -1.116585284471511841e-01 -5.945013165473937988e-01 -4.024404585361480713e-01 2.719020843505859375e-01 3.073393702507019043e-01 7.805566489696502686e-02 1.369126588106155396e-01 -3.590180724859237671e-02 2.407000660896301270e-01 5.995970964431762695e-02 3.942317515611648560e-02 -2.145327180624008179e-01 2.584943175315856934e-01 -1.156846210360527039e-01 8.327321708202362061e-02 -3.189527392387390137e-01 1.770670711994171143e-01 1.821172684431076050e-01 -7.171721458435058594e-01 1.980458498001098633e-01 2.518984675407409668e-01 -2.262834906578063965e-01 1.803271174430847168e-01 2.110885530710220337e-01 2.999412715435028076e-01 2.227811068296432495e-01 4.732521623373031616e-02 2.738420069217681885e-01 1.144261136651039124e-01 3.110281825065612793e-01 -1.622129678726196289e-01 8.792572468519210815e-02 1.491104513406753540e-01
2.766497619450092316e-02 6.575620919466018677e-02 3.199741542339324951e-01 -7.235156744718551636e-02 7.172172069549560547e-01 -3.198331594467163086e-01 -3.538001179695129395e-01 -4.940641671419143677e-02 -3.044331967830657959e-01 5.016599893569946289e-01 1.193755939602851868e-01 1.841300353407859802e-02 4.428098499774932861e-01 2.844101786613464355e-01 5.733281746506690979e-02 1.389401406049728394e-01 1.594161629676818848e+00 1.748484522104263306e-01 3.313798010349273682e-01 2.038959264755249023e-01 1.320030838251113892e-01 -2.111118137836456299e-01 2.007464468479156494e-01 3.366217613220214844e-01 -1.675342023372650146e-01 -2.856314778327941895e-01 4.289730489253997803e-01 2.118582427501678467e-01 3.942958712577819824e-01 6.173607707023620605e-01 2.107109427452087402e-01 3.473899960517883301e-01 -4.293289966881275177e-03 2.116764932870864868e-01 3.779619187116622925e-02 -3.640851005911827087e-02 3.839577436447143555e-01 2.891274690628051758e-01 2.776784002780914307e-01 -5.156562477350234985e-02 -9.719206690788269043e-01 1.407483667135238647e-01 5.406447052955627441e-01 -1.163132414221763611e-01 -3.430555462837219238e-01 1.184852957725524902e+00 4.795681536197662354e-01 2.792704403400421143e-01 -1.858118176460266113e+00 6.666561961174011230e-01 1.123951673507690430e-01 2.134633362293243408e-01 1.320016086101531982e-01 6.616855412721633911e-02 4.111292660236358643e-01 1.813548356294631958e-01 3.574405014514923096e-01 2.883394248783588409e-02 -1.112475991249084473e-01 1.264063827693462372e-02 3.690509498119354248e-01 2.189025729894638062e-01 1.726938635110855103e-01 -9.015794098377227783e-02
2.835797667503356934e-01 5.226507782936096191e-01 -1.453420668840408325e-01 2.690017819404602051e-01 1.182950139045715332e-01 5.406497120857238770e-01 -3.242563486099243164e+00 1.805793941020965576e-01 -3.123836278915405273e+00 3.844368085265159607e-02 8.469875156879425049e-02 -8.601755648851394653e-02 9.714896082878112793e-01 1.112948179244995117e+00 2.999425530433654785e-01 1.626761704683303833e-01 4.261128306388854980e-01 3.320865333080291748e-01 -2.857246249914169312e-02 1.570195555686950684e-01 3.559863865375518799e-01 2.918471097946166992e-01 1.182216703891754150e-01 5.964772403240203857e-02 -1.033651590347290039e+00 -7.600841522216796875e-01 3.337243199348449707e-01 5.976562970317900181e-04 1.479516506195068359e+00 2.939386665821075439e-01 3.120688498020172119e-01 2.399552427232265472e-02 2.936766445636749268e-01 3.060172796249389648e-01 1.277611553668975830e-01 3.888305127620697021e-01 -2.808258533477783203e-01 1.102293804287910461e-01 -1.992835476994514465e-02 3.938334584236145020e-01 -2.608079433441162109e+00 3.441873192787170410e-01 -5.773164797574281693e-03 3.152182400226593018e-01 2.033737003803253174e-01 1.475058943033218384e-01 -9.305813908576965332e-02 1.359985619783401489e-01 -2.932119607925415039e+00 3.679188489913940430e-01 2.687994539737701416e-01 3.439625501632690430e-01 -3.871628940105438232e-01 1.638890951871871948e-01 1.111737936735153198e-01 1.116556301712989807e-01 9.239694476127624512e-02 1.857722401618957520e-01 -2.616929531097412109e+00 3.236863613128662109e-01 -1.803384535014629364e-02 7.684274315834045410e-01 4.255676269531250000e-01 3.115218579769134521e-01
-6.575569044798612595e-03 -1.584548503160476685e-02 -6.493497490882873535e-01 -3.955215513706207275e-01 4.710901379585266113e-01 -2.713200151920318604e-01 2.659476548433303833e-02 -1.709685921669006348e-01 -7.808975875377655029e-03 -5.923733115196228027e-01 -1.693419665098190308e-01 4.634148180484771729e-01 1.168150156736373901e-01 2.952661812305450439e-01 8.555782586336135864e-02 1.277169883251190186e-01 -3.446328938007354736e-01 1.054401136934757233e-02 -1.747243851423263550e-02 9.482506662607192993e-02 2.311156503856182098e-02 -2.259043753147125244e-01 5.642969608306884766e-01 -4.209624230861663818e-02 -1.551831066608428955e-01 -1.348756104707717896e-01 8.626823872327804565e-02 5.429641604423522949e-01 7.287329435348510742e-02 1.218466997146606445e+00 4.008470103144645691e-02 -9.596217870712280273e-01 1.664333604276180267e-02 8.114004135131835938e-01 2.099225372076034546e-01 -1.733570545911788940e-02 -2.813069105148315430e+00 1.906007677316665649e-01 2.648887932300567627e-01 4.641396552324295044e-02 -2.038501501083374023e-01 3.815960139036178589e-02 1.406662818044424057e-02 -3.760915398597717285e-01 -1.182832419872283936e-01 3.106050193309783936e-01 2.988703846931457520e-01 1.781861782073974609e-01 -3.393676280975341797e-01 8.377514481544494629e-01 -1.136679872870445251e-01 2.381829619407653809e-01 2.435935288667678833e-01 2.411725930869579315e-02 3.199425041675567627e-01 8.422496169805526733e-02 1.493943948298692703e-02 -5.866961181163787842e-02 -5.489946529269218445e-02 -9.681745432317256927e-03 1.555519253015518188e-01 1.181776672601699829e-01 -2.444865927100181580e-02 6.464700698852539062e-01
-2.273471057415008545e-01 4.115537405014038086e-01 -1.956292241811752319e-01 -9.637907892465591431e-02 4.300403296947479248e-01 -5.725753307342529297e-02 -1.081477403640747070e-01 -2.613071501255035400e-01 -1.484261006116867065e-01 4.948916137218475342e-01 -1.177444830536842346e-01 -1.466585099697113037e-01 -3.027755022048950195e-02 1.195136383175849915e-01 -3.103953897953033447e-01 -4.112008213996887207e-01 9.133837223052978516e-01 -3.710298836231231689e-01 -2.154069840908050537e-01 1.912512928247451782e-01 -3.941347301006317139e-01 -3.353116810321807861e-01 -3.556102886795997620e-02 -2.351843118667602539e-01 1.615587808191776276e-02 1.861202344298362732e-02 2.722386121749877930e-01 -2.527874708175659180e-01 2.318750023841857910e-01 4.270710647106170654e-01 -3.011839687824249268e-01 1.176103055477142334e-01 3.791440427303314209e-01 4.924235045909881592e-01 -3.061097264289855957e-01 -2.820189893245697021e-01 -5.240973830223083496e-02 -1.808558106422424316e-01 -6.814315915107727051e-02 -2.038088887929916382e-01 -3.021916747093200684e-02 -2.428254634141921997e-01 1.251617968082427979e-01 -1.899659037590026855e-01 7.254672050476074219e-02 2.244638502597808838e-01 2.959284782409667969e-01 -2.569518387317657471e-01 -3.636716306209564209e-01 6.359644532203674316e-01 -1.801632344722747803e-01 -3.670580685138702393e-01 3.019776642322540283e-01 -9.589071269147098064e-04 -3.053291440010070801e-01 -9.346111118793487549e-02 -1.679549813270568848e-01 -2.983928322792053223e-01 -2.438055872917175293e-01 -1.866162866353988647e-01 -3.651179671287536621e-01 1.213458999991416931e-01 -1.031989306211471558e-01 -1.717608422040939331e-01
2.395823597908020020e-01 -4.306731224060058594e-01 2.097984403371810913e-01 2.701911032199859619e-01 -5.995098948478698730e-01 6.854145228862762451e-02 2.230487167835235596e-01 2.462197989225387573e-01 1.377658993005752563e-01 -4.856647253036499023e-01 1.381362322717905045e-02 2.004751116037368774e-01 4.235613718628883362e-02 -1.805101931095123291e-01 3.197308182716369629e-01 3.739112019538879395e-01 -1.067625641822814941e+00 3.755155205726623535e-01 6.372347474098205566e-02 -2.268604040145874023e-01 3.602383434772491455e-01 1.577033400535583496e-01 6.556193344295024872e-03 1.912441104650497437e-01 -1.785045862197875977e-02 -2.326013520359992981e-02 -1.392730027437210083e-01 2.770044505596160889e-01 -6.105885282158851624e-02 -4.787639975547790527e-01 2.022499740123748779e-01 -9.827937185764312744e-02 -4.997318387031555176e-01 -6.311513185501098633e-01 1.857522577047348022e-01 2.648391425609588623e-01 4.214036744087934494e-03 1.920080929994583130e-01 -3.782928362488746643e-02 3.683445230126380920e-02 -1.766449809074401855e-01 9.972266852855682373e-02 -1.637965440750122070e-01 1.357109695672988892e-01 2.864557784050703049e-03 -1.023793220520019531e-01 -3.971878886222839355e-01 2.520590722560882568e-01 2.715982198715209961e-01 -5.800215005874633789e-01 1.316566467285156250e-01 2.483174055814743042e-01 -2.420940250158309937e-01 1.671566516160964966e-01 1.655148267745971680e-01 2.128519564867019653e-01 9.460692107677459717e-02 2.841365635395050049e-01 2.409896701574325562e-01 2.140633016824722290e-01 2.831908464431762695e-01 -2.599419653415679932e-01 -6.364075932651758194e-03 1.914110183715820312e-01
4.342551901936531067e-02 -2.893611788749694824e-03 1.715783029794692993e-01 -5.586313605308532715e-01 2.988824844360351562e-01 -2.906180620193481445e-01 -3.351382678374648094e-03 -2.263828516006469727e-01 6.415852904319763184e-02 -4.500434398651123047e-01 -1.608986854553222656e-01 6.287639737129211426e-01 1.800333708524703979e-01 1.170996874570846558e-01 8.588908612728118896e-02 8.306924253702163696e-02 -7.513123005628585815e-02 5.308451876044273376e-02 8.438298851251602173e-02 7.670805454254150391e-01 -5.582857877016067505e-02 -3.023311793804168701e-01 5.892250537872314453e-01 -3.233343958854675293e-01 -1.577597558498382568e-01 8.895051479339599609e-02 5.016347393393516541e-02 4.122020304203033447e-01 -1.397508680820465088e-01 1.159590005874633789e+00 6.000353768467903137e-02 4.302081763744354248e-01 -9.050530381500720978e-03 7.261552214622497559e-01 4.649867489933967590e-02 1.914590410888195038e-02 -7.879890799522399902e-01 1.931420564651489258e-01 -1.421645097434520721e-02 -5.546047165989875793e-02 -4.447977244853973389e-02 -2.738437149673700333e-03 9.813085943460464478e-02 -6.281217336654663086e-01 -4.895258322358131409e-02 6.613281965255737305e-01 9.383803606033325195e-02 9.817460179328918457e-02 -5.831030756235122681e-02 -4.495073556900024414e-01 -5.713561549782752991e-02 1.053085327148437500e-01 2.256706506013870239e-01 -3.523387759923934937e-02 2.265031039714813232e-01 6.638613529503345490e-03 8.645179867744445801e-02 -1.623642295598983765e-01 2.048616707324981689e-01 -9.713311493396759033e-02 1.516507267951965332e-01 3.369051590561866760e-02 -4.819355159997940063e-02 7.699516415596008301e-01
8.112458884716033936e-02 1.356899589300155640e-01 2.272935360670089722e-01 -1.412074565887451172e-01 7.042353749275207520e-01 -3.356280028820037842e-01 -4.529870450496673584e-01 -7.463905960321426392e-02 -1.228205189108848572e-01 5.195137262344360352e-01 -9.745275974273681641e-02 6.054842099547386169e-02 4.626992642879486084e-01 4.571523964405059814e-01 4.354256391525268555e-02 2.655594646930694580e-01 1.804311394691467285e+00 1.006898507475852966e-01 3.308243751525878906e-01 1.072789877653121948e-01 1.296803355216979980e-01 -3.967141266912221909e-03 7.281981408596038818e-02 3.536643981933593750e-01 -1.771636754274368286e-01 -5.140829682350158691e-01 3.884391188621520996e-01 1.429135203361511230e-01 4.190065860748291016e-01 6.051577329635620117e-01 2.108128182590007782e-02 2.493159621953964233e-01 1.142425313591957092e-01 1.742192059755325317e-01 -1.857334934175014496e-02 2.266105823218822479e-02 3.428698182106018066e-01 4.124949276447296143e-01 2.862692475318908691e-01 -5.331334099173545837e-02 -7.963653802871704102e-01 2.033686265349388123e-02 4.764792919158935547e-01 9.619233012199401855e-02 -3.175712525844573975e-01 9.953531026840209961e-01 3.640927672386169434e-01 2.155874073505401611e-01 -1.760872125625610352e+00 5.280681252479553223e-01 1.798181533813476562e-01 3.033207952976226807e-01 2.252427637577056885e-01 1.571796685457229614e-01 4.734766781330108643e-01 1.947834901511669159e-02 3.211180269718170166e-01 -1.402119249105453491e-01 -1.043217107653617859e-01 -5.667339637875556946e-02 4.733133316040039062e-01 2.556669712066650391e-01 -6.157151982188224792e-02 -2.288847602903842926e-02
2.663495838642120361e-01 -5.642247796058654785e-01 1.235673874616622925e-01 1.042225807905197144e-01 -4.317924678325653076e-01 -4.234250634908676147e-02 1.715520620346069336e-01 3.250736594200134277e-01 9.656700491905212402e-02 -5.507907271385192871e-01 1.728421002626419067e-01 1.079250127077102661e-01 7.279013842344284058e-02 -2.506155967712402344e-01 2.518589496612548828e-01 2.952382862567901611e-01 -9.959781765937805176e-01 1.715290546417236328e-01 1.976554095745086670e-01 -2.054667770862579346e-01 2.268371433019638062e-01 3.179036378860473633e-01 2.400577813386917114e-01 1.497549712657928467e-01 7.120348513126373291e-02 -3.968470171093940735e-02 -1.410928070545196533e-01 1.293828189373016357e-01 -1.578205525875091553e-01 -5.948210358619689941e-01 2.341697961091995239e-01 -2.846709787845611572e-01 -5.683574676513671875e-01 -5.600397586822509766e-01 3.626395463943481445e-01 1.794534027576446533e-01 1.914976835250854492e-01 1.076833605766296387e-01 2.261489816009998322e-02 1.343323141336441040e-01 9.721366688609123230e-03 5.984241887927055359e-02 -1.909570395946502686e-01 2.525436282157897949e-01 2.427319437265396118e-02 6.204381212592124939e-02 -4.552793502807617188e-01 1.763179749250411987e-01 3.728621304035186768e-01 -6.059674024581909180e-01 3.440669775009155273e-01 3.698697388172149658e-01 -3.052716553211212158e-01 -8.636317215859889984e-03 2.124108374118804932e-01 1.625224500894546509e-01 2.581923902034759521e-01 2.845692336559295654e-01 3.139376342296600342e-01 7.583505660295486450e-02 3.366918563842773438e-01 -1.620422750711441040e-01 -1.020711497403681278e-03 2.404576092958450317e-01
1.821145266294479370e-01 -5.299494266510009766e-01 1.238485947251319885e-01 1.986049115657806396e-01 -3.914476037025451660e-01 6.585500389337539673e-02 1.468560397624969482e-01 3.293562233448028564e-01 7.516168057918548584e-02 -5.513977408409118652e-01 1.087222695350646973e-01 2.740029394626617432e-01 -1.289349049329757690e-03 -3.278892636299133301e-01 2.568918466567993164e-01 4.651809036731719971e-01 -9.764017462730407715e-01 2.969251871109008789e-01 7.346952706575393677e-02 -3.173058927059173584e-01 3.707769215106964111e-01 3.017646670341491699e-01 1.315115690231323242e-01 1.633442193269729614e-01 6.994350254535675049e-02 -3.369829803705215454e-02 -2.192857712507247925e-01 1.082779392600059509e-01 -1.755672991275787354e-01 -5.260928273200988770e-01 1.237321794033050537e-01 -2.035207897424697876e-01 -5.993388891220092773e-01 -7.034306526184082031e-01 3.758388757705688477e-01 2.241562753915786743e-01 1.336889117956161499e-01 2.884005606174468994e-01 1.832556910812854767e-02 1.954132467508316040e-01 -1.084328815340995789e-01 1.019030734896659851e-01 -8.087460696697235107e-02 3.075085878372192383e-01 -3.490159288048744202e-02 5.095170065760612488e-02 -4.178869128227233887e-01 3.447583019733428955e-01 2.266875654458999634e-01 -7.338336110115051270e-01 2.835122346878051758e-01 3.519018292427062988e-01 -2.448258996009826660e-01 1.022515073418617249e-01 3.769442737102508545e-01 2.357844114303588867e-01 2.418446242809295654e-01 2.869579792022705078e-01 2.969372868537902832e-01 2.152905166149139404e-01 3.897582888603210449e-01 -2.096467316150665283e-01 -6.871461402624845505e-03 3.116948902606964111e-01
1.995356529951095581e-01 -4.913519024848937988e-01 2.265165895223617554e-01 1.905681490898132324e-01 -5.367168784141540527e-01 -1.353398617357015610e-02 2.543993294239044189e-01 2.834925055503845215e-01 1.628289371728897095e-01 -3.797272741794586182e-01 1.198130324482917786e-01 2.582037746906280518e-01 8.201798796653747559e-02 -1.961151212453842163e-01 1.562137454748153687e-01 3.882883191108703613e-01 -8.627553582191467285e-01 1.548996418714523315e-01 1.391091793775558472e-01 -2.444023042917251587e-01 2.514034509658813477e-01 3.032678663730621338e-01 1.664891839027404785e-01 6.980301439762115479e-02 -6.137984991073608398e-02 -4.546340554952621460e-02 -9.017156064510345459e-02 2.704885005950927734e-01 -2.658790051937103271e-01 -4.731090366840362549e-01 2.480558305978775024e-01 -1.451688706874847412e-01 -5.646961927413940430e-01 -5.797681212425231934e-01 2.866918146610260010e-01 2.199624478816986084e-01 1.460547745227813721e-01 1.967797577381134033e-01 -1.255617141723632812e-01 3.265405818819999695e-02 -1.768388897180557251e-01 2.125300467014312744e-01 -2.750031352043151855e-01 2.429543286561965942e-01 -6.510272622108459473e-02 6.639686413109302521e-03 -3.326309621334075928e-01 2.738961577415466309e-01 3.856589198112487793e-01 -4.855122566223144531e-01 2.170360088348388672e-01 2.764600217342376709e-01 -1.834895908832550049e-01 3.962542861700057983e-02 3.381665945053100586e-01 2.472659796476364136e-01 1.281108707189559937e-01 1.961800307035446167e-01 2.664420604705810547e-01 8.739055693149566650e-02 3.016516566276550293e-01 -2.735722064971923828e-01 1.639061570167541504e-01 2.384495139122009277e-01
1.941057145595550537e-01 -3.833156824111938477e-01 1.307567209005355835e-01 1.315844058990478516e-01 -6.321468353271484375e-01 -1.582681760191917419e-02 1.097931638360023499e-01 3.077680766582489014e-01 2.774857282638549805e-01 -5.890305042266845703e-01 -8.984971791505813599e-03 1.598623543977737427e-01 3.331402689218521118e-02 -3.546807765960693359e-01 1.236905753612518311e-01 3.426273167133331299e-01 -1.024660468101501465e+00 1.978444606065750122e-01 2.716027200222015381e-01 -3.945437073707580566e-01 1.693838536739349365e-01 3.540920019149780273e-01 7.691366970539093018e-02 2.068631052970886230e-01 -1.299720555543899536e-01 -1.545107662677764893e-01 -1.274769157171249390e-01 2.549356818199157715e-01 -2.015121430158615112e-01 -3.925630748271942139e-01 1.684507429599761963e-01 -1.901542842388153076e-01 -6.790800690650939941e-01 -6.522493958473205566e-01 2.433120757341384888e-01 3.599089682102203369e-01 1.362887322902679443e-01 2.857734262943267822e-01 3.803596273064613342e-02 2.074177861213684082e-01 4.485571756958961487e-03 1.106696799397468567e-01 -3.141427338123321533e-01 1.548499464988708496e-01 3.689324483275413513e-02 -2.700920775532722473e-02 -3.380018472671508789e-01 1.847601085901260376e-01 3.275725543498992920e-01 -5.478370189666748047e-01 3.627496659755706787e-01 1.907006502151489258e-01 -4.211814999580383301e-01 4.461330175399780273e-02 2.858253419399261475e-01 1.649509668350219727e-01 2.889438867568969727e-01 2.700377106666564941e-01 1.052560880780220032e-01 1.561089605093002319e-01 2.068976610898971558e-01 -2.598926424980163574e-01 6.600698828697204590e-02 3.490110337734222412e-01
8.934457600116729736e-02 -5.123389363288879395e-01 1.600424349308013916e-01 2.876632213592529297e-01 -5.621383786201477051e-01 1.096173599362373352e-01 2.121312767267227173e-01 2.448532432317733765e-01 1.097972542047500610e-01 -4.186135828495025635e-01 -1.755044981837272644e-02 1.464990377426147461e-01 3.067297860980033875e-02 -2.571054697036743164e-01 2.340579628944396973e-01 3.927692174911499023e-01 -1.016785025596618652e+00 1.906334310770034790e-01 1.305900365114212036e-01 -2.681595087051391602e-01 2.010488659143447876e-01 3.076240122318267822e-01 2.048117481172084808e-02 1.242041662335395813e-01 -8.228955417871475220e-02 -2.027188390493392944e-01 -1.112024039030075073e-01 8.972655981779098511e-02 -1.774891763925552368e-01 -5.718204379081726074e-01 2.677413523197174072e-01 -1.908081471920013428e-01 -5.314108729362487793e-01 -4.930367171764373779e-01 1.686894148588180542e-01 3.743916749954223633e-01 6.303943693637847900e-02 1.526293903589248657e-01 -4.609842598438262939e-02 1.880700290203094482e-01 -9.748413413763046265e-02 1.118375360965728760e-01 -1.498361378908157349e-01 2.778404355049133301e-01 2.475128136575222015e-02 5.921577103435993195e-03 -2.939986288547515869e-01 1.848177313804626465e-01 2.047592401504516602e-01 -6.450114846229553223e-01 2.266613543033599854e-01 2.919260263442993164e-01 -2.555748224258422852e-01 5.728129670023918152e-02 1.988897621631622314e-01 2.240438014268875122e-01 1.857061684131622314e-01 2.597420513629913330e-01 1.726968288421630859e-01 7.054346799850463867e-02 2.658550739288330078e-01 -2.154908627271652222e-01 -6.557147018611431122e-03 1.636070609092712402e-01
2.329285591840744019e-01 -4.324794411659240723e-01 -2.270967140793800354e-02 2.217028588056564331e-01 -4.665591716766357422e-01 8.422361686825752258e-03 1.780747026205062866e-01 3.296556174755096436e-01 1.316547542810440063e-01 -4.855101406574249268e-01 1.519177109003067017e-01 5.295494571328163147e-02 1.382353156805038452e-01 -2.525230646133422852e-01 1.646403223276138306e-01 4.192371368408203125e-01 -9.533770680427551270e-01 3.174231648445129395e-01 2.525850236415863037e-01 -4.043714106082916260e-01 2.728339135646820068e-01 1.768410950899124146e-01 1.458457559347152710e-01 8.585736900568008423e-02 -1.643170267343521118e-01 1.511194510385394096e-03 -8.741079270839691162e-02 2.644851505756378174e-01 -1.494070291519165039e-01 -5.553013682365417480e-01 6.596198678016662598e-02 -1.732414215803146362e-01 -6.537602543830871582e-01 -5.580175518989562988e-01 2.082158029079437256e-01 1.885739862918853760e-01 -1.112027559429407120e-03 2.269989997148513794e-01 -1.560996025800704956e-01 3.764587640762329102e-02 -2.809241227805614471e-02 2.447646260261535645e-01 -3.099309504032135010e-01 1.394384056329727173e-01 1.980818808078765869e-02 -8.342020958662033081e-02 -4.248186051845550537e-01 1.668911129236221313e-01 2.028867304325103760e-01 -5.991181731224060059e-01 3.704531490802764893e-01 2.068749070167541504e-01 -3.568463623523712158e-01 2.247688919305801392e-02 3.000136911869049072e-01 1.974745243787765503e-01 3.199521005153656006e-01 1.729278862476348877e-01 3.075117170810699463e-01 2.076769620180130005e-01 2.620232701301574707e-01 -3.564999699592590332e-01 3.000830113887786865e-02 2.316157221794128418e-01
-4.167398437857627869e-02 -4.661211278289556503e-03 2.759823203086853027e-01 -5.147699713706970215e-01 1.543160825967788696e-01 -4.065117537975311279e-01 3.119412995874881744e-02 -1.540731787681579590e-01 -3.376501798629760742e-02 -4.805606007575988770e-01 -7.670634984970092773e-02 8.244372606277465820e-01 2.522161230444908142e-02 2.124347388744354248e-01 2.605943940579891205e-03 1.051403060555458069e-01 -2.134764641523361206e-01 -1.283532083034515381e-01 -3.969317302107810974e-02 8.297029733657836914e-01 6.428486108779907227e-02 -4.044468700885772705e-01 6.421062946319580078e-01 -2.193350344896316528e-01 6.105209514498710632e-02 1.651612222194671631e-01 2.016523480415344238e-01 7.026115655899047852e-01 3.484143689274787903e-02 1.301405310630798340e+00 9.677366167306900024e-02 4.852876961231231689e-01 -1.255709975957870483e-01 7.354233264923095703e-01 2.092722505331039429e-01 -1.271484978497028351e-02 -7.063061594963073730e-01 2.090629339218139648e-01 1.163802444934844971e-01 -3.355162441730499268e-01 1.922847479581832886e-01 -1.455290168523788452e-01 1.276457905769348145e-01 -5.841277241706848145e-01 8.855108916759490967e-02 2.816340923309326172e-01 2.909808158874511719e-01 4.735376685857772827e-02 -1.244394183158874512e-01 -8.913149237632751465e-01 -9.848883002996444702e-02 1.739034503698348999e-01 3.441185951232910156e-01 -1.165993288159370422e-01 2.672143578529357910e-01 7.448264956474304199e-02 1.386018097400665283e-01 -2.319412492215633392e-02 2.026229798793792725e-01 -1.058148965239524841e-01 1.789861768484115601e-01 3.933293744921684265e-02 9.313850849866867065e-02 7.859289646148681641e-01
3.207167610526084900e-02 4.173890128731727600e-02 2.640704996883869171e-02 -7.692055702209472656e-01 -6.803116947412490845e-02 -7.511327862739562988e-01 1.951742023229598999e-01 -7.657128572463989258e-02 -9.335871785879135132e-02 -4.043127596378326416e-01 -2.566868066787719727e-01 9.302528500556945801e-01 6.275404989719390869e-02 2.353415340185165405e-01 5.019342061132192612e-03 2.353846579790115356e-01 -2.056948691606521606e-01 3.993727266788482666e-02 -5.752234160900115967e-02 8.741690516471862793e-01 -1.104443818330764771e-01 -3.857550621032714844e-01 5.986053943634033203e-01 -1.811185777187347412e-01 5.725859850645065308e-02 4.419328272342681885e-02 2.178186327219009399e-01 8.568081855773925781e-01 1.041345521807670593e-01 1.069126605987548828e+00 -4.367620870471000671e-02 3.385628461837768555e-01 -1.152111440896987915e-01 8.110207319259643555e-01 8.250467479228973389e-02 -1.379762440919876099e-01 -1.197037816047668457e+00 4.434129297733306885e-01 -5.920958518981933594e-02 -1.402087211608886719e-01 6.738764792680740356e-02 -1.362151205539703369e-01 4.111470282077789307e-02 -4.769888818264007568e-01 2.404731698334217072e-02 -2.883677184581756592e-01 2.493084967136383057e-01 3.226035535335540771e-01 -8.653002977371215820e-02 -4.227871596813201904e-01 -9.042454510927200317e-02 2.031590789556503296e-01 3.022505939006805420e-01 -4.659804981201887131e-03 2.203475236892700195e-01 1.987280137836933136e-02 9.818246215581893921e-02 -2.115019112825393677e-01 4.628778435289859772e-03 -5.166387930512428284e-02 1.530895680189132690e-01 1.313083618879318237e-01 1.090365350246429443e-01 7.983278632164001465e-01
-9.422589093446731567e-03 2.455808818340301514e-01 3.429522514343261719e-01 -1.156449392437934875e-01 6.294246912002563477e-01 -3.844433426856994629e-01 -2.318755537271499634e-01 1.620558500289916992e-01 -1.082339957356452942e-01 5.813545584678649902e-01 6.000913307070732117e-02 -1.018540002405643463e-02 5.431860089302062988e-01 4.434395134449005127e-01 -7.509041577577590942e-02 2.759480774402618408e-01 1.852438688278198242e+00 -4.940124601125717163e-02 3.269729614257812500e-01 2.844171226024627686e-01 2.543869055807590485e-02 -6.953081488609313965e-02 6.358613073825836182e-02 2.057259678840637207e-01 -2.589117288589477539e-01 -5.435624718666076660e-01 3.543989062309265137e-01 6.644915044307708740e-02 3.952246308326721191e-01 4.756565392017364502e-01 1.248843688517808914e-02 3.095742464065551758e-01 -8.804150670766830444e-02 2.512425780296325684e-01 2.594532966613769531e-01 -1.120643913745880127e-01 3.917021751403808594e-01 4.384725391864776611e-01 2.445703595876693726e-01 -1.499962359666824341e-01 -8.740326762199401855e-01 -6.533595174551010132e-02 5.103738307952880859e-01 1.285372525453567505e-01 -2.100267559289932251e-01 1.228168368339538574e+00 3.027557432651519775e-01 2.676718831062316895e-01 -1.875760555267333984e+00 5.988879799842834473e-01 1.727303713560104370e-01 2.631626129150390625e-01 2.135676741600036621e-01 1.870525069534778595e-02 5.952532291412353516e-01 1.391346007585525513e-01 3.922287523746490479e-01 -8.615542203187942505e-02 -1.348085254430770874e-01 -9.579364210367202759e-02 4.548566043376922607e-01 2.812603116035461426e-01 -1.394748687744140625e-02 8.281861990690231323e-02
1.466146260499954224e-01 -4.730790853500366211e-01 1.895006746053695679e-02 1.918799877166748047e-01 -4.861916899681091309e-01 6.503126770257949829e-02 3.149842321872711182e-01 2.284690290689468384e-01 1.729924678802490234e-01 -4.561390280723571777e-01 -4.584324359893798828e-02 2.078500539064407349e-01 6.873996555805206299e-02 -2.249320149421691895e-01 2.156989127397537231e-01 4.374991357326507568e-01 -8.175868391990661621e-01 3.420890569686889648e-01 3.066641688346862793e-01 -4.400623738765716553e-01 2.369778901338577271e-01 2.638421952724456787e-01 2.316763699054718018e-01 8.865254372358322144e-02 5.958845093846321106e-02 -1.279166638851165771e-01 -7.715084403753280640e-02 1.153228953480720520e-01 -1.864001005887985229e-01 -5.604216456413269043e-01 2.219332605600357056e-01 -4.252948611974716187e-02 -6.251284480094909668e-01 -5.023059248924255371e-01 3.120162785053253174e-01 3.744913339614868164e-01 3.847710043191909790e-02 2.396993786096572876e-01 8.374176919460296631e-02 2.415911108255386353e-01 -1.370258778333663940e-01 7.481636852025985718e-02 -3.326746821403503418e-01 2.597031891345977783e-01 -7.550822943449020386e-02 -8.853742480278015137e-02 -3.787023127079010010e-01 2.732369005680084229e-01 3.472583591938018799e-01 -6.257024407386779785e-01 1.836581826210021973e-01 1.974511593580245972e-01 -3.865102529525756836e-01 1.672837883234024048e-02 1.736087650060653687e-01 2.460345476865768433e-01 1.783043891191482544e-01 1.695942729711532593e-01 1.061083003878593445e-01 1.046050712466239929e-01 3.816830515861511230e-01 -3.312149345874786377e-01 1.609257757663726807e-01 2.469206154346466064e-01
2.800530791282653809e-01 -3.655485212802886963e-01 5.773861333727836609e-02 2.136091291904449463e-01 -4.129362404346466064e-01 -8.499174378812313080e-03 1.947345137596130371e-01 2.468963265419006348e-01 3.065558671951293945e-01 -3.757767677307128906e-01 9.183774702250957489e-03 1.481801718473434448e-01 3.835122659802436829e-02 -3.652657270431518555e-01 2.607605755329132080e-01 3.279114067554473877e-01 -1.017032384872436523e+00 2.307430654764175415e-01 1.063558235764503479e-01 -3.851231932640075684e-01 3.623598814010620117e-01 1.878699660301208496e-01 1.287645250558853149e-01 1.585063338279724121e-01 5.325488373637199402e-02 -3.024084866046905518e-02 -1.687388867139816284e-01 7.719725370407104492e-02 -9.089275449514389038e-02 -6.034762859344482422e-01 2.423552125692367554e-01 -2.724323570728302002e-01 -5.429393649101257324e-01 -6.880003213882446289e-01 2.348715066909790039e-01 3.147538304328918457e-01 9.512414038181304932e-02 3.551039695739746094e-01 8.605250716209411621e-02 2.399504780769348145e-01 -1.113340631127357483e-02 1.269367188215255737e-01 -2.185367196798324585e-01 2.820043861865997314e-01 -1.054119095206260681e-01 7.270069420337677002e-02 -4.392620325088500977e-01 2.908943891525268555e-01 3.196567595005035400e-01 -6.345343589782714844e-01 2.795633673667907715e-01 3.943744003772735596e-01 -3.984962403774261475e-01 -4.450584948062896729e-02 3.618348836898803711e-01 2.814174294471740723e-01 9.226936101913452148e-02 8.997995406389236450e-02 1.257666945457458496e-01 1.281491369009017944e-01 2.905294895172119141e-01 -2.184288203716278076e-01 5.764837563037872314e-02 1.404773890972137451e-01
3.308424493297934532e-03 2.668215632438659668e-01 2.350674420595169067e-01 -1.211160048842430115e-01 6.654655337333679199e-01 -3.390903770923614502e-01 -2.201540172100067139e-01 -2.674306184053421021e-02 -2.537095844745635986e-01 6.466064453125000000e-01 -9.426622837781906128e-02 2.573397010564804077e-03 3.626639246940612793e-01 4.781759977340698242e-01 -7.399989664554595947e-02 2.521255910396575928e-01 1.778349399566650391e+00 6.509541720151901245e-02 2.318103462457656860e-01 1.421617865562438965e-01 1.007705777883529663e-01 -2.567011490464210510e-02 2.173777669668197632e-01 2.911486625671386719e-01 -1.914228498935699463e-01 -3.551855385303497314e-01 4.801554679870605469e-01 2.913040518760681152e-01 3.395267724990844727e-01 5.547164678573608398e-01 9.460152685642242432e-02 3.200226724147796631e-01 -6.013194471597671509e-02 1.904590129852294922e-01 1.047497764229774475e-01 -1.138020157814025879e-01 4.883217513561248779e-01 3.447999358177185059e-01 2.275107204914093018e-01 -1.585765331983566284e-01 -7.377614378929138184e-01 -5.509788170456886292e-02 4.597886502742767334e-01 -3.713336959481239319e-02 -3.954039216041564941e-01 1.092015862464904785e+00 4.883269071578979492e-01 2.542472481727600098e-01 -1.657113909721374512e+00 6.146556138992309570e-01 2.020431160926818848e-01 2.406878769397735596e-01 2.950086891651153564e-01 3.422996029257774353e-02 5.371965765953063965e-01 5.297893285751342773e-02 2.538414895534515381e-01 -3.515610843896865845e-02 -1.913951635360717773e-01 1.028697714209556580e-01 4.264984726905822754e-01 2.544634044170379639e-01 -2.317762235179543495e-03 -6.666222214698791504e-02
1.002845764160156250e-01 -3.994993567466735840e-01 7.580503821372985840e-03 8.110015094280242920e-02 -4.646413922309875488e-01 -3.544894279912114143e-03 2.544401288032531738e-01 1.097725704312324524e-01 2.005969285964965820e-01 -5.546007156372070312e-01 5.976187810301780701e-02 2.191442400217056274e-01 -8.380530774593353271e-02 -3.722241818904876709e-01 2.676209807395935059e-01 4.390455484390258789e-01 -1.002825260162353516e+00 2.645359635353088379e-01 6.774385273456573486e-02 -2.364332079887390137e-01 2.108888179063796997e-01 2.311798930168151855e-01 1.231612078845500946e-02 1.618421524763107300e-01 9.838655591011047363e-03 -1.148196384310722351e-01 -1.943953633308410645e-01 2.152657508850097656e-01 -3.397262096405029297e-02 -4.963190555572509766e-01 2.242741733789443970e-01 -3.056645691394805908e-01 -4.506969153881072998e-01 -5.771344900131225586e-01 1.421283930540084839e-01 3.357484936714172363e-01 1.285466104745864868e-01 1.435872167348861694e-01 3.094667010009288788e-02 1.163723394274711609e-01 -3.564601019024848938e-02 1.120982319116592407e-01 -7.451006025075912476e-02 3.010147213935852051e-01 -1.051533594727516174e-02 -1.229707747697830200e-01 -4.000968039035797119e-01 2.717344164848327637e-01 2.197552919387817383e-01 -6.467152237892150879e-01 3.117066621780395508e-01 3.770453631877899170e-01 -1.498236060142517090e-01 1.481166929006576538e-01 2.612027525901794434e-01 2.220803052186965942e-01 2.578402459621429443e-01 1.190104782581329346e-01 2.390819638967514038e-01 2.308846414089202881e-01 3.689047694206237793e-01 -2.412278950214385986e-01 1.441168040037155151e-01 2.712834477424621582e-01
1.868159174919128418e-01 -3.548352718353271484e-01 4.286941513419151306e-02 2.462359517812728882e-01 -5.160582065582275391e-01 6.065898388624191284e-02 1.927065998315811157e-01 2.907381951808929443e-01 5.000390484929084778e-02 -4.197733402252197266e-01 1.641456224024295807e-02 6.463207304477691650e-02 9.852082282304763794e-02 -3.812974691390991211e-01 3.251526653766632080e-01 3.586445748805999756e-01 -9.717743992805480957e-01 3.300000727176666260e-01 7.558465749025344849e-02 -3.806752562522888184e-01 2.989596426486968994e-01 1.962244212627410889e-01 1.132237017154693604e-01 5.862754583358764648e-02 1.036857254803180695e-02 -1.086703389883041382e-01 -1.519353538751602173e-01 1.151986643671989441e-01 -2.573380470275878906e-01 -4.757523238658905029e-01 2.361080795526504517e-01 -5.950120836496353149e-02 -4.060210883617401123e-01 -5.552525520324707031e-01 2.312805056571960449e-01 2.757633328437805176e-01 8.857841789722442627e-02 1.136525347828865051e-01 -1.122074797749519348e-01 2.311099320650100708e-01 -1.020964160561561584e-01 2.429285198450088501e-01 -2.728132009506225586e-01 3.376283049583435059e-01 2.064848318696022034e-02 -4.589387681335210800e-03 -2.349333316087722778e-01 3.182190060615539551e-01 1.726998239755630493e-01 -5.564669370651245117e-01 2.595570385456085205e-01 3.941216766834259033e-01 -2.921923696994781494e-01 1.660785228013992310e-01 1.448689401149749756e-01 9.959883987903594971e-02 2.851298153400421143e-01 2.418496459722518921e-01 1.262755095958709717e-01 1.451917737722396851e-01 2.359855622053146362e-01 -9.353433549404144287e-02 -4.052620008587837219e-02 2.751330435276031494e-01
1.461967676877975464e-01 -5.173344612121582031e-01 -5.611447151750326157e-03 1.633557826280593872e-01 -6.817854046821594238e-01 1.344170719385147095e-01 1.916976124048233032e-01 1.372220069169998169e-01 3.019756376743316650e-01 -4.751069545745849609e-01 -3.639699518680572510e-02 1.432338058948516846e-01 5.316985771059989929e-04 -3.599311411380767822e-01 3.021802902221679688e-01 2.986096739768981934e-01 -9.534402489662170410e-01 3.571908771991729736e-01 1.022575199604034424e-01 -5.057495236396789551e-01 2.956658303737640381e-01 2.550278902053833008e-01 1.876803636550903320e-01 7.681393623352050781e-02 -3.997377585619688034e-03 -8.996524661779403687e-02 -4.056926816701889038e-02 1.684848032891750336e-02 -1.758737564086914062e-01 -6.826631426811218262e-01 2.776586115360260010e-01 -2.563703358173370361e-01 -5.045492649078369141e-01 -7.571255564689636230e-01 3.346114754676818848e-01 3.041888475418090820e-01 1.784532070159912109e-01 2.267136424779891968e-01 -5.155892297625541687e-02 4.787846654653549194e-02 -1.219194848090410233e-02 1.014610379934310913e-01 -3.250625133514404297e-01 1.064303889870643616e-01 -3.482730686664581299e-02 -4.183181375265121460e-02 -4.381624758243560791e-01 1.856899708509445190e-01 3.226548433303833008e-01 -7.702409625053405762e-01 3.226740956306457520e-01 3.951398134231567383e-01 -3.327498137950897217e-01 1.858695447444915771e-01 3.583988249301910400e-01 1.044628620147705078e-01 2.781609594821929932e-01 1.382505297660827637e-01 2.728588879108428955e-01 4.265499860048294067e-02 2.252768874168395996e-01 -3.367813229560852051e-01 -9.735488146543502808e-02 2.214884907007217407e-01
1.708443909883499146e-01 1.099649816751480103e-01 2.394739836454391479e-01 -1.770137101411819458e-01 5.898706316947937012e-01 -2.910702228546142578e-01 -4.230695664882659912e-01 -5.726030096411705017e-02 -3.698368370532989502e-01 3.824588656425476074e-01 4.497295990586280823e-02 1.286758184432983398e-01 5.236719250679016113e-01 5.010140538215637207e-01 7.647900283336639404e-02 2.382054775953292847e-01 1.184267640113830566e+00 9.915819764137268066e-02 4.274807572364807129e-01 3.103131055831909180e-01 -7.876641466282308102e-04 -3.020105510950088501e-02 1.205067709088325500e-01 1.643081307411193848e-01 -1.327637881040573120e-01 -5.406500697135925293e-01 3.328702747821807861e-01 2.395040392875671387e-01 3.481786251068115234e-01 6.357684135437011719e-01 5.103377625346183777e-02 1.651510894298553467e-01 1.786231398582458496e-01 1.270878314971923828e-01 1.098491027951240540e-01 7.045951485633850098e-02 2.362975180149078369e-01 4.670245051383972168e-01 7.906024158000946045e-02 1.157703064382076263e-02 -9.265068173408508301e-01 6.157974153757095337e-02 4.956198930740356445e-01 -5.649493262171745300e-02 -2.497255951166152954e-01 8.857439756393432617e-01 3.446756601333618164e-01 2.287103831768035889e-01 -1.779669046401977539e+00 6.218826770782470703e-01 1.474254876375198364e-01 2.702385783195495605e-01 2.773858606815338135e-01 7.799366861581802368e-02 5.494525432586669922e-01 2.079525291919708252e-01 2.139426618814468384e-01 -6.669092178344726562e-02 -1.989560425281524658e-01 3.164513409137725830e-02 4.809653162956237793e-01 1.706537902355194092e-01 -2.320504747331142426e-02 1.062471494078636169e-01
-7.538016885519027710e-02 -6.552014034241437912e-03 -3.859280943870544434e-01 -4.781720638275146484e-01 4.955924749374389648e-01 -2.117370963096618652e-01 1.032107975333929062e-02 -1.282437294721603394e-01 -8.676602691411972046e-02 -5.687178373336791992e-01 -7.421629130840301514e-02 7.208315730094909668e-01 -3.094475530087947845e-02 1.138577088713645935e-01 1.316742897033691406e-01 1.166673079133033752e-01 -1.770974546670913696e-01 2.127964235842227936e-02 -4.878448694944381714e-02 8.397246003150939941e-01 -1.603180468082427979e-01 -1.210721209645271301e-01 3.435051739215850830e-01 -1.989294141530990601e-01 -1.710862964391708374e-01 2.936978340148925781e-01 -1.774394363164901733e-01 4.611131548881530762e-01 4.511155560612678528e-02 1.071105003356933594e+00 -4.875196143984794617e-02 -9.615498036146163940e-02 -2.032486051321029663e-01 4.143357872962951660e-01 5.572574585676193237e-02 -1.152360439300537109e-01 -2.627207994461059570e+00 1.960468441247940063e-01 9.234152734279632568e-02 -1.346120424568653107e-02 -1.109629776328802109e-02 -4.055624082684516907e-02 7.242337614297866821e-02 -4.821077585220336914e-01 -1.263991445302963257e-01 4.038136303424835205e-01 1.011388450860977173e-01 9.097629040479660034e-02 8.838089555501937866e-02 2.906714379787445068e-01 -1.274346280843019485e-02 3.055564686655998230e-02 2.417513728141784668e-01 -6.589850783348083496e-02 8.092248439788818359e-02 1.312814205884933472e-01 -1.350984275341033936e-01 -6.185244023799896240e-02 2.739412011578679085e-04 -2.387748509645462036e-01 -3.948664292693138123e-02 1.546311285346746445e-02 -4.044668003916740417e-02 4.651399552822113037e-01
-1.148980557918548584e-01 3.292951285839080811e-01 -1.557441115379333496e+00 1.601411402225494385e-01 -1.053122162818908691e+00 5.546644926071166992e-01 5.266510248184204102e-01 -1.462145359255373478e-03 4.288209974765777588e-01 -4.062434732913970947e-01 2.320694178342819214e-01 -9.959954619407653809e-01 -1.895038634538650513e-01 1.649009287357330322e-01 1.333844810724258423e-01 -1.515023112297058105e-01 -1.468549072742462158e-01 3.693170845508575439e-02 -4.385570883750915527e-01 1.798178255558013916e-01 -1.490345597267150879e-01 -1.620932016521692276e-03 1.257586292922496796e-02 -3.633992075920104980e-01 6.065480113029479980e-01 7.508561015129089355e-01 1.779832094907760620e-01 -1.316038966178894043e+00 4.337732866406440735e-02 4.713441133499145508e-01 6.971703469753265381e-02 3.803393542766571045e-01 6.551437973976135254e-01 2.192820012569427490e-01 -8.641386032104492188e-02 1.472136676311492920e-01 -1.438170194625854492e+00 -1.951549500226974487e-01 -2.232919037342071533e-01 3.871165215969085693e-01 8.762295246124267578e-01 3.786061331629753113e-02 1.134621128439903259e-01 -3.041142225265502930e-01 5.713658928871154785e-01 -4.955114722251892090e-01 3.618654608726501465e-01 -3.112096786499023438e-01 1.009157896041870117e+00 4.945853948593139648e-01 -2.630538344383239746e-01 -2.908827364444732666e-01 3.182953596115112305e-01 3.224309682846069336e-01 -3.144710361957550049e-01 -2.850313484668731689e-01 -4.938353598117828369e-02 3.355813398957252502e-02 2.125350534915924072e-01 9.312678873538970947e-02 -8.143358826637268066e-01 1.128161102533340454e-01 1.198664307594299316e-02 -4.540378227829933167e-02
