1.941720724105834961e+00 2.494489550590515137e-01 4.999171197414398193e-01 -1.621825695037841797e-01 -1.468976289033889771e-01 1.553899198770523071e-01 3.156716823577880859e-01 8.983084559440612793e-02
1.250486522912979126e-01 1.020522490143775940e-01 6.140136718750000000e-01 2.677028477191925049e-01 3.501597344875335693e-01 -3.726508915424346924e-01 3.543869853019714355e-01 1.637735813856124878e-01
8.123664855957031250e-01 -2.941956222057342529e-01 -1.274295598268508911e-01 -1.585765331983566284e-01 3.957145810127258301e-01 5.350250005722045898e-01 -8.377557992935180664e-02 -2.948942594230175018e-02
-4.597965478897094727e-01 1.601690500974655151e-01 -8.826571106910705566e-01 1.891698390245437622e-01 2.197733223438262939e-01 4.746809303760528564e-01 -5.480504035949707031e-01 -7.829161733388900757e-02
2.119622230529785156e-01 -8.849105834960937500e-01 6.470421552658081055e-01 -6.795963644981384277e-01 -2.198406457901000977e-01 1.395034790039062500e-01 -8.965882589109241962e-04 -1.687775366008281708e-02
1.410918235778808594e-01 3.661285638809204102e-01 2.931095659732818604e-01 2.296274602413177490e-01 5.578633025288581848e-02 6.661303043365478516e-01 5.312602967023849487e-02 -3.477078163996338844e-03
1.318237334489822388e-01 -1.976357549428939819e-01 -4.051055312156677246e-01 -4.095294475555419922e-01 -1.424555420875549316e+00 -1.335983127355575562e-01 -1.302495002746582031e-01 4.470272362232208252e-01
2.448278851807117462e-02 -1.080758497118949890e-01 2.436639666557312012e-01 1.101259142160415649e-01 -2.378360778093338013e-01 2.183224633336067200e-02 -4.033191129565238953e-03 2.231718972325325012e-03
3.174853622913360596e-01 -3.239790499210357666e-01 -5.078385472297668457e-01 -5.041190385818481445e-01 -1.175015121698379517e-01 5.047258734703063965e-01 -2.873535966500639915e-03 -7.433283608406782150e-03
-3.659198880195617676e-01 -5.412568524479866028e-02 -5.873497724533081055e-01 -5.956093072891235352e-01 -2.536872923374176025e-01 3.810324370861053467e-01 -5.200138092041015625e-01 -2.410878241062164307e-02
2.201421856880187988e-01 -9.774172306060791016e-02 -6.957015395164489746e-01 -3.242696821689605713e-01 -1.134236082434654236e-01 -3.828975930809974670e-02 -8.353534936904907227e-01 1.299319714307785034e-01
1.161607980728149414e+00 -3.307502567768096924e-01 6.873248815536499023e-01 -9.597647190093994141e-02 1.679701805114746094e-01 -5.547039508819580078e-01 -1.726979315280914307e-01 1.318923290818929672e-02
5.614328384399414062e-01 -1.255782395601272583e-01 -4.837346076965332031e-01 -4.962551593780517578e-01 7.389330863952636719e-01 3.385083377361297607e-02 -6.833482980728149414e-01 2.048074752092361450e-01
1.414507534354925156e-02 -1.309046298265457153e-01 1.114207878708839417e-01 9.633619338274002075e-02 -1.811991184949874878e-01 -3.294441103935241699e-02 -2.035908401012420654e-02 3.791987895965576172e-03
5.724409222602844238e-01 -5.054413080215454102e-01 -2.830752730369567871e-01 -6.278331279754638672e-01 -3.866489231586456299e-01 3.036421835422515869e-01 -7.838600277900695801e-01 -5.174305755645036697e-03
7.337995171546936035e-01 1.290714591741561890e-01 -6.868944317102432251e-02 1.685201823711395264e-01 -7.090450525283813477e-01 4.647622704505920410e-01 -1.399344056844711304e-01 -4.298062324523925781e-01
-7.324908673763275146e-02 -1.816855669021606445e-01 -3.202539086341857910e-01 -1.173617690801620483e-02 -2.383935451507568359e-01 6.619574874639511108e-02 -1.767240911722183228e-01 -1.319341957569122314e-01
7.227323651313781738e-01 -3.332618474960327148e-01 -1.647625304758548737e-02 -3.665212392807006836e-01 -1.532094031572341919e-01 7.180909514427185059e-01 -7.447244524955749512e-01 -1.615999191999435425e-01
1.167634844779968262e+00 -4.098062813282012939e-01 6.969638168811798096e-02 -3.745427727699279785e-01 4.257902801036834717e-01 3.179852366447448730e-01 1.147926077246665955e-01 3.266092389822006226e-02
-1.708721220493316650e-01 -3.034912049770355225e-01 3.539265096187591553e-01 3.041681647300720215e-01 4.956771135330200195e-01 -6.846752166748046875e-01 5.336409807205200195e-01 -3.552266359329223633e-01
2.269259542226791382e-01 -1.212991178035736084e-01 -3.114998042583465576e-01 -3.119470477104187012e-01 -1.926771700382232666e-01 1.051506772637367249e-01 -5.302756428718566895e-01 -9.708672761917114258e-03
1.274030804634094238e+00 -1.459213942289352417e-01 5.670950412750244141e-01 1.226513087749481201e-01 8.091584444046020508e-01 -4.838114380836486816e-01 6.933174133300781250e-01 -3.177436767145991325e-03
-1.968243837356567383e+00 -3.578650355339050293e-01 -3.559005558490753174e-01 -1.184154897928237915e-01 4.299755692481994629e-01 2.586359381675720215e-01 -2.287546172738075256e-02 1.926744543015956879e-02
-6.552002429962158203e-01 -1.775677800178527832e-01 -1.799125313758850098e+00 -2.845785021781921387e-01 5.939393639564514160e-01 -4.373326599597930908e-01 1.140889525413513184e-01 -2.694076001644134521e-01
1.785675585269927979e-01 -4.912440478801727295e-01 -4.113395810127258301e-01 -1.223407536745071411e-01 3.893945366144180298e-02 -1.691859364509582520e-01 -6.689372062683105469e-01 -3.312152251601219177e-02
6.544287800788879395e-01 -3.019279539585113525e-01 2.500233650207519531e-01 -4.409106969833374023e-01 -2.510430812835693359e-01 3.857003152370452881e-02 -5.430958867073059082e-01 -1.700523346662521362e-01
-3.012353777885437012e-01 -8.719705343246459961e-01 -1.624957770109176636e-01 -5.367404818534851074e-01 -9.347257018089294434e-02 7.159344851970672607e-02 -9.580137729644775391e-01 2.325221151113510132e-02
-2.775662541389465332e-01 -1.331484764814376831e-01 -1.813704252243041992e+00 -2.235145680606365204e-02 9.025151729583740234e-01 -4.930262267589569092e-01 2.545885741710662842e-02 -1.551665514707565308e-01
8.717480301856994629e-01 3.966061174869537354e-01 4.543747305870056152e-01 4.583877027034759521e-01 4.598808288574218750e-01 2.353160530328750610e-01 -3.160564303398132324e-01 -8.879687637090682983e-02
2.734024226665496826e-01 -1.473767012357711792e-01 -6.255745291709899902e-01 -2.900321595370769501e-02 -6.889193058013916016e-01 -1.261808425188064575e-01 -7.891263365745544434e-01 -1.104629859328269958e-01
-6.493859887123107910e-01 4.631767794489860535e-02 -3.753316700458526611e-01 4.500322639942169189e-01 -2.045093178749084473e-01 -1.990075111389160156e-01 -7.234834432601928711e-01 -4.852931499481201172e-01
-9.250315427780151367e-01 1.834371685981750488e-01 -1.421621590852737427e-01 4.612400233745574951e-01 -1.211858317255973816e-01 1.033575460314750671e-01 -3.303238749504089355e-01 3.998579457402229309e-02
9.437123537063598633e-01 -1.972279995679855347e-01 6.164030432701110840e-01 3.541117310523986816e-01 1.852928698062896729e-01 3.126630187034606934e-01 5.701171755790710449e-01 -7.131705433130264282e-02
4.900519549846649170e-01 -8.983688354492187500e-01 5.384610295295715332e-01 -1.031441092491149902e+00 6.089008450508117676e-01 -4.812920391559600830e-01 1.462726145982742310e-01 7.785374764353036880e-03
-3.490157127380371094e-01 2.557556629180908203e-01 -1.202003240585327148e+00 2.659740447998046875e-01 3.152677118778228760e-01 2.099779844284057617e-01 -2.832787334918975830e-01 -1.579925417900085449e-01
2.353613972663879395e-01 -8.266524076461791992e-01 1.194322947412729263e-02 -7.119961977005004883e-01 -9.297381341457366943e-02 3.839015066623687744e-01 -8.174598813056945801e-01 1.151546835899353027e-01
6.195932030677795410e-01 1.332081109285354614e-02 -1.295348703861236572e-01 -3.834048211574554443e-01 -1.237927824258804321e-01 -1.391444057226181030e-01 -6.792907118797302246e-01 2.008699774742126465e-01
8.139612078666687012e-01 6.118448376655578613e-01 5.397955179214477539e-01 3.010336160659790039e-01 1.672244369983673096e-01 -2.271673679351806641e-01 8.763270974159240723e-01 -2.164401561021804810e-01
-9.930608272552490234e-01 3.638225197792053223e-01 -6.002339720726013184e-01 2.953424155712127686e-01 1.017429381608963013e-01 -8.700854331254959106e-02 2.541198730468750000e-01 7.524434477090835571e-02
1.402514338493347168e+00 -3.926527500152587891e-01 -4.909077659249305725e-02 -4.286268353462219238e-01 6.869921684265136719e-01 2.948727905750274658e-01 9.614281356334686279e-02 2.451862581074237823e-02
9.523198008537292480e-01 2.176089286804199219e-01 1.203027486801147461e+00 1.460192352533340454e-01 2.129667252302169800e-01 -7.644851207733154297e-01 6.315748691558837891e-01 -1.430361568927764893e-01
-1.112694859504699707e+00 -1.257216632366180420e-01 8.150226473808288574e-01 1.366301029920578003e-01 3.503047674894332886e-02 5.596621632575988770e-01 1.494776308536529541e-01 -4.487863928079605103e-02
-7.385453581809997559e-01 3.440667688846588135e-01 -9.489063024520874023e-01 3.776747882366180420e-01 2.444874048233032227e-01 -2.011496759951114655e-02 -4.956084862351417542e-02 -1.722703315317630768e-02
-1.245124265551567078e-02 2.403957583010196686e-02 2.491110861301422119e-01 -3.204501699656248093e-03 -2.820669710636138916e-01 -1.685532857663929462e-03 1.556789502501487732e-03 -4.961858037859201431e-03
-8.798440545797348022e-02 1.313463896512985229e-01 1.396743774414062500e+00 -2.088342159986495972e-01 5.498641133308410645e-01 1.133855339139699936e-02 3.677110373973846436e-02 -1.895104162395000458e-02
-9.385206699371337891e-01 1.270901560783386230e-01 6.943574175238609314e-03 1.895323097705841064e-01 -2.444776240736246109e-03 -3.914595767855644226e-02 -9.316930919885635376e-02 -2.760402262210845947e-01
1.867090314626693726e-01 -7.077565789222717285e-01 1.127065643668174744e-01 -7.656971216201782227e-01 -3.091885447502136230e-01 2.702755294740200043e-02 2.701295018196105957e-01 2.115415930747985840e-01
8.087635040283203125e-01 5.053392648696899414e-01 7.331091761589050293e-01 5.229673981666564941e-01 6.694239974021911621e-01 2.862216830253601074e-01 -2.513683736324310303e-01 -1.260910928249359131e-01
-2.740738093852996826e-01 -3.778655529022216797e-01 1.772608309984207153e-01 -1.172641385346651077e-02 2.145803868770599365e-01 -8.490648865699768066e-01 -1.719239950180053711e-01 -1.727147493511438370e-03
6.482545137405395508e-01 -2.816781401634216309e-01 4.816415309906005859e-01 -3.250454068183898926e-01 -4.450554251670837402e-01 -2.589064240455627441e-01 -3.670460879802703857e-01 3.338225558400154114e-02
1.920920312404632568e-01 -9.525887668132781982e-02 7.165845036506652832e-01 4.155961871147155762e-01 4.634807258844375610e-02 -3.489615619182586670e-01 -1.990952901542186737e-02 2.093944698572158813e-01
5.980085730552673340e-01 1.893610060214996338e-01 -2.708412170410156250e+00 -2.891239821910858154e-01 -6.272484064102172852e-01 2.792626321315765381e-01 -1.122393906116485596e-01 -1.146210730075836182e-02
-5.246080160140991211e-01 1.628895998001098633e-01 -1.932452768087387085e-01 3.693442791700363159e-02 4.361898601055145264e-01 -4.000298678874969482e-01 1.807215660810470581e-01 -5.413607228547334671e-03
2.391449511051177979e-01 2.539479434490203857e-01 8.544633388519287109e-01 1.125466823577880859e-01 5.375038385391235352e-01 -4.977364242076873779e-01 5.151637196540832520e-01 2.040832303464412689e-02
-5.415650010108947754e-01 -3.819015324115753174e-01 6.358186248689889908e-03 3.309109061956405640e-02 -3.432442247867584229e-01 -3.004775047302246094e-01 -2.148618847131729126e-01 -1.249433234333992004e-01
-6.863736361265182495e-02 -8.307422697544097900e-02 6.157891452312469482e-02 6.950293481349945068e-02 -2.674363255500793457e-01 7.643472403287887573e-02 4.311699792742729187e-02 1.044282130897045135e-02
-3.891392946243286133e-01 -5.223883390426635742e-01 2.145748734474182129e-01 -3.936014473438262939e-01 1.076840162277221680e-01 -1.241568624973297119e-01 -4.631241858005523682e-01 5.082388967275619507e-02
-5.373809933662414551e-01 2.326169013977050781e-01 -6.258399486541748047e-01 -1.602657586336135864e-01 -3.162759840488433838e-01 -1.452853232622146606e-01 -6.224368810653686523e-01 -6.033381447196006775e-02
-9.905737638473510742e-01 -2.125384807586669922e-01 5.304116755723953247e-03 -5.539246797561645508e-01 -6.306576132774353027e-01 2.108972221612930298e-01 -2.027330547571182251e-01 -1.192621067166328430e-01
-3.741233050823211670e-02 -1.578865200281143188e-01 -7.764641195535659790e-02 -3.837063312530517578e-01 -4.653855264186859131e-01 -2.132059037685394287e-01 -8.314535021781921387e-01 -1.124586444348096848e-02
6.111384630203247070e-01 -1.006593555212020874e-01 -5.823980569839477539e-01 -7.682592868804931641e-01 5.999709293246269226e-02 7.238811254501342773e-01 -8.249396681785583496e-01 -4.841944668442010880e-03
-5.550666451454162598e-01 3.037440404295921326e-02 1.088759422302246094e+00 -9.806934744119644165e-02 4.762232899665832520e-01 -1.859810799360275269e-01 8.991772681474685669e-02 1.831649690866470337e-01
-3.128025531768798828e-01 1.857901066541671753e-01 5.639478564262390137e-01 4.085157513618469238e-01 3.998503834009170532e-02 9.082509577274322510e-02 4.039618074893951416e-01 -3.090751357376575470e-02
-5.980586409568786621e-01 -7.652923464775085449e-02 -6.561809182167053223e-01 -7.839751988649368286e-02 -1.421149134635925293e+00 1.288429349660873413e-01 -1.567871868610382080e-01 -1.618185937404632568e-01
