-6.321241855621337891e-01
-2.917475700378417969e-01
6.479855775833129883e-01
-6.496875882148742676e-01
-7.516030669212341309e-01
1.758819222450256348e-01
-4.174549281597137451e-01
-9.805970638990402222e-02
1.061133384704589844e+00
5.315350890159606934e-01
8.154714703559875488e-01
-5.793481469154357910e-01
3.234921991825103760e-01
-1.117870584130287170e-01
9.930500984191894531e-01
-2.855524718761444092e-01
-2.194112725555896759e-02
-1.704898029565811157e-01
2.889941073954105377e-02
-5.827772021293640137e-01
5.066494941711425781e-01
9.879694133996963501e-02
3.447982072830200195e-01
6.370849907398223877e-02
5.060021281242370605e-01
7.042079567909240723e-01
2.168187946081161499e-01
-1.165883764624595642e-01
1.345289945602416992e-01
2.879556119441986084e-01
8.669592440128326416e-03
1.818289235234260559e-02
-2.494848519563674927e-01
-2.960696220397949219e-01
-1.323330402374267578e-01
-1.311980932950973511e-01
3.899904489517211914e-01
2.113314419984817505e-01
-3.839318752288818359e-01
-3.351718485355377197e-01
-8.894508481025695801e-01
-2.436442971229553223e-01
-1.920614577829837799e-02
-7.477400451898574829e-02
-7.430595904588699341e-02
-7.584368437528610229e-02
-6.370695233345031738e-01
-4.856240451335906982e-01
1.844181865453720093e-01
6.063472628593444824e-01
-6.667574048042297363e-01
9.591455012559890747e-02
-3.429580330848693848e-01
-4.205667674541473389e-01
9.153408408164978027e-01
-1.356341242790222168e-01
-1.873359680175781250e-01
-1.296364702284336090e-02
-1.431623101234436035e-01
2.529810369014739990e-01
-1.509473621845245361e-01
-1.933492571115493774e-01
-8.171283602714538574e-01
1.142322197556495667e-01
