8.979325890541076660e-01 8.161026239395141602e-02 -5.665168538689613342e-02 -3.077447600662708282e-02 -6.227911710739135742e-01 1.961342543363571167e-01 -2.068352401256561279e-01 -1.153045073151588440e-01 4.364834427833557129e-01 2.339044213294982910e-01 4.548900723457336426e-01 3.552127182483673096e-01 1.045317724347114563e-01 1.730950325727462769e-01 3.579597175121307373e-01 6.340143270790576935e-03 1.862112805247306824e-02 2.269556820392608643e-01 -7.881169915199279785e-01 5.479459762573242188e-01 1.700861752033233643e-01 -2.731129825115203857e-01 1.997807621955871582e-01 -1.492096185684204102e-01 1.976074278354644775e-01 2.099456787109375000e-01 3.582140207290649414e-01 -1.784986257553100586e-01 3.047767281532287598e-01 4.950217902660369873e-01 3.479260578751564026e-02 1.896205693483352661e-01 -3.533112406730651855e-01 -1.599624752998352051e-01 6.677066534757614136e-02 3.514843881130218506e-01 4.519141316413879395e-01 5.484908223152160645e-01 1.978617012500762939e-01 -9.270717501640319824e-01 7.340528368949890137e-01 4.228086173534393311e-01 -4.615761339664459229e-02 -1.394619643688201904e-01 1.935163140296936035e-01 2.408608943223953247e-01 -3.894807100296020508e-01 2.267364412546157837e-01 1.143758967518806458e-01 1.512577682733535767e-01 -3.540124744176864624e-02 -5.193994045257568359e-01 3.420015275478363037e-01 2.255377471446990967e-01 2.299157530069351196e-01 -5.689931288361549377e-02 2.296907305717468262e-01 8.559196442365646362e-02 1.050060391426086426e-01 3.003639876842498779e-01 5.349819064140319824e-01 1.794600933790206909e-01 -1.880691051483154297e-01 -1.229300498962402344e-01
-5.193555951118469238e-01 -3.510783910751342773e-01 5.077328681945800781e-01 -2.550237439572811127e-02 5.774527192115783691e-01 -1.515081822872161865e-01 4.349162429571151733e-02 3.873739391565322876e-02 -5.163149237632751465e-01 -2.186917327344417572e-02 3.964275717735290527e-01 -5.447065234184265137e-01 4.102380871772766113e-01 -3.761158883571624756e-02 4.730746150016784668e-01 5.906150341033935547e-01 1.436395794153213501e-01 6.402121782302856445e-01 2.068263888359069824e-01 2.667032778263092041e-01 3.310526907444000244e-01 6.058123707771301270e-01 3.656319379806518555e-01 1.109300926327705383e-01 2.386027723550796509e-01 2.953818440437316895e-01 2.346340566873550415e-01 6.081561744213104248e-02 -2.791086137294769287e-01 -4.126485288143157959e-01 2.940674424171447754e-01 2.051975727081298828e-01 5.997722744941711426e-01 -7.761646062135696411e-02 5.777586698532104492e-01 2.269044220447540283e-01 1.935814768075942993e-01 4.610450938344001770e-02 7.713468372821807861e-02 8.479087948799133301e-01 -3.570045158267021179e-02 -3.974981606006622314e-01 3.031736910343170166e-01 -6.199197843670845032e-02 -9.794016182422637939e-02 1.848907321691513062e-01 6.780767440795898438e-02 -7.489243745803833008e-01 3.383088111877441406e-01 2.169784605503082275e-01 -5.655410885810852051e-01 6.556604504585266113e-01 2.872646450996398926e-01 -3.551372289657592773e-01 3.741310238838195801e-01 1.300055086612701416e-01 3.552776575088500977e-01 3.235418796539306641e-01 -2.076673135161399841e-02 3.204034864902496338e-01 5.383888483047485352e-01 -6.403940171003341675e-02 -4.727239012718200684e-01 3.554865345358848572e-02
9.505141973495483398e-01 -2.117365226149559021e-02 -2.286756634712219238e-01 8.353839069604873657e-02 -7.456637024879455566e-01 2.051128447055816650e-01 -1.575800329446792603e-01 4.848928749561309814e-02 5.112718939781188965e-01 2.200397104024887085e-01 5.578331947326660156e-01 5.222314000129699707e-01 1.134577393531799316e-01 7.930655777454376221e-02 2.558555305004119873e-01 -3.784839808940887451e-02 4.149424657225608826e-02 4.005816280841827393e-01 -6.364981532096862793e-01 3.934035301208496094e-01 2.038134634494781494e-01 -3.738336563110351562e-01 1.849245876073837280e-01 -1.415733098983764648e-01 1.907598227262496948e-01 -2.573441341519355774e-02 1.175710931420326233e-01 -3.049949407577514648e-01 2.247544527053833008e-01 2.913551032543182373e-01 -1.659685671329498291e-01 2.012071758508682251e-01 -2.649495005607604980e-01 -2.651524543762207031e-01 -4.618009552359580994e-02 1.270242482423782349e-01 2.673141956329345703e-01 5.664947032928466797e-01 9.821552783250808716e-02 -9.058842062950134277e-01 6.549916863441467285e-01 2.221424281597137451e-01 5.049645900726318359e-02 -9.898246079683303833e-02 2.847894132137298584e-01 1.976856440305709839e-01 -1.955272108316421509e-01 1.965622603893280029e-01 1.045798584818840027e-01 6.122833490371704102e-02 4.413907602429389954e-02 -4.584410786628723145e-01 2.649696767330169678e-01 7.934408634901046753e-02 1.763171106576919556e-01 -1.193989664316177368e-01 1.291844993829727173e-01 4.565938562154769897e-02 -4.169062897562980652e-02 1.606214642524719238e-01 4.703107476234436035e-01 1.535188853740692139e-01 -1.933743953704833984e-01 -8.317118883132934570e-02
-8.361205458641052246e-01 -1.297647692263126373e-02 3.828049600124359131e-01 2.237077802419662476e-01 4.382973313331604004e-01 -1.403180360794067383e-01 1.640763431787490845e-01 1.244393456727266312e-02 -6.210684776306152344e-01 2.314661890268325806e-01 4.327619373798370361e-01 -4.844277203083038330e-01 3.138673901557922363e-01 -9.454427659511566162e-02 3.587435185909271240e-01 1.790450811386108398e-01 -7.402126677334308624e-03 8.051680922508239746e-01 4.282793104648590088e-01 -4.584327340126037598e-02 2.025894373655319214e-01 6.611762046813964844e-01 4.164077043533325195e-01 -5.554802250117063522e-03 2.386490851640701294e-01 4.692171216011047363e-01 4.742090702056884766e-01 -7.590043544769287109e-02 -4.131005704402923584e-01 -3.993311524391174316e-01 3.996233344078063965e-01 8.699364215135574341e-02 3.776227831840515137e-01 -1.676442623138427734e-01 6.136031150817871094e-01 3.181316852569580078e-01 2.020265907049179077e-01 -3.175710141658782959e-02 4.176148176193237305e-01 7.322465181350708008e-01 -2.324232310056686401e-01 -4.394769370555877686e-01 3.902937769889831543e-01 -1.201269924640655518e-01 -7.530401647090911865e-02 5.849564820528030396e-02 7.870961725711822510e-02 -8.943712115287780762e-01 1.963709145784378052e-01 2.874069809913635254e-01 -1.750490963459014893e-01 1.131298542022705078e+00 2.038814872503280640e-01 -1.960373967885971069e-01 3.067757189273834229e-01 2.778084948658943176e-02 2.708162069320678711e-01 3.182193338871002197e-01 5.838235840201377869e-02 4.912271797657012939e-01 3.857841789722442627e-01 5.343707650899887085e-02 -1.812117695808410645e-01 5.321159213781356812e-02
8.870623707771301270e-01 1.563115119934082031e-01 -3.228941187262535095e-02 2.156540006399154663e-02 -5.953077077865600586e-01 1.492841243743896484e-01 -7.321497052907943726e-02 -6.269785016775131226e-02 5.212319493293762207e-01 2.678219974040985107e-01 4.090356826782226562e-01 5.104178190231323242e-01 2.774803936481475830e-01 -9.476575069129467010e-03 4.685136973857879639e-01 -9.498509019613265991e-02 8.138565719127655029e-02 4.698151350021362305e-01 -9.117909073829650879e-01 4.057680070400238037e-01 2.105685025453567505e-01 -1.610946357250213623e-01 2.956845760345458984e-01 -6.916505098342895508e-02 1.158104538917541504e-01 9.299426339566707611e-03 2.472817301750183105e-01 -2.293328493833541870e-01 1.780702322721481323e-01 4.186784029006958008e-01 7.120364904403686523e-02 2.784021198749542236e-01 -2.353859990835189819e-01 -3.577912151813507080e-01 -3.836775198578834534e-02 2.184906452894210815e-01 3.485497832298278809e-01 5.795325040817260742e-01 1.677979826927185059e-01 -9.228700399398803711e-01 6.832584738731384277e-01 3.188416659832000732e-01 5.853272601962089539e-02 -8.925896137952804565e-02 1.371959000825881958e-01 3.601380586624145508e-01 -2.377077937126159668e-01 1.715496033430099487e-01 1.397404521703720093e-01 1.933222711086273193e-01 2.341442368924617767e-02 -4.617818295955657959e-01 1.324456334114074707e-01 1.944646537303924561e-01 3.283629417419433594e-01 2.315315976738929749e-02 2.246818244457244873e-01 1.741851270198822021e-01 5.658875405788421631e-02 1.752196848392486572e-01 5.888456702232360840e-01 3.317504525184631348e-01 -1.724781394004821777e-01 -1.286287307739257812e-01
8.307887911796569824e-01 6.412600167095661163e-03 -1.457821279764175415e-01 1.023622602224349976e-01 -7.544965744018554688e-01 2.161781340837478638e-01 -2.103262543678283691e-01 3.137681633234024048e-02 3.779115676879882812e-01 3.719658553600311279e-01 5.874851346015930176e-01 4.695496559143066406e-01 3.626275360584259033e-01 -2.078086510300636292e-02 5.509823560714721680e-01 3.372038155794143677e-02 1.481596529483795166e-01 3.703784942626953125e-01 -7.732809782028198242e-01 4.820406138896942139e-01 3.192591667175292969e-01 -1.366600543260574341e-01 2.117266654968261719e-01 -8.599660359323024750e-03 2.524830996990203857e-01 1.626528501510620117e-01 4.063416123390197754e-01 -1.065758094191551208e-01 2.576299309730529785e-01 4.967553913593292236e-01 -4.484440013766288757e-02 2.339307665824890137e-01 -1.560047417879104614e-01 -2.289522737264633179e-01 3.983523324131965637e-02 3.551810383796691895e-01 3.454268276691436768e-01 6.617880463600158691e-01 1.039754226803779602e-01 -1.022255659103393555e+00 7.407724261283874512e-01 3.426311314105987549e-01 8.883225172758102417e-02 6.812199950218200684e-02 2.630830407142639160e-01 3.684544861316680908e-01 -3.269297480583190918e-01 2.381388396024703979e-01 1.952852159738540649e-01 1.558799743652343750e-01 1.023914739489555359e-01 -2.984432876110076904e-01 2.694689929485321045e-01 3.320739865303039551e-01 3.681480586528778076e-01 1.680434495210647583e-01 3.106974363327026367e-01 2.661614716053009033e-01 -3.896329551935195923e-02 2.021926194429397583e-01 6.454553604125976562e-01 1.969314217567443848e-01 -1.755298823118209839e-01 -1.053960472345352173e-01
-6.599038094282150269e-02 3.537401854991912842e-01 1.357329010963439941e+00 4.429029226303100586e-01 -1.344459176063537598e+00 -5.938126705586910248e-04 4.148007556796073914e-02 4.624665156006813049e-02 -2.531253397464752197e-01 -1.056590490043163300e-02 1.610638499259948730e-01 3.361748754978179932e-01 1.125946402549743652e+00 -3.102469444274902344e-02 -8.325221538543701172e-01 -4.639686271548271179e-02 1.201047450304031372e-01 -6.548334956169128418e-01 7.953326702117919922e-01 2.156195938587188721e-01 -1.772040426731109619e-01 2.211462333798408508e-02 3.266894102096557617e+00 -8.412908762693405151e-02 1.737323403358459473e-01 -3.348577320575714111e-01 -1.004365921020507812e+00 3.603193536400794983e-02 -2.743826806545257568e-02 6.557889282703399658e-02 5.773097872734069824e-01 6.623815298080444336e-01 -2.201719209551811218e-02 -6.895213127136230469e-01 -3.343517482280731201e-01 -6.976480484008789062e-01 1.985371410846710205e-01 1.120287254452705383e-01 4.009568132460117340e-03 5.794379711151123047e-01 3.892657756805419922e-01 -1.693495273590087891e+00 -2.262529879808425903e-01 -5.735689029097557068e-02 -2.053317546844482422e+00 1.055269036442041397e-02 -1.395245432853698730e+00 5.762775987386703491e-02 2.783879339694976807e-01 -2.104865014553070068e-01 5.682989358901977539e-01 4.934078156948089600e-01 3.023613393306732178e-01 5.545857921242713928e-02 1.888003759086132050e-02 -1.336131058633327484e-02 -1.102912425994873047e+00 3.221356272697448730e-01 -2.380854845046997070e+00 3.255438208580017090e-01 2.209377884864807129e-01 -1.044747233390808105e+00 1.135776787996292114e-01 5.628370642662048340e-01
7.865834236145019531e-01 -3.494063857942819595e-03 -1.296436041593551636e-01 4.871328920125961304e-02 -5.723978877067565918e-01 1.062568724155426025e-01 -6.564609706401824951e-02 -8.871482312679290771e-02 4.163646697998046875e-01 3.717159330844879150e-01 5.582072734832763672e-01 4.116366803646087646e-01 1.819143295288085938e-01 1.319606453180313110e-01 4.290526211261749268e-01 2.421222999691963196e-02 3.959678485989570618e-02 5.300705432891845703e-01 -8.353666663169860840e-01 4.873489141464233398e-01 1.994620412588119507e-01 -2.730328440666198730e-01 3.104154765605926514e-01 -5.283244885504245758e-03 3.726100027561187744e-01 7.673189043998718262e-02 1.602495014667510986e-01 -1.829828917980194092e-01 1.136075332760810852e-01 5.154862403869628906e-01 -1.133501937147229910e-04 2.813338339328765869e-01 -1.157843619585037231e-01 -3.545148074626922607e-01 5.561315640807151794e-02 3.404979407787322998e-01 3.544606566429138184e-01 5.507858395576477051e-01 2.390705421566963196e-02 -8.534543514251708984e-01 6.077020764350891113e-01 4.214602410793304443e-01 6.685058027505874634e-02 -1.011024117469787598e-01 2.695018947124481201e-01 3.856518864631652832e-01 -2.723455429077148438e-01 3.496927618980407715e-01 1.734540015459060669e-01 1.772625893354415894e-01 5.212111771106719971e-02 -5.094824433326721191e-01 4.240148663520812988e-01 2.131338864564895630e-01 3.327472805976867676e-01 1.172036603093147278e-01 1.931949704885482788e-01 6.212998554110527039e-02 5.607921257615089417e-02 4.224087893962860107e-01 4.822363853454589844e-01 1.588532179594039917e-01 -9.786041080951690674e-02 -1.435072273015975952e-01
8.922382593154907227e-01 -1.569524221122264862e-02 -1.444372087717056274e-01 8.078431338071823120e-02 -7.919437289237976074e-01 1.103112027049064636e-01 -1.565369069576263428e-01 -4.836882278323173523e-02 3.827058672904968262e-01 3.300365805625915527e-01 5.403717756271362305e-01 5.164271593093872070e-01 3.410594463348388672e-01 2.432508766651153564e-02 4.977353811264038086e-01 -1.108036860823631287e-01 4.668888077139854431e-02 4.860574305057525635e-01 -9.085381627082824707e-01 3.826111257076263428e-01 1.538632214069366455e-01 -2.315003126859664917e-01 2.480879873037338257e-01 -1.565094590187072754e-01 2.583580613136291504e-01 1.847169362008571625e-02 2.914449870586395264e-01 -7.405551522970199585e-02 2.069884091615676880e-01 3.891614377498626709e-01 8.656248450279235840e-02 2.446413636207580566e-01 -3.404270410537719727e-01 -3.482221066951751709e-01 7.290165871381759644e-02 3.092937171459197998e-01 4.303046166896820068e-01 6.862376928329467773e-01 4.769195243716239929e-02 -9.003301262855529785e-01 6.803126931190490723e-01 3.377021849155426025e-01 1.195035055279731750e-01 -2.888164296746253967e-02 1.967876255512237549e-01 1.900175213813781738e-01 -3.656140267848968506e-01 3.707799315452575684e-01 1.587688326835632324e-01 3.046145141124725342e-01 -7.548232376575469971e-02 -3.413880467414855957e-01 3.266905546188354492e-01 2.925624847412109375e-01 3.000003695487976074e-01 1.988549157977104187e-02 1.552617251873016357e-01 1.644067615270614624e-01 1.308985352516174316e-01 2.598838806152343750e-01 6.203157305717468262e-01 3.105985224246978760e-01 -1.849701702594757080e-01 1.604242064058780670e-02
7.586448788642883301e-01 1.377014629542827606e-02 -2.853870205581188202e-02 2.186183333396911621e-01 -6.692634820938110352e-01 2.635767757892608643e-01 3.543127700686454773e-02 1.066099032759666443e-01 4.290363788604736328e-01 2.398658394813537598e-01 5.244133472442626953e-01 3.828556835651397705e-01 3.738535046577453613e-01 2.805183641612529755e-02 3.414950370788574219e-01 3.247132897377014160e-02 6.603054702281951904e-02 4.054163098335266113e-01 -8.752958178520202637e-01 5.326824784278869629e-01 9.159608930349349976e-02 -2.843548357486724854e-01 3.223071694374084473e-01 -5.945411324501037598e-02 1.574523001909255981e-01 2.134611457586288452e-01 3.173131644725799561e-01 -2.618139386177062988e-01 2.012553364038467407e-01 4.266957342624664307e-01 5.012487247586250305e-02 1.469725817441940308e-01 -2.459302544593811035e-01 -1.590120941400527954e-01 -1.524244435131549835e-03 3.913770914077758789e-01 4.509188830852508545e-01 6.464210748672485352e-01 6.871902942657470703e-02 -9.625232219696044922e-01 6.937927603721618652e-01 3.800831735134124756e-01 -5.855385586619377136e-02 -9.019877016544342041e-02 2.159216850996017456e-01 2.863413691520690918e-01 -3.415452539920806885e-01 2.045648545026779175e-01 8.681221306324005127e-02 1.349751055240631104e-01 -5.725183058530092239e-03 -5.005004405975341797e-01 3.003839552402496338e-01 1.987317353487014771e-01 2.724259197711944580e-01 1.706038564443588257e-01 2.444528490304946899e-01 4.288023803383111954e-03 2.293564006686210632e-02 3.860669136047363281e-01 4.633899331092834473e-01 1.397993266582489014e-01 -2.334722131490707397e-01 -2.050717733800411224e-02
7.631715536117553711e-01 -5.581612139940261841e-02 -1.693577021360397339e-01 1.835806816816329956e-01 -5.641405582427978516e-01 9.362366050481796265e-02 -1.102137342095375061e-01 -7.625035941600799561e-02 4.834138751029968262e-01 2.604070603847503662e-01 5.766423344612121582e-01 3.671806156635284424e-01 2.087556868791580200e-01 -3.375988826155662537e-02 3.455567061901092529e-01 -1.082294508814811707e-01 1.629091650247573853e-01 4.566475152969360352e-01 -8.698493838310241699e-01 6.322742700576782227e-01 1.217984333634376526e-01 -1.256797909736633301e-01 1.152755096554756165e-01 -2.581274695694446564e-02 3.717735707759857178e-01 4.088493064045906067e-02 3.309418261051177979e-01 -1.678492426872253418e-01 8.644214272499084473e-02 4.004467129707336426e-01 -5.627424269914627075e-02 3.105355203151702881e-01 -1.293213367462158203e-01 -3.289239108562469482e-01 7.320844382047653198e-02 4.274031519889831543e-01 4.389445483684539795e-01 5.295072793960571289e-01 -3.209087997674942017e-02 -9.341736435890197754e-01 6.322862505912780762e-01 4.587744772434234619e-01 3.731258958578109741e-02 -2.996086142957210541e-02 3.272853791713714600e-01 1.790551990270614624e-01 -3.992178738117218018e-01 2.121914625167846680e-01 3.361534476280212402e-01 2.089705616235733032e-01 -7.008930295705795288e-02 -4.035899341106414795e-01 1.871021687984466553e-01 3.539937138557434082e-01 3.829334080219268799e-01 9.464588761329650879e-02 9.202679991722106934e-02 1.900949478149414062e-01 -6.431965529918670654e-02 2.375339567661285400e-01 6.470243334770202637e-01 2.382363080978393555e-01 -1.725684255361557007e-01 -2.922078780829906464e-02
-6.632248163223266602e-01 -1.757510751485824585e-01 6.735020875930786133e-01 4.480205476284027100e-01 3.984963595867156982e-01 -6.241424381732940674e-02 -3.292456641793251038e-02 2.224638909101486206e-01 -5.721399784088134766e-01 3.128047585487365723e-01 1.908228546380996704e-01 -6.458185315132141113e-01 3.025347888469696045e-01 -6.565327942371368408e-02 4.240033328533172607e-01 6.205660104751586914e-01 1.408013254404067993e-01 6.874379515647888184e-01 3.644784092903137207e-01 2.851855009794235229e-02 3.093505799770355225e-01 5.879338383674621582e-01 2.756975889205932617e-01 8.250737935304641724e-02 2.789196968078613281e-01 5.181711316108703613e-01 3.951317667961120605e-01 -4.771625250577926636e-02 -3.840047419071197510e-01 -2.952629923820495605e-01 1.117164492607116699e-01 -4.991203919053077698e-02 3.934987783432006836e-01 -2.181020826101303101e-01 4.719218611717224121e-01 4.057331681251525879e-01 1.104936599731445312e-01 1.653241068124771118e-01 7.045956701040267944e-02 7.941013574600219727e-01 -1.115418747067451477e-01 -1.821150630712509155e-01 3.990052938461303711e-01 -7.153183966875076294e-02 -2.589469403028488159e-02 1.619155406951904297e-01 1.100993379950523376e-01 -8.715846538543701172e-01 5.750710144639015198e-02 1.987510770559310913e-01 -5.708929896354675293e-01 3.777227699756622314e-01 1.250975113362073898e-02 -2.885556817054748535e-01 3.138038516044616699e-01 1.586835086345672607e-01 1.625263541936874390e-01 -5.525458976626396179e-02 -1.097815632820129395e-01 9.373382478952407837e-02 4.425548911094665527e-01 -1.119926348328590393e-01 -2.756851017475128174e-01 2.453020066022872925e-01
7.994160056114196777e-01 -5.940493941307067871e-02 -1.785516589879989624e-01 1.031651198863983154e-01 -6.304711103439331055e-01 2.439248114824295044e-01 -1.010752245783805847e-01 1.031351685523986816e-01 3.529595434665679932e-01 2.998517155647277832e-01 5.253384709358215332e-01 5.710790157318115234e-01 1.212993860244750977e-01 -6.370357424020767212e-02 4.249390959739685059e-01 -5.771085247397422791e-02 1.729963123798370361e-01 3.392639160156250000e-01 -8.412830829620361328e-01 5.120038390159606934e-01 1.529653668403625488e-01 -3.243996202945709229e-01 2.477629482746124268e-01 1.947287283837795258e-02 2.407368570566177368e-01 2.394521683454513550e-01 3.643757998943328857e-01 -1.460086703300476074e-01 7.337187230587005615e-02 2.878851592540740967e-01 6.542060524225234985e-02 1.171488165855407715e-01 -2.496134936809539795e-01 -2.452488392591476440e-01 -6.383378803730010986e-02 3.882960975170135498e-01 5.345566272735595703e-01 6.598698496818542480e-01 2.034060955047607422e-01 -9.355509281158447266e-01 6.313599944114685059e-01 2.302213907241821289e-01 1.297962106764316559e-02 2.778906188905239105e-02 2.358086854219436646e-01 1.623327285051345825e-01 -3.854696750640869141e-01 2.144895493984222412e-01 2.120242863893508911e-01 1.508745253086090088e-01 8.698850125074386597e-02 -2.878451347351074219e-01 2.288523912429809570e-01 1.547769755125045776e-01 3.306979835033416748e-01 1.652739942073822021e-01 1.757562905550003052e-01 1.907933056354522705e-01 1.780920028686523438e-01 3.464823961257934570e-01 4.473622143268585205e-01 3.196036815643310547e-01 -2.746995389461517334e-01 -2.511107735335826874e-02
-3.448459148406982422e+00 -3.275761008262634277e-01 4.638274312019348145e-01 8.446797132492065430e-01 5.920925736427307129e-01 -4.011490046977996826e-01 5.420745015144348145e-01 -5.848407372832298279e-02 -7.412533164024353027e-01 4.455838501453399658e-01 4.424988925457000732e-01 -1.279588103294372559e+00 3.947192132472991943e-01 -3.393610194325447083e-02 6.501972079277038574e-01 8.996742367744445801e-01 1.190095096826553345e-01 6.499547362327575684e-01 1.049005761742591858e-01 5.628233551979064941e-01 3.782449364662170410e-01 8.438916802406311035e-01 1.020214259624481201e-01 -1.090031743049621582e+00 5.765376091003417969e-01 5.884601473808288574e-01 4.621453583240509033e-01 -2.154715359210968018e-01 -5.109499096870422363e-01 -4.380781352519989014e-01 1.916605681180953979e-01 -3.529596328735351562e-01 -1.013999879360198975e-01 6.531748920679092407e-02 5.193064808845520020e-01 3.843540549278259277e-01 5.007485747337341309e-01 -3.842192888259887695e-01 3.412906229496002197e-01 7.201388478279113770e-02 3.272328078746795654e-01 -9.655504673719406128e-02 5.759612321853637695e-01 4.232545569539070129e-02 1.764624863862991333e-01 2.193418443202972412e-01 1.585829406976699829e-01 -8.285377025604248047e-01 7.869190573692321777e-01 8.065540790557861328e-01 -5.892157182097434998e-02 1.111170291900634766e+00 3.532562255859375000e-01 -4.958891272544860840e-01 4.960000216960906982e-01 1.891981251537799835e-02 2.700754106044769287e-01 6.014653667807579041e-02 -1.354561373591423035e-02 2.612005472183227539e-01 5.050747990608215332e-01 -1.458988338708877563e-01 -1.528970479965209961e+00 8.837018609046936035e-01
7.388987541198730469e-01 2.096167765557765961e-02 -5.543133243918418884e-02 2.435684017837047577e-02 -7.726705074310302734e-01 2.594623565673828125e-01 -1.581193059682846069e-01 2.401298470795154572e-02 2.889908552169799805e-01 4.274881482124328613e-01 5.923240184783935547e-01 3.603911399841308594e-01 3.060287833213806152e-01 4.667570069432258606e-02 4.629194140434265137e-01 -8.099890500307083130e-02 1.215704604983329773e-01 3.432617783546447754e-01 -8.245764374732971191e-01 5.715373754501342773e-01 2.587913870811462402e-01 -3.373108804225921631e-01 2.038506865501403809e-01 -7.336106896400451660e-02 3.007850050926208496e-01 3.562753275036811829e-02 2.715700566768646240e-01 -7.457492500543594360e-02 2.385397404432296753e-01 4.484639167785644531e-01 -8.832344412803649902e-02 2.533057630062103271e-01 -2.699367105960845947e-01 -3.371869623661041260e-01 5.109785124659538269e-02 1.914013624191284180e-01 3.421280980110168457e-01 5.706977248191833496e-01 5.288072396069765091e-03 -8.799079060554504395e-01 7.395352721214294434e-01 3.155080080032348633e-01 -2.772975526750087738e-02 5.636289715766906738e-02 1.787382215261459351e-01 3.239473700523376465e-01 -2.575049400329589844e-01 2.626634538173675537e-01 1.827002465724945068e-01 1.911679506301879883e-01 -6.563677638769149780e-02 -3.564989864826202393e-01 3.976241648197174072e-01 1.872044205665588379e-01 3.622079789638519287e-01 -2.455481095239520073e-03 1.777142435312271118e-01 4.645704478025436401e-02 1.073188185691833496e-01 3.826851248741149902e-01 5.924118161201477051e-01 2.389079928398132324e-01 -2.183362990617752075e-01 -7.095296401530504227e-03
2.342987358570098877e-01 -1.925189048051834106e-01 6.502666473388671875e-01 -5.974147915840148926e-01 5.570991635322570801e-01 4.636153578758239746e-01 1.440963894128799438e-01 -5.124737694859504700e-02 3.851808011531829834e-01 6.934246420860290527e-01 -3.951459228992462158e-01 2.081050351262092590e-02 3.188545703887939453e-01 -4.572291299700737000e-02 7.839768528938293457e-01 3.142699003219604492e-01 -9.289550036191940308e-02 1.663026452064514160e+00 -1.246713921427726746e-01 -8.488306403160095215e-01 9.806381165981292725e-02 2.350549399852752686e-01 5.472670793533325195e-01 1.150534987449645996e+00 6.907616555690765381e-02 -2.789363861083984375e-01 2.691811919212341309e-01 5.116950273513793945e-01 -3.078969940543174744e-02 -5.160889029502868652e-01 -2.009377330541610718e-01 5.604506283998489380e-02 2.789260447025299072e-01 -6.885464787483215332e-01 3.952648937702178955e-01 5.021122097969055176e-01 -1.546961516141891479e-01 4.260397255420684814e-01 5.648864507675170898e-01 8.416695594787597656e-01 4.294504523277282715e-01 -1.684807240962982178e-01 4.047126770019531250e-01 -9.341362863779067993e-02 -4.455050230026245117e-01 -6.550761871039867401e-03 -2.767737582325935364e-02 -3.540284633636474609e-01 -4.452148377895355225e-01 -6.851225495338439941e-01 -1.585054546594619751e-01 4.582691788673400879e-01 -1.191170141100883484e-01 -7.119134664535522461e-01 -9.435686469078063965e-02 3.507865667343139648e-01 1.556367874145507812e-01 -6.218366622924804688e-01 -2.338372617959976196e-01 6.869914382696151733e-02 1.376462936401367188e+00 -4.407204389572143555e-01 -1.183409988880157471e-01 4.054822623729705811e-01
-9.350318312644958496e-01 -2.352640777826309204e-01 7.399250268936157227e-01 -1.220990791916847229e-01 7.403194904327392578e-01 2.373300939798355103e-01 5.032783150672912598e-01 -1.413806378841400146e-01 -1.194640874862670898e+00 8.113451302051544189e-02 1.899040490388870239e-01 -7.636376619338989258e-01 4.639263451099395752e-01 -1.148532480001449585e-01 1.358332931995391846e-01 -4.131791889667510986e-01 -1.046521961688995361e-01 1.034475445747375488e+00 4.027154445648193359e-01 3.079952001571655273e-01 -1.280488725751638412e-02 1.754721701145172119e-01 9.025102257728576660e-01 9.834434390068054199e-01 1.798216998577117920e-02 4.088106751441955566e-02 2.767687439918518066e-01 3.558423221111297607e-01 2.297286242246627808e-01 1.511524915695190430e-01 -3.321006298065185547e-01 -2.470718622207641602e-01 -4.295197427272796631e-01 -1.270978093147277832e+00 3.985737860202789307e-01 4.491315484046936035e-01 -2.318646758794784546e-02 2.747187912464141846e-01 -5.044759064912796021e-02 6.162914633750915527e-01 4.353897869586944580e-01 -3.203592598438262939e-01 -1.423018574714660645e-01 -3.779178112745285034e-02 -6.096276044845581055e-01 -1.142154335975646973e-01 1.143132090568542480e+00 1.379889547824859619e-01 4.227865040302276611e-01 -1.269188523292541504e-01 -8.801035284996032715e-01 2.634032666683197021e-01 6.317207217216491699e-02 -1.812867522239685059e-01 1.849920749664306641e-01 -2.972510270774364471e-02 -5.324280634522438049e-02 -6.442606449127197266e-01 -9.601202607154846191e-01 -7.202304899692535400e-02 8.241625428199768066e-01 -8.982161283493041992e-01 -6.095083951950073242e-01 3.042872622609138489e-02
-2.094819396734237671e-01 7.844758033752441406e-02 1.463450312614440918e+00 4.207190871238708496e-01 -1.159752488136291504e+00 -2.911916375160217285e-02 1.308487951755523682e-01 -6.908860057592391968e-02 -5.922187566757202148e-01 3.866621255874633789e-01 1.378727704286575317e-01 2.565324306488037109e-01 9.543599486351013184e-01 -2.419756166636943817e-02 -5.778419375419616699e-01 2.092478098347783089e-03 2.308510392904281616e-01 1.613886654376983643e-01 6.184638142585754395e-01 1.574627459049224854e-01 2.360745817422866821e-01 -2.401112951338291168e-02 2.978375434875488281e+00 -7.578216493129730225e-03 2.934142649173736572e-01 -1.018564701080322266e-01 -4.361533522605895996e-01 1.351704448461532593e-01 4.283396899700164795e-02 9.178561717271804810e-02 6.043835282325744629e-01 5.731611251831054688e-01 8.187539875507354736e-02 -7.136374711990356445e-01 -1.777678132057189941e-01 -7.835786342620849609e-01 1.244558617472648621e-01 8.840632438659667969e-02 9.254104644060134888e-02 7.213373184204101562e-01 4.080917537212371826e-01 -1.396250486373901367e+00 -1.324672698974609375e-01 1.280626952648162842e-01 -1.791416883468627930e+00 1.742796301841735840e-01 -1.557665944099426270e+00 1.439013425260782242e-02 8.625956624746322632e-02 -4.844729304313659668e-01 4.557605981826782227e-01 3.314674198627471924e-01 1.255507022142410278e-01 1.080995872616767883e-01 -5.857606884092092514e-03 8.974476158618927002e-02 -7.491745948791503906e-01 3.691014647483825684e-01 -2.213045835494995117e+00 2.159261554479598999e-01 9.353474974632263184e-01 -1.158449053764343262e+00 -4.608500003814697266e-01 3.166677057743072510e-01
6.507565975189208984e-01 -2.360334694385528564e-01 -4.102807343006134033e-01 -1.038034111261367798e-01 -4.785990417003631592e-01 -3.812902420759201050e-02 1.179672330617904663e-01 2.743253111839294434e-01 4.326325953006744385e-01 -6.317305564880371094e-02 2.401424646377563477e-01 6.392847299575805664e-01 -1.149032264947891235e-01 2.701225578784942627e-01 2.444922924041748047e-02 1.055845022201538086e-01 -1.225603371858596802e-01 1.463584750890731812e-01 -3.701080083847045898e-01 1.820282638072967529e-01 -1.614711284637451172e-01 -4.838302731513977051e-01 -1.206860542297363281e-01 7.127757370471954346e-02 -9.345232695341110229e-02 -2.280472517013549805e-01 -7.595922052860260010e-02 -2.801200747489929199e-01 -1.419610977172851562e-01 3.049930632114410400e-01 -1.852323859930038452e-01 -6.436242908239364624e-02 -5.326077342033386230e-01 1.080343425273895264e-01 2.433386594057083130e-01 2.642147429287433624e-02 3.873421996831893921e-02 1.706950366497039795e-01 -5.776715651154518127e-02 -9.602694958448410034e-02 3.952928483486175537e-01 7.685741782188415527e-02 -8.626245707273483276e-02 1.748546063899993896e-01 4.618787392973899841e-02 5.011262372136116028e-02 7.553325593471527100e-02 2.831583842635154724e-02 -1.658488810062408447e-01 -2.480016350746154785e-01 -1.542078554630279541e-01 -2.984764277935028076e-01 -1.492703408002853394e-01 -1.047474741935729980e-01 -3.180326521396636963e-01 -1.311635076999664307e-01 1.457377076148986816e-01 1.127804629504680634e-02 -6.201466545462608337e-03 -2.924465239048004150e-01 1.819932907819747925e-01 1.616493314504623413e-01 -3.298592865467071533e-01 -3.875560685992240906e-02
-5.636632442474365234e-01 -3.810140788555145264e-01 6.157914400100708008e-01 3.437503576278686523e-01 4.215468466281890869e-01 -4.739840701222419739e-02 -1.908628046512603760e-01 7.552350871264934540e-03 -8.041417598724365234e-01 3.814203143119812012e-01 4.583892822265625000e-01 -5.115630030632019043e-01 5.348253250122070312e-01 -2.228751080110669136e-03 4.003483951091766357e-01 -2.673849165439605713e-01 -3.195355879142880440e-03 8.988180756568908691e-01 2.196898311376571655e-01 2.401281893253326416e-01 1.802620887756347656e-01 6.737093925476074219e-01 4.208057820796966553e-01 3.308014199137687683e-02 1.306277513504028320e-01 3.841220736503601074e-01 4.878036081790924072e-01 -1.556361764669418335e-01 -5.185219049453735352e-01 -5.048731565475463867e-01 4.013735428452491760e-02 -1.123454421758651733e-01 3.057443797588348389e-01 -3.106180727481842041e-01 3.457426130771636963e-01 3.150809705257415771e-01 3.079177439212799072e-01 2.525970935821533203e-01 3.275327086448669434e-01 8.202641010284423828e-01 -2.218915969133377075e-01 -2.040731757879257202e-01 2.751812338829040527e-01 -3.587930649518966675e-02 4.275906831026077271e-02 2.137602865695953369e-01 8.848170191049575806e-02 -9.107033610343933105e-01 -1.218589022755622864e-01 1.969870179891586304e-01 -9.293857812881469727e-01 1.039539217948913574e+00 -3.471477329730987549e-02 -3.785108327865600586e-01 3.320865035057067871e-01 1.861348748207092285e-02 2.558190524578094482e-01 -1.763994246721267700e-02 1.115035861730575562e-01 3.372431695461273193e-01 4.053361713886260986e-01 -2.558085322380065918e-01 -4.681262075901031494e-01 1.018499284982681274e-01
-8.287816047668457031e-01 -1.020650863647460938e-01 4.255233108997344971e-01 2.148982137441635132e-01 5.614390373229980469e-01 -1.992076486349105835e-01 3.782548308372497559e-01 5.379579961299896240e-02 -6.449359059333801270e-01 1.735719442367553711e-01 3.175812363624572754e-01 -3.869847953319549561e-01 3.366115093231201172e-01 -5.499105155467987061e-02 3.755957782268524170e-01 6.288667023181915283e-02 1.221224889159202576e-01 8.174887299537658691e-01 2.621225714683532715e-01 5.125826969742774963e-02 1.369225978851318359e-01 6.473597884178161621e-01 2.646198272705078125e-01 -3.802967490628361702e-03 1.766998469829559326e-01 3.510052561759948730e-01 2.686338722705841064e-01 1.081792563199996948e-01 -3.551318943500518799e-01 -3.786931931972503662e-01 4.011016786098480225e-01 3.125730529427528381e-02 1.533171534538269043e-01 -1.673884093761444092e-01 4.225459992885589600e-01 3.524334132671356201e-01 3.546452224254608154e-01 -3.447134047746658325e-02 3.659230470657348633e-01 6.984796524047851562e-01 -3.755733743309974670e-02 -2.263032644987106323e-01 5.101356506347656250e-01 1.140515971928834915e-02 -5.562553927302360535e-02 -6.528883241117000580e-03 -1.563448309898376465e-01 -8.231126070022583008e-01 1.578881591558456421e-01 1.007737070322036743e-01 -2.070063799619674683e-01 1.427829504013061523e+00 2.408476918935775757e-01 -1.966781616210937500e-01 2.954215705394744873e-01 1.993890255689620972e-01 2.677882313728332520e-01 4.236561655998229980e-01 -6.417969614267349243e-02 4.728384912014007568e-01 4.804226458072662354e-01 7.844942063093185425e-02 -2.823065221309661865e-01 5.529516190290451050e-02
7.841039896011352539e-01 9.886219166219234467e-03 -4.811167716979980469e-03 2.094828039407730103e-01 -7.106960415840148926e-01 2.083334177732467651e-01 -1.368292719125747681e-01 8.777616545557975769e-03 5.537658333778381348e-01 2.871469557285308838e-01 6.481285691261291504e-01 4.348417520523071289e-01 2.239415645599365234e-01 -4.908301308751106262e-02 4.927157461643218994e-01 -9.111091494560241699e-02 1.234323233366012573e-01 3.467932939529418945e-01 -8.545914292335510254e-01 5.598577857017517090e-01 3.292610645294189453e-01 -1.049604415893554688e-01 1.399264633655548096e-01 3.704953566193580627e-02 1.181117966771125793e-01 1.990676522254943848e-01 3.509597480297088623e-01 -4.755462706089019775e-02 2.415671348571777344e-01 3.918148577213287354e-01 8.089210838079452515e-02 2.810703516006469727e-01 -2.331048548221588135e-01 -2.346506416797637939e-01 2.002548985183238983e-02 3.377887308597564697e-01 4.890733659267425537e-01 4.853128492832183838e-01 7.817453145980834961e-02 -9.141775965690612793e-01 6.011524200439453125e-01 3.702483475208282471e-01 -3.136389330029487610e-02 -1.600898951292037964e-01 2.324370592832565308e-01 2.432124763727188110e-01 -3.190538883209228516e-01 3.417458832263946533e-01 2.562566697597503662e-01 1.938996911048889160e-01 -8.342027664184570312e-02 -5.020702481269836426e-01 1.779054105281829834e-01 2.260132133960723877e-01 3.352052271366119385e-01 4.564485698938369751e-02 2.570350468158721924e-01 2.527012228965759277e-01 1.553160548210144043e-01 3.120828866958618164e-01 5.920987129211425781e-01 2.586571276187896729e-01 -1.094657927751541138e-01 -6.266450881958007812e-02
9.703554511070251465e-01 3.657520515844225883e-03 -1.704940795898437500e-01 -3.378905355930328369e-02 -7.818562984466552734e-01 1.665531545877456665e-01 -8.226525783538818359e-02 9.038897603750228882e-02 4.475538432598114014e-01 2.052717506885528564e-01 5.197826623916625977e-01 3.779552876949310303e-01 2.199458479881286621e-01 1.381791085004806519e-01 2.862071692943572998e-01 -6.356163322925567627e-02 1.994912624359130859e-01 3.040712773799896240e-01 -8.986666202545166016e-01 3.673715591430664062e-01 1.034440994262695312e-01 -1.903418302536010742e-01 2.881665825843811035e-01 -2.379032783210277557e-02 9.528596699237823486e-02 2.366311475634574890e-02 1.401369273662567139e-01 -1.699639856815338135e-01 1.228131577372550964e-01 3.387405872344970703e-01 -5.962160602211952209e-02 1.569879949092864990e-01 -2.794808149337768555e-01 -2.855099141597747803e-01 -1.215790435671806335e-01 1.633322089910507202e-01 5.510061979293823242e-01 4.606923758983612061e-01 2.513261511921882629e-02 -9.426245689392089844e-01 6.286308169364929199e-01 2.508375346660614014e-01 6.065599992871284485e-02 2.502083592116832733e-02 1.898026615381240845e-01 2.370678484439849854e-01 -2.444309443235397339e-01 2.061171084642410278e-01 7.744497060775756836e-02 1.318380832672119141e-01 2.991339191794395447e-02 -3.390874564647674561e-01 2.097511589527130127e-01 1.350037604570388794e-01 3.290143609046936035e-01 -8.622823655605316162e-02 1.629998087882995605e-01 -1.226061768829822540e-02 1.009478420019149780e-01 1.888668537139892578e-01 5.734464526176452637e-01 2.044652402400970459e-01 -1.766330450773239136e-01 -9.197129309177398682e-02
9.465144276618957520e-01 5.047439411282539368e-02 -1.039952486753463745e-01 9.496276825666427612e-02 -5.962111949920654297e-01 1.576630622148513794e-01 -5.846307426691055298e-02 8.696994930505752563e-02 3.322288691997528076e-01 4.497401714324951172e-01 4.741531312465667725e-01 5.452067255973815918e-01 2.820544242858886719e-01 1.081189513206481934e-02 4.505100846290588379e-01 9.165974706411361694e-02 2.547664642333984375e-01 4.653494358062744141e-01 -8.896860480308532715e-01 5.033572316169738770e-01 2.072335928678512573e-01 -2.883655428886413574e-01 1.973265707492828369e-01 -1.453944295644760132e-01 3.428074121475219727e-01 2.634671032428741455e-01 1.773704141378402710e-01 -1.094556525349617004e-01 3.021361231803894043e-01 3.399409949779510498e-01 3.891973569989204407e-02 2.526416182518005371e-01 -2.918318212032318115e-01 -2.711865603923797607e-01 9.363540261983871460e-02 3.934794664382934570e-01 4.703175723552703857e-01 5.682072639465332031e-01 1.353505626320838928e-02 -9.232719540596008301e-01 7.294085025787353516e-01 2.842143177986145020e-01 1.491648703813552856e-02 6.826309859752655029e-02 2.615543603897094727e-01 3.938924074172973633e-01 -2.896221280097961426e-01 3.702476322650909424e-01 1.404185295104980469e-01 3.144112527370452881e-01 1.096312478184700012e-01 -4.528869986534118652e-01 3.367453515529632568e-01 1.547414958477020264e-01 3.520902991294860840e-01 -1.592209748923778534e-02 2.089850008487701416e-01 3.544217348098754883e-02 1.718243956565856934e-01 2.696871757507324219e-01 5.978353619575500488e-01 2.228911519050598145e-01 -2.131233215332031250e-01 2.489657700061798096e-02
8.903071284294128418e-01 1.115679666399955750e-01 -1.045032516121864319e-01 -1.406041905283927917e-03 -7.012407779693603516e-01 1.287466883659362793e-01 -1.189029738306999207e-01 3.881615400314331055e-02 4.222181737422943115e-01 3.891221582889556885e-01 6.025496125221252441e-01 4.911118447780609131e-01 2.593334019184112549e-01 9.646765887737274170e-02 3.000998497009277344e-01 3.465179726481437683e-02 2.391126304864883423e-01 3.965879082679748535e-01 -7.140338420867919922e-01 4.842073023319244385e-01 2.224548161029815674e-01 -2.365486025810241699e-01 1.148739159107208252e-01 -7.342956960201263428e-02 1.211689487099647522e-01 8.194675296545028687e-02 3.737701475620269775e-01 -1.516039222478866577e-01 9.148916602134704590e-02 4.353403747081756592e-01 5.009791254997253418e-02 2.205434590578079224e-01 -2.604177594184875488e-01 -3.964068889617919922e-01 -1.330270171165466309e-01 3.503726720809936523e-01 5.179007053375244141e-01 6.461164951324462891e-01 1.453957259654998779e-01 -1.020881533622741699e+00 6.463312506675720215e-01 4.016940593719482422e-01 -1.031894087791442871e-01 4.632041975855827332e-02 3.185283839702606201e-01 1.906567811965942383e-01 -3.556956350803375244e-01 3.139983713626861572e-01 1.138365790247917175e-01 2.618275284767150879e-01 3.227717056870460510e-02 -5.154335498809814453e-01 1.217620894312858582e-01 1.628852039575576782e-01 3.270385563373565674e-01 1.432824581861495972e-01 1.006458774209022522e-01 2.106587588787078857e-01 -1.171478442847728729e-02 2.978804409503936768e-01 4.382409453392028809e-01 1.260060220956802368e-01 -1.671272069215774536e-01 5.619245767593383789e-02
-6.294726729393005371e-01 -2.229082286357879639e-01 6.134782433509826660e-01 -3.320691874250769615e-03 4.234918355941772461e-01 -1.032963469624519348e-01 4.018390178680419922e-02 1.232175603508949280e-01 -6.796606779098510742e-01 2.303995005786418915e-02 4.012942612171173096e-01 -5.212861895561218262e-01 3.713358044624328613e-01 -1.227053776383399963e-01 2.982987463474273682e-01 7.632594704627990723e-01 1.543272882699966431e-01 5.476609468460083008e-01 4.483114480972290039e-01 -2.070777565240859985e-01 1.328711956739425659e-01 5.909335017204284668e-01 4.067792296409606934e-01 7.136356085538864136e-02 1.908518224954605103e-01 3.512542843818664551e-01 3.255743384361267090e-01 -1.472603827714920044e-01 -3.801353275775909424e-01 -3.617966175079345703e-01 3.502015769481658936e-01 1.415766477584838867e-01 5.470165610313415527e-01 -1.734732240438461304e-01 4.187423884868621826e-01 4.157341122627258301e-01 3.887361586093902588e-01 4.511969909071922302e-02 3.121456503868103027e-01 8.042154908180236816e-01 -1.703129857778549194e-01 -3.968302607536315918e-01 4.649055004119873047e-01 8.414997160434722900e-02 -1.189720164984464645e-02 -6.327904702629894018e-05 8.022025227546691895e-02 -8.426452875137329102e-01 2.100019305944442749e-01 2.760968804359436035e-01 -3.661045730113983154e-01 3.739413022994995117e-01 1.139015555381774902e-01 -4.192402958869934082e-01 3.849805593490600586e-01 4.609796032309532166e-02 2.026433497667312622e-01 4.086869060993194580e-01 -6.720898300409317017e-02 2.864406704902648926e-01 4.327912032604217529e-01 -6.968460045754909515e-03 -3.466387391090393066e-01 1.514806598424911499e-01
8.390838503837585449e-01 1.010545417666435242e-01 7.227665744721889496e-03 2.193884458392858505e-03 -7.214529514312744141e-01 2.376058697700500488e-01 -1.584593951702117920e-01 -7.947992533445358276e-02 5.540187954902648926e-01 3.322906196117401123e-01 6.299787163734436035e-01 4.841844141483306885e-01 2.550641000270843506e-01 9.208618849515914917e-02 4.284933805465698242e-01 -1.265150159597396851e-01 2.261890619993209839e-01 4.705136418342590332e-01 -6.877180337905883789e-01 4.345002770423889160e-01 2.497395724058151245e-01 -1.641826480627059937e-01 2.000338584184646606e-01 -1.187381595373153687e-01 3.617157638072967529e-01 2.307557165622711182e-01 4.094390571117401123e-01 -1.225715503096580505e-01 2.702948153018951416e-01 3.628295063972473145e-01 2.762006223201751709e-02 3.291848301887512207e-01 -2.578811347484588623e-01 -2.365542650222778320e-01 -5.720442533493041992e-02 3.547691404819488525e-01 5.124761462211608887e-01 6.159983873367309570e-01 6.150551885366439819e-02 -9.841293096542358398e-01 7.201644182205200195e-01 3.076804280281066895e-01 1.026505529880523682e-01 4.238550364971160889e-02 1.973042339086532593e-01 4.241734743118286133e-01 -1.878675222396850586e-01 1.877388507127761841e-01 3.400075137615203857e-01 1.429258584976196289e-01 1.063317432999610901e-01 -5.149333477020263672e-01 2.558025419712066650e-01 3.765476047992706299e-01 3.796406686305999756e-01 2.010407298803329468e-01 1.852230876684188843e-01 1.916666030883789062e-01 2.240879386663436890e-01 2.712646424770355225e-01 6.038786768913269043e-01 2.659263312816619873e-01 -1.152230650186538696e-01 -1.253389716148376465e-01
1.002390027046203613e+00 -2.849845774471759796e-02 2.143748477101325989e-02 1.732661277055740356e-01 -6.045941710472106934e-01 2.848345339298248291e-01 9.881985373795032501e-03 -1.380323022603988647e-01 4.197661280632019043e-01 3.608117997646331787e-01 5.504221320152282715e-01 4.865366518497467041e-01 2.076898664236068726e-01 6.415981799364089966e-02 4.147123396396636963e-01 -5.793686956167221069e-02 1.395340710878372192e-01 3.552634119987487793e-01 -6.960121989250183105e-01 6.240459680557250977e-01 1.486402302980422974e-01 -3.313441872596740723e-01 1.864332705736160278e-01 -2.290269185323268175e-05 3.733994662761688232e-01 1.441252082586288452e-01 1.898197680711746216e-01 -1.913592070341110229e-01 2.082138210535049438e-01 5.101542472839355469e-01 1.062299534678459167e-01 3.283849358558654785e-01 -3.273978531360626221e-01 -2.424990683794021606e-01 -6.241798400878906250e-02 3.522785902023315430e-01 3.934982120990753174e-01 6.441074013710021973e-01 -1.239638030529022217e-02 -9.427908658981323242e-01 6.932204365730285645e-01 5.089425444602966309e-01 1.533954590559005737e-01 -4.968975111842155457e-02 3.161134719848632812e-01 3.164365589618682861e-01 -3.163349330425262451e-01 1.616385877132415771e-01 2.163409441709518433e-01 1.155957579612731934e-01 7.290517538785934448e-02 -4.923291206359863281e-01 2.081600874662399292e-01 3.274363577365875244e-01 2.357210963964462280e-01 4.216438159346580505e-02 2.399928122758865356e-01 2.135577797889709473e-01 1.322023272514343262e-01 2.359423488378524780e-01 6.246842741966247559e-01 1.844378113746643066e-01 -2.417369186878204346e-01 -9.293252229690551758e-02
-3.122359216213226318e-01 -1.373638063669204712e-01 8.634343743324279785e-01 -6.379634141921997070e-02 -1.759769082069396973e+00 8.646732568740844727e-02 1.115822076797485352e+00 2.283816412091255188e-02 -2.022116422653198242e+00 4.087711870670318604e-01 4.699290171265602112e-02 6.220632698386907578e-03 3.906577527523040771e-01 -5.561797320842742920e-02 1.541898678988218307e-02 3.131228685379028320e-01 -8.255726657807826996e-03 1.169546961784362793e+00 5.800788998603820801e-01 5.393690466880798340e-01 6.526920199394226074e-02 2.297599613666534424e-01 1.482921957969665527e+00 1.251260787248611450e-01 2.062737047672271729e-01 1.927687227725982666e-02 1.761881113052368164e-01 3.120423480868339539e-02 -1.251327991485595703e-01 -2.581422030925750732e-01 -2.016240209341049194e-01 6.066550500690937042e-03 -3.427167609333992004e-02 -1.482443928718566895e+00 3.767447471618652344e-01 3.019938468933105469e-01 6.808073073625564575e-02 2.187718898057937622e-01 5.846472829580307007e-02 7.563039064407348633e-01 6.225216388702392578e-01 -3.860540091991424561e-01 -1.056111380457878113e-01 4.786150529980659485e-03 -4.016003906726837158e-01 -1.183638945221900940e-01 -5.992571711540222168e-01 -4.709678590297698975e-01 1.830062717199325562e-01 -2.256843000650405884e-01 -1.688823699951171875e-01 7.820633053779602051e-01 1.492954194545745850e-01 -1.165615394711494446e-01 3.348870947957038879e-02 -1.264110952615737915e-01 -1.119283959269523621e-01 -3.910617828369140625e-01 -2.706992864608764648e+00 8.233344554901123047e-02 5.162615180015563965e-01 -6.157810688018798828e-01 2.217297405004501343e-01 1.110101342201232910e+00
-6.151378154754638672e-01 -1.988650411367416382e-01 5.609161853790283203e-01 1.684158146381378174e-01 6.046046614646911621e-01 -4.828393459320068359e-02 -2.802723832428455353e-02 -1.900805719196796417e-02 -5.850522518157958984e-01 1.609749943017959595e-01 3.971410691738128662e-01 -6.349686384201049805e-01 3.936214745044708252e-01 2.961226925253868103e-02 3.229934573173522949e-01 6.164877414703369141e-01 4.088989272713661194e-02 6.620959043502807617e-01 3.840242028236389160e-01 -1.323350518941879272e-01 3.272754848003387451e-01 5.989736914634704590e-01 4.372679591178894043e-01 1.250825524330139160e-01 3.704141080379486084e-01 4.793210923671722412e-01 3.521426320075988770e-01 8.026440441608428955e-02 -3.373576998710632324e-01 -2.549695968627929688e-01 3.806285560131072998e-01 -7.965531945228576660e-02 5.917014479637145996e-01 -2.778725326061248779e-01 4.846387207508087158e-01 4.114256501197814941e-01 4.234231710433959961e-01 1.099681854248046875e-01 1.788688451051712036e-01 7.322028875350952148e-01 -2.900712490081787109e-01 -3.556985557079315186e-01 4.943707287311553955e-01 5.121380090713500977e-03 -1.971163302659988403e-01 1.425828337669372559e-01 1.425732672214508057e-01 -9.410204291343688965e-01 2.131997495889663696e-01 2.235946804285049438e-01 -2.634402811527252197e-01 5.397774577140808105e-01 2.538111507892608643e-01 -4.359146356582641602e-01 4.167092740535736084e-01 2.924199216067790985e-04 3.826115429401397705e-01 4.809108972549438477e-01 6.995381414890289307e-02 4.952124953269958496e-01 3.109731376171112061e-01 1.152699720114469528e-02 -2.985937893390655518e-01 2.200387120246887207e-01
9.009087681770324707e-01 1.829259470105171204e-02 -7.343605905771255493e-02 6.615919619798660278e-02 -6.375131607055664062e-01 1.219147592782974243e-01 -8.463334292173385620e-02 -7.627402991056442261e-02 4.535612463951110840e-01 2.240850776433944702e-01 4.434849619865417480e-01 5.589776635169982910e-01 3.586511313915252686e-01 5.428501963615417480e-02 4.704586565494537354e-01 6.150601431727409363e-02 1.768918782472610474e-01 2.910402417182922363e-01 -8.356003165245056152e-01 5.211287140846252441e-01 2.055051624774932861e-01 -2.991004884243011475e-01 2.975585460662841797e-01 -1.019501090049743652e-01 1.159684509038925171e-01 2.608071565628051758e-01 2.163701057434082031e-01 -2.060149312019348145e-01 9.744051098823547363e-02 4.614218473434448242e-01 -5.314631387591362000e-03 3.137697875499725342e-01 -2.318774163722991943e-01 -2.468214184045791626e-01 6.704659759998321533e-02 3.467213213443756104e-01 3.390829563140869141e-01 6.315242648124694824e-01 1.584909409284591675e-01 -9.191895723342895508e-01 7.630208730697631836e-01 4.702617228031158447e-01 -6.503880769014358521e-02 2.573757618665695190e-02 3.452456295490264893e-01 2.323399484157562256e-01 -3.430215418338775635e-01 3.452217578887939453e-01 9.247049689292907715e-02 1.977830827236175537e-01 -3.210294619202613831e-02 -4.471535384654998779e-01 3.939719498157501221e-01 2.965455949306488037e-01 2.869953215122222900e-01 -5.933338776230812073e-03 1.194085627794265747e-01 5.750798806548118591e-02 1.269561201333999634e-01 2.992646992206573486e-01 6.124609112739562988e-01 1.513539403676986694e-01 -2.716776430606842041e-01 -5.849780514836311340e-02
7.882678508758544922e-01 4.594136774539947510e-02 2.564491331577301025e-02 4.666590318083763123e-02 -7.233152389526367188e-01 3.058502674102783203e-01 -1.050649583339691162e-01 3.314600139856338501e-02 3.625364303588867188e-01 4.450490474700927734e-01 4.847667217254638672e-01 4.801276624202728271e-01 2.722671926021575928e-01 7.250227034091949463e-02 3.637599945068359375e-01 3.450974449515342712e-02 1.432025879621505737e-01 4.295695126056671143e-01 -7.680884599685668945e-01 4.611452221870422363e-01 2.726360261440277100e-01 -1.060424149036407471e-01 1.644265353679656982e-01 -1.406195759773254395e-01 3.896021246910095215e-01 1.388639509677886963e-01 3.951813876628875732e-01 -1.228290051221847534e-01 2.214648574590682983e-01 3.315867781639099121e-01 1.536303758621215820e-01 2.583975791931152344e-01 -1.274382323026657104e-01 -2.117005884647369385e-01 -1.277206372469663620e-02 2.802207767963409424e-01 3.502228260040283203e-01 6.973519325256347656e-01 8.531194180250167847e-02 -7.673280239105224609e-01 6.337567567825317383e-01 3.587472438812255859e-01 3.561741858720779419e-02 7.282536476850509644e-02 2.311355024576187134e-01 4.313703775405883789e-01 -1.643545627593994141e-01 2.488377392292022705e-01 2.902295589447021484e-01 3.389734327793121338e-01 -1.223019957542419434e-01 -4.124873280525207520e-01 2.106851786375045776e-01 2.781364917755126953e-01 2.970475554466247559e-01 1.705772131681442261e-01 1.340651363134384155e-01 2.703253030776977539e-01 1.544768512248992920e-01 2.102458328008651733e-01 5.103070735931396484e-01 3.735060691833496094e-01 -1.562976837158203125e-01 7.587216794490814209e-02
