6.211350560188293457e-01
2.437411993741989136e-01
4.355561733245849609e-01
1.981733590364456177e-01
6.501786112785339355e-01
5.823805928230285645e-01
-4.977733362466096878e-03
5.293459892272949219e-01
6.034905314445495605e-01
5.342460870742797852e-01
6.548228859901428223e-01
2.631444931030273438e-01
4.742220044136047363e-01
3.678705096244812012e-01
5.649127960205078125e-01
-6.692490726709365845e-02
1.242741942405700684e-01
4.515349864959716797e-02
-9.201148152351379395e-02
3.718503713607788086e-01
1.543777883052825928e-01
6.439902782440185547e-01
5.013921856880187988e-01
6.029600501060485840e-01
4.014538526535034180e-01
3.389738798141479492e-01
6.129272580146789551e-01
6.096621155738830566e-01
-5.486321449279785156e-02
3.103644847869873047e-01
5.603979229927062988e-01
5.765699744224548340e-01
