1.092976212501525879e+00 2.046437002718448639e-02 -2.408781528472900391e+00 3.343745833262801170e-03 -1.322019815444946289e+00 1.350103765726089478e-01 1.518694162368774414e-01 9.839299309533089399e-06
-6.731037497520446777e-01 -4.306637346744537354e-01 2.551411092281341553e-01 -2.467547506093978882e-01 2.475451976060867310e-01 3.922939598560333252e-01 6.894088387489318848e-01 4.944809712469577789e-03
-6.771111488342285156e-02 -1.671387627720832825e-02 -1.848477274179458618e-01 1.862631440162658691e-01 5.277066677808761597e-02 1.257754266262054443e-01 -2.205638736486434937e-01 -1.336904824711382389e-03
9.579311013221740723e-01 3.870531320571899414e-01 5.831903964281082153e-02 -2.004459947347640991e-01 2.327725887298583984e-01 -1.233299449086189270e-01 -9.823991656303405762e-01 6.991470232605934143e-03
1.097938776016235352e+00 4.081653058528900146e-01 1.969870179891586304e-01 3.000892698764801025e-01 5.742461085319519043e-01 1.871611028909683228e-01 -3.228281140327453613e-01 1.241807476617395878e-03
-5.810814499855041504e-01 -1.956771463155746460e-01 -3.970231115818023682e-01 6.038236618041992188e-02 -1.058076620101928711e+00 7.988221943378448486e-02 1.810531467199325562e-01 3.473136946558952332e-02
-1.969659030437469482e-01 2.068553566932678223e-01 -6.289236247539520264e-02 -1.355513483285903931e-01 2.472913451492786407e-02 5.832524504512548447e-03 1.228214353322982788e-01 2.131402958184480667e-03
9.611762762069702148e-01 -3.407038282603025436e-03 -1.640876084566116333e-01 2.545436620712280273e-01 1.244597062468528748e-01 2.499359846115112305e-02 -5.676352381706237793e-01 2.644917694851756096e-04
-9.822528362274169922e-01 5.685722455382347107e-02 -8.711301088333129883e-01 6.031517982482910156e-01 -7.549630999565124512e-01 4.750787094235420227e-02 -4.408220946788787842e-02 -1.569918729364871979e-02
-1.543399225920438766e-02 2.630169391632080078e-01 -8.283601403236389160e-01 2.642716467380523682e-01 1.101891696453094482e-01 -8.463281393051147461e-02 -8.094634860754013062e-02 -6.267119944095611572e-02
1.600670218467712402e-01 1.415541116148233414e-02 5.192951560020446777e-01 3.301202058792114258e-01 -1.394987702369689941e-01 2.051626741886138916e-01 -6.980713009834289551e-01 -2.411875408142805099e-03
-3.009410202503204346e-01 1.152604892849922180e-01 -2.684777975082397461e-01 -3.516643866896629333e-02 -1.357942968606948853e-01 -1.138827428221702576e-01 -1.148880496621131897e-01 -2.430858556181192398e-03
9.036830067634582520e-01 6.723855622112751007e-04 -4.427612423896789551e-01 -1.989897489547729492e-01 -1.681746393442153931e-01 1.052399873733520508e-01 -1.999840289354324341e-01 2.712194323539733887e-01
-4.120911061763763428e-01 5.260313749313354492e-01 -9.388918280601501465e-01 7.289236038923263550e-02 -3.412646353244781494e-01 3.824644088745117188e-01 -5.815463140606880188e-02 4.913958720862865448e-03
-4.926582872867584229e-01 3.435972929000854492e-01 1.461626738309860229e-01 4.089068174362182617e-01 -1.874462142586708069e-02 -2.150602787733078003e-01 -7.314001917839050293e-01 -3.090271726250648499e-03
-3.768942058086395264e-01 -1.753193438053131104e-01 7.080435752868652344e-01 -2.489077448844909668e-01 2.410155087709426880e-01 -4.771918430924415588e-02 2.584112286567687988e-01 2.615250274538993835e-02
-5.360375046730041504e-01 1.960246562957763672e-01 3.656197190284729004e-01 2.932584285736083984e-01 1.612168550491333008e-01 4.849099218845367432e-01 -8.196827769279479980e-02 1.990211457014083862e-01
-1.140641331672668457e+00 2.998890876770019531e-01 -1.488732695579528809e-01 -2.121300995349884033e-01 -4.107505977153778076e-01 -1.618155837059020996e-01 7.529488205909729004e-02 6.970459222793579102e-02
-1.247328296303749084e-01 5.849112942814826965e-02 7.730305194854736328e-02 -1.960535496473312378e-01 -5.538486838340759277e-01 1.730633899569511414e-02 8.297526091337203979e-02 -5.657523125410079956e-02
-2.219853997230529785e-01 2.226300835609436035e-01 -9.646431356668472290e-02 -1.480532139539718628e-01 -1.494488567113876343e-01 -2.067004144191741943e-01 -3.822003901004791260e-01 -2.954600378870964050e-03
-1.428209662437438965e+00 4.527699053287506104e-01 2.672075852751731873e-02 8.070665411651134491e-03 -3.513221740722656250e-01 -1.229795664548873901e-01 7.458469867706298828e-01 -8.630116470158100128e-03
4.168170094490051270e-01 -2.182625979185104370e-01 6.736274957656860352e-01 4.482000172138214111e-01 2.615487575531005859e-01 -1.153212599456310272e-02 3.588525056838989258e-01 -7.145130541175603867e-03
-4.316709041595458984e-01 -8.171118050813674927e-02 -1.754389554262161255e-01 1.328694969415664673e-01 -1.206460818648338318e-01 3.598199412226676941e-02 2.612833976745605469e-01 3.967437893152236938e-03
1.012770682573318481e-01 1.514014601707458496e-01 3.454015254974365234e-01 -1.110448837280273438e-01 -2.541462481021881104e-01 -4.200947284698486328e-02 -1.943361759185791016e-01 -1.167966201901435852e-01
7.837662696838378906e-01 6.156406402587890625e-01 6.610632538795471191e-01 3.389748036861419678e-01 4.550760984420776367e-01 1.267443299293518066e-01 -5.869656428694725037e-02 -1.095268409699201584e-03
-7.900214195251464844e-01 2.781965434551239014e-01 -1.047610044479370117e-01 5.589222535490989685e-02 -2.963972687721252441e-01 6.096559762954711914e-01 -7.041151523590087891e-01 -1.517869438976049423e-02
2.124434471130371094e+00 1.926813870668411255e-01 -4.142822325229644775e-02 5.757857561111450195e-01 1.287674903869628906e-01 9.633883833885192871e-02 -1.127615571022033691e-01 7.923886878415942192e-04
-7.680519670248031616e-02 2.075548768043518066e-01 1.564705818891525269e-01 -9.609648585319519043e-02 -8.956893533468246460e-02 2.321495860815048218e-02 6.354688107967376709e-02 -1.409615483134984970e-02
-1.401085495948791504e+00 -1.182659715414047241e-01 -1.832649707794189453e-01 1.362425982952117920e-01 1.319435536861419678e-01 1.253925543278455734e-02 1.908398270606994629e-01 -4.554358776658773422e-03
-8.721926212310791016e-01 -2.540803514420986176e-02 1.350169777870178223e-01 -5.772956833243370056e-02 -3.253434970974922180e-02 -2.240233123302459717e-02 1.932291835546493530e-01 -1.900911927223205566e-01
1.332082509994506836e+00 3.848465625196695328e-03 -7.659835815429687500e-01 8.451418578624725342e-02 6.364361643791198730e-01 7.482695579528808594e-02 -2.663933336734771729e-01 -2.365546487271785736e-02
3.306591212749481201e-01 -6.167924404144287109e-01 1.056499555706977844e-01 -8.154372572898864746e-01 -3.319128751754760742e-01 -2.149150818586349487e-01 -6.731302738189697266e-01 2.557427622377872467e-03
-4.599052369594573975e-01 -5.041613578796386719e-01 1.642617434263229370e-01 -3.167858421802520752e-01 3.521355390548706055e-01 1.972342431545257568e-01 -3.171250522136688232e-01 -2.567312680184841156e-02
-6.283671259880065918e-01 2.900053262710571289e-01 -1.649899333715438843e-01 2.751015126705169678e-01 -3.640413284301757812e-03 2.126615345478057861e-01 -3.973279595375061035e-01 -1.215098891407251358e-02
-2.558924555778503418e-01 -6.124052405357360840e-01 -3.244243562221527100e-01 -5.560386776924133301e-01 -1.540628224611282349e-01 -3.044376075267791748e-01 -8.138657808303833008e-01 -1.472094096243381500e-02
4.855937063694000244e-01 1.233500018715858459e-01 7.583349943161010742e-01 3.978256285190582275e-01 -6.023113802075386047e-02 -1.876948624849319458e-01 7.580780386924743652e-01 -2.754479181021451950e-03
9.156787395477294922e-01 3.241680860519409180e-01 7.497681975364685059e-01 6.314890384674072266e-01 4.062751233577728271e-01 3.056366927921772003e-02 -6.148095428943634033e-02 -9.048298001289367676e-03
2.437855899333953857e-01 3.529352247714996338e-01 2.006782442331314087e-01 1.015273258090019226e-01 3.970420658588409424e-01 -5.423842929303646088e-03 6.296255588531494141e-01 9.142086841166019440e-03
4.756113290786743164e-01 -4.437840729951858521e-02 -3.538550734519958496e-01 -3.682062625885009766e-01 -6.099359598010778427e-03 5.179937183856964111e-02 -3.755689561367034912e-01 2.368333749473094940e-03
-1.062488436698913574e+00 -2.855742871761322021e-01 1.069554835557937622e-01 6.668767426162958145e-03 -3.304187059402465820e-01 3.581324219703674316e-01 -3.268826901912689209e-01 -4.273079335689544678e-03
-2.689040005207061768e-01 5.932740867137908936e-02 3.171560466289520264e-01 5.189995169639587402e-01 -2.480017095804214478e-01 -1.301218867301940918e-01 -7.518171668052673340e-01 -6.287682801485061646e-03
-1.683911532163619995e-01 -9.220761060714721680e-01 -1.422456502914428711e-01 -9.907478094100952148e-01 -1.584741473197937012e-01 4.204039573669433594e-01 -3.498120307922363281e-01 -1.725484617054462433e-02
-5.479789376258850098e-01 2.893740534782409668e-01 -9.028403759002685547e-01 9.328140877187252045e-04 -3.950847685337066650e-01 3.296727538108825684e-01 -7.591680437326431274e-02 -4.762819036841392517e-03
3.534555435180664062e-02 -1.061885714530944824e+00 -4.567078351974487305e-01 -1.075689911842346191e+00 -2.580784261226654053e-01 8.105417340993881226e-02 -6.241219639778137207e-01 2.421640977263450623e-02
8.783311843872070312e-01 -8.000765740871429443e-02 4.419345259666442871e-01 -1.193292289972305298e-01 -3.605942428112030029e-02 -6.382665038108825684e-02 -6.425727009773254395e-01 -8.743383921682834625e-03
2.357349842786788940e-01 -6.301838159561157227e-01 -3.652068674564361572e-01 -5.938254594802856445e-01 4.166477322578430176e-01 -2.872216999530792236e-01 3.295279145240783691e-01 2.883695065975189209e-03
-1.324641823768615723e+00 2.797422111034393311e-01 -1.038565337657928467e-01 -3.202849328517913818e-01 2.051353901624679565e-01 -3.088308572769165039e-01 -4.740276038646697998e-01 -4.973315168172121048e-03
3.696362674236297607e-01 -4.040523469448089600e-01 6.818749904632568359e-01 -1.628641188144683838e-01 1.969874352216720581e-01 -1.963198333978652954e-01 4.890117943286895752e-01 -7.141709793359041214e-03
-4.012971818447113037e-01 -1.716944575309753418e-01 -2.665141522884368896e-01 -4.369525313377380371e-01 3.185741305351257324e-01 -2.535238265991210938e-01 -5.870969891548156738e-01 6.338302791118621826e-02
5.081270337104797363e-01 -3.284860253334045410e-01 -9.943729639053344727e-02 3.021107241511344910e-02 -3.092584311962127686e-01 6.204692721366882324e-01 -6.267024278640747070e-01 -9.263295680284500122e-03
-7.984732836484909058e-02 -2.062625288963317871e-01 -2.751623690128326416e-01 -6.927949935197830200e-02 2.469705790281295776e-01 2.712767757475376129e-02 3.191517889499664307e-01 -4.041630402207374573e-02
5.482857823371887207e-01 5.769215822219848633e-01 7.627990245819091797e-01 2.144584059715270996e-01 -5.509389936923980713e-02 5.169249773025512695e-01 8.811615705490112305e-01 -1.078399177640676498e-02
3.164423108100891113e-01 -7.090235352516174316e-01 -1.199356839060783386e-01 -8.184350728988647461e-01 -7.917531579732894897e-02 -2.896636128425598145e-01 4.859479367733001709e-01 -2.146045491099357605e-02
-5.561851859092712402e-01 4.258361831307411194e-02 -5.263966917991638184e-01 -2.842366397380828857e-01 -2.627033293247222900e-01 4.709363877773284912e-01 -2.545991241931915283e-01 6.999993929639458656e-04
-8.000555634498596191e-01 1.353464871644973755e-01 -1.581906676292419434e-01 2.384580075740814209e-01 -4.042496085166931152e-01 7.902618646621704102e-01 -1.080373406410217285e+00 1.338168978691101074e-02
-1.373349577188491821e-01 1.333766728639602661e-01 -1.266879290342330933e-01 -2.251021862030029297e-01 -2.736521661281585693e-01 -1.247390639036893845e-02 1.958430511876940727e-03 -3.725130110979080200e-02
-2.881675362586975098e-01 -1.854727119207382202e-01 1.099201068282127380e-01 -5.383515954017639160e-01 2.516329586505889893e-01 1.426761597394943237e-01 -3.626191020011901855e-01 -2.772360481321811676e-02
4.513175413012504578e-02 1.155818626284599304e-02 -1.063914418220520020e+00 -2.096163630485534668e-01 -1.495091915130615234e+00 -7.712092250585556030e-02 -2.825523912906646729e-01 -4.174935817718505859e-02
1.663450002670288086e-01 -5.307184904813766479e-02 5.218756943941116333e-02 1.324907392263412476e-01 2.071281373500823975e-01 4.410280287265777588e-02 1.386129204183816910e-02 1.080080196261405945e-01
8.303971290588378906e-01 7.810476422309875488e-02 -3.329468011856079102e+00 2.074290812015533447e-01 -2.092062711715698242e+00 6.617529988288879395e-01 1.547503750771284103e-02 -2.032332413364201784e-04
-5.415246486663818359e-01 -2.032767385244369507e-01 4.715590178966522217e-01 -5.718801021575927734e-01 6.349207758903503418e-01 -2.839630246162414551e-01 3.939801454544067383e-02 8.869699388742446899e-02
-7.141672819852828979e-02 -3.285472989082336426e-01 2.802055478096008301e-01 -6.171842217445373535e-01 4.500175118446350098e-01 -1.932642459869384766e-01 3.607103824615478516e-01 -4.725505714304745197e-04
-3.627626299858093262e-01 3.824028372764587402e-02 -4.904646277427673340e-01 -1.185906678438186646e-01 -8.812453150749206543e-01 7.929768413305282593e-02 3.804102912545204163e-02 -2.372841350734233856e-02
-1.059378623962402344e+00 1.838305443525314331e-01 -2.228461354970932007e-01 -4.292322397232055664e-01 -1.425853967666625977e-01 3.732879459857940674e-01 2.676191926002502441e-01 2.611763216555118561e-02
