1.975902169942855835e-01
4.625038802623748779e-01
-5.468586087226867676e-02
2.022583633661270142e-01
-1.455209851264953613e-01
-1.075833588838577271e-01
-2.322951704263687134e-01
1.651927083730697632e-01
5.752110481262207031e-02
-1.240356243215501308e-03
2.357200980186462402e-01
3.720343858003616333e-02
-2.158541679382324219e-01
1.252089440822601318e-01
2.182334214448928833e-01
5.497952699661254883e-01
4.635568261146545410e-01
6.880843639373779297e-01
-1.222713366150856018e-01
4.703464508056640625e-01
-8.876832127571105957e-01
-4.520054459571838379e-01
-2.150213867425918579e-01
2.782864272594451904e-01
-2.475125640630722046e-01
6.365162730216979980e-01
1.550143212080001831e-01
-2.733732759952545166e-01
-2.541964650154113770e-01
6.906719803810119629e-01
-3.299354314804077148e-01
-3.449397385120391846e-01
6.990837305784225464e-02
1.409287191927433014e-02
-1.792201101779937744e-01
2.993137538433074951e-01
-1.258642077445983887e-01
-8.852363564074039459e-03
6.077743172645568848e-01
1.239119768142700195e-01
3.404425382614135742e-01
-1.178625002503395081e-01
3.384697735309600830e-01
2.769767940044403076e-01
5.007268190383911133e-01
-4.987259209156036377e-01
4.573459178209304810e-02
-7.108766436576843262e-01
2.671417295932769775e-01
3.527522683143615723e-01
-4.780995249748229980e-01
3.025488555431365967e-01
-2.885912656784057617e-01
6.821545362472534180e-01
1.995368450880050659e-01
-1.150457710027694702e-01
1.358577609062194824e-01
1.101711094379425049e-01
-6.137015223503112793e-01
3.459278047084808350e-01
1.510347053408622742e-02
-8.548580110073089600e-02
-6.484182178974151611e-02
3.555394709110260010e-01
