-4.238514304161071777e-01
3.005777895450592041e-01
5.651894211769104004e-01
-5.625348910689353943e-02
2.278955886140465736e-03
5.699447989463806152e-01
-6.552183628082275391e-02
4.066781401634216309e-01
-1.579947024583816528e-01
6.080083847045898438e-01
-5.418664216995239258e-01
6.321507096290588379e-01
5.117934346199035645e-01
-1.985948979854583740e-01
4.758855104446411133e-01
-2.211785167455673218e-01
5.218192934989929199e-01
1.523329317569732666e-01
5.869014859199523926e-01
-6.166945695877075195e-01
6.699317600578069687e-03
-6.832446157932281494e-02
6.087364554405212402e-01
4.552525579929351807e-01
5.343871712684631348e-01
-9.505422413349151611e-02
4.503902494907379150e-01
-4.251786768436431885e-01
4.098098576068878174e-01
7.628872245550155640e-02
-2.624399363994598389e-01
-7.721053808927536011e-02
