-2.197529748082160950e-02 -5.870359018445014954e-02 -1.326031386852264404e-01 -9.611276537179946899e-02 1.250511966645717621e-02 1.738058961927890778e-02 1.828724332153797150e-02 3.456508219242095947e-01 9.595362097024917603e-02 -1.090248152613639832e-01 5.688900873064994812e-02 -1.019315421581268311e-01 -7.361010182648897171e-03 2.671449482440948486e-01 4.497763514518737793e-02 2.904204651713371277e-02 -8.628179877996444702e-02 -2.106676548719406128e-01 1.216601207852363586e-01 7.115088403224945068e-02 4.198296740651130676e-02 7.362694293260574341e-02 2.031456232070922852e-01 2.104515284299850464e-01 -9.517962113022804260e-03 -1.544087529182434082e-01 -1.286612451076507568e-01 1.321506202220916748e-01 -3.969563543796539307e-01 -1.038374751806259155e-01 4.285050332546234131e-01 5.931152105331420898e-01 -1.992635428905487061e-01 6.777551490813493729e-03 -3.110977113246917725e-01 -1.148525029420852661e-01 -5.556238442659378052e-02 -1.142106354236602783e-01 1.034010350704193115e-01 -2.334526479244232178e-01 -3.851896151900291443e-02 3.038756251335144043e-01 -1.623885780572891235e-01 8.237678557634353638e-02 -8.078781515359878540e-02 3.634526431560516357e-01 -3.524166047573089600e-01 9.794189035892486572e-02 -8.229590207338333130e-02 -6.831689924001693726e-02 4.581259563565254211e-02 -5.088278651237487793e-01 3.293265700340270996e-01 -1.103165522217750549e-01 -2.521096169948577881e-01 4.352920129895210266e-02 -4.177284426987171173e-03 1.466378122568130493e-01 -8.762867748737335205e-02 -3.494765236973762512e-02 1.435960680246353149e-01 1.083746105432510376e-01 5.365602672100067139e-02 -8.454094082117080688e-02
1.279831975698471069e-01 4.857242107391357422e-01 9.117332100868225098e-02 -2.359654754400253296e-01 -9.971032142639160156e-01 5.762876272201538086e-01 1.229668334126472473e-01 -6.794819831848144531e-01 6.048805117607116699e-01 1.532744020223617554e-01 1.018880158662796021e-01 1.305755674839019775e-01 -4.058360159397125244e-01 4.338822662830352783e-01 1.026909798383712769e-01 2.672798037528991699e-01 2.280444651842117310e-01 6.708289384841918945e-01 2.989529073238372803e-01 1.973959952592849731e-01 3.178395032882690430e-01 -8.110891282558441162e-02 2.134377807378768921e-01 -9.300150908529758453e-03 -1.453902602195739746e+00 4.382660090923309326e-01 -1.356961369514465332e+00 1.469301898032426834e-02 -5.911618471145629883e-01 5.040216445922851562e-01 2.408579289913177490e-01 5.083841085433959961e-01 7.981020212173461914e-02 3.093698322772979736e-01 4.848263263702392578e-01 1.884332746267318726e-01 -1.713217020034790039e+00 2.262039482593536377e-01 2.783498167991638184e-01 -8.166044205427169800e-02 7.902190089225769043e-02 2.786793112754821777e-01 4.257233440876007080e-01 2.727049887180328369e-01 -1.735049635171890259e-01 3.959943056106567383e-01 -2.403103411197662354e-01 5.964882299304008484e-02 2.948143780231475830e-01 -1.990297809243202209e-02 -1.458529084920883179e-01 1.593710780143737793e-01 4.801550805568695068e-01 6.351816654205322266e-01 8.516306430101394653e-02 1.985238045454025269e-01 9.306117892265319824e-02 8.260183334350585938e-01 -2.775294482707977295e-01 -2.080863267183303833e-01 1.549589931964874268e-01 1.784680634737014771e-01 4.420168399810791016e-01 6.254496574401855469e-01
1.131159141659736633e-01 -4.598662257194519043e-02 2.601341903209686279e-01 2.238896489143371582e-01 1.120075732469558716e-01 4.867552965879440308e-02 9.408012777566909790e-02 -3.902633115649223328e-02 1.456727087497711182e-02 -2.377090230584144592e-02 9.017861634492874146e-02 1.325751394033432007e-01 2.337873168289661407e-02 -1.661010831594467163e-01 1.330280601978302002e-01 1.871749758720397949e-01 1.007985621690750122e-01 3.993093371391296387e-01 2.489539608359336853e-02 2.818021774291992188e-01 1.005466878414154053e-01 7.362177222967147827e-02 -6.842106580734252930e-02 1.284452974796295166e-01 1.635944843292236328e-02 3.189161717891693115e-01 3.156688809394836426e-01 1.527768820524215698e-01 6.023987531661987305e-01 2.715293169021606445e-01 -4.705057442188262939e-01 -6.554449200630187988e-01 1.100094392895698547e-01 1.639160662889480591e-01 4.872313141822814941e-01 3.230946660041809082e-01 3.367596268653869629e-01 2.915481626987457275e-01 1.545082628726959229e-01 5.639144182205200195e-01 3.139098584651947021e-01 -2.022321820259094238e-01 -1.461896598339080811e-01 -1.019229367375373840e-01 2.769625782966613770e-01 -4.817586541175842285e-01 3.814800381660461426e-01 -9.202496707439422607e-02 2.932847142219543457e-01 2.552818655967712402e-01 -7.531412690877914429e-02 5.441290140151977539e-01 -3.430622518062591553e-01 3.794805407524108887e-01 3.668146431446075439e-01 8.658968657255172729e-02 2.194960415363311768e-01 2.921927720308303833e-02 9.198887646198272705e-02 1.391707956790924072e-01 1.008119732141494751e-01 -1.881762742996215820e-01 7.865887880325317383e-02 3.109067082405090332e-01
-2.946722209453582764e-01 3.514388203620910645e-01 3.353382050991058350e-01 1.296598762273788452e-01 1.548614352941513062e-01 3.747219145298004150e-01 2.197976037859916687e-02 1.270916700363159180e+00 1.980133056640625000e-01 5.366202071309089661e-02 2.431743592023849487e-01 2.867826521396636963e-01 1.491980999708175659e-01 1.268733888864517212e-01 3.920914828777313232e-01 2.183239012956619263e-01 1.406391859054565430e-01 3.460693657398223877e-01 -5.883585661649703979e-02 3.603602051734924316e-01 -3.442915678024291992e-01 -2.360868215560913086e+00 1.145566552877426147e-01 1.657776683568954468e-01 1.202980242669582367e-02 3.299585580825805664e-01 -1.081914782524108887e+00 1.933567374944686890e-01 -1.793976187705993652e+00 2.630529105663299561e-01 -1.210066396743059158e-02 4.009640961885452271e-02 -2.385856389999389648e+00 4.647531211376190186e-01 4.743844866752624512e-01 -9.393680840730667114e-02 -5.559693649411201477e-02 5.426277965307235718e-02 2.302621491253376007e-02 -4.631426334381103516e-01 3.730798959732055664e-01 -1.171889379620552063e-01 -9.371948987245559692e-02 5.692088045179843903e-03 -8.730134963989257812e-01 2.216819375753402710e-01 -8.416689038276672363e-01 -8.918997049331665039e-01 2.598771750926971436e-01 -9.731181263923645020e-01 -1.316163063049316406e+00 -1.075460538268089294e-01 2.598668038845062256e-01 2.327241450548171997e-01 2.516990900039672852e-01 -8.778925053775310516e-03 -1.456559300422668457e+00 9.719009399414062500e-01 -1.950861699879169464e-02 -3.951804339885711670e-01 -2.213212966918945312e+00 -1.306031107902526855e+00 4.251055419445037842e-01 4.666250646114349365e-01
4.106952846050262451e-01 -1.854706704616546631e-01 2.122505605220794678e-01 6.276459097862243652e-01 -6.666784640401601791e-03 2.327376306056976318e-01 1.663612872362136841e-01 6.954859495162963867e-01 1.321821659803390503e-01 2.624907195568084717e-01 -1.020928263664245605e+00 5.915901064872741699e-01 4.652928709983825684e-01 3.594573140144348145e-01 -8.798947185277938843e-02 -6.144925951957702637e-01 -5.505697727203369141e-01 -1.242608353495597839e-01 -1.268466562032699585e-02 6.067065894603729248e-02 1.530217528343200684e+00 2.012151926755905151e-01 2.332032620906829834e-01 -2.859161794185638428e-01 -6.259853243827819824e-01 1.129903122782707214e-01 8.922600001096725464e-02 -8.657858967781066895e-01 -1.130449533462524414e+00 -1.669729053974151611e-01 1.250779747962951660e+00 4.298067092895507812e-01 -1.972351521253585815e-01 3.910613432526588440e-02 -3.548711240291595459e-01 -1.382733583450317383e-01 -5.373584628105163574e-01 -1.395401954650878906e-01 6.612350940704345703e-01 -9.154418110847473145e-02 -1.880642622709274292e-01 1.388071626424789429e-01 1.133474633097648621e-01 3.328128755092620850e-01 1.385565280914306641e+00 3.696713149547576904e-01 -5.782583951950073242e-01 2.752483189105987549e-01 3.135811090469360352e-01 -6.564613580703735352e-01 2.522348463535308838e-01 -4.845491424202919006e-02 -4.038166403770446777e-01 3.692259192466735840e-01 3.599258661270141602e-01 2.514249384403228760e-01 -1.553822010755538940e-01 4.167959690093994141e-01 -3.831607699394226074e-01 6.165131330490112305e-01 1.015202403068542480e-01 -6.037545204162597656e-01 3.887306451797485352e-01 1.607041358947753906e-01
1.800102889537811279e-01 4.141322150826454163e-02 1.037606522440910339e-01 1.314482241868972778e-01 1.321777552366256714e-01 2.589458413422107697e-02 -4.065334051847457886e-02 -3.318352252244949341e-02 -3.536471351981163025e-02 6.558138411492109299e-04 2.162884324789047241e-01 1.675773411989212036e-01 -6.021393463015556335e-02 -3.336534202098846436e-01 1.177930980920791626e-01 1.524035334587097168e-01 2.399831861257553101e-01 2.046329528093338013e-01 -3.579889610409736633e-02 1.221694499254226685e-01 1.082393378019332886e-01 -2.960329502820968628e-02 5.802440573461353779e-04 1.366019994020462036e-01 1.619157046079635620e-01 2.817765474319458008e-01 2.787055075168609619e-01 9.445651620626449585e-02 5.365447998046875000e-01 2.331279516220092773e-01 -5.935226082801818848e-01 -5.300753116607666016e-01 2.991836071014404297e-01 1.802194267511367798e-01 3.719891309738159180e-01 3.029319941997528076e-01 1.961153000593185425e-01 1.587103158235549927e-01 1.592104509472846985e-02 4.338851273059844971e-01 1.331225931644439697e-01 -1.728056967258453369e-01 -1.255432218313217163e-01 -1.768820583820343018e-01 7.895234227180480957e-02 -3.519532084465026855e-01 3.147232830524444580e-01 -1.087359488010406494e-01 2.447961419820785522e-01 9.661492705345153809e-02 -7.931756973266601562e-02 5.655454397201538086e-01 -4.353841543197631836e-01 3.532218039035797119e-01 3.435927331447601318e-01 -7.491555809974670410e-02 2.498956322669982910e-01 1.002185395918786526e-03 -6.893695890903472900e-02 1.356777846813201904e-01 1.936905980110168457e-01 -2.633524239063262939e-01 -3.453483805060386658e-02 1.073558032512664795e-01
1.524374186992645264e-01 -6.124148964881896973e-01 4.357089102268218994e-02 3.730393648147583008e-01 5.003958344459533691e-01 -2.695021629333496094e-01 7.112902402877807617e-02 3.735848665237426758e-01 2.193842232227325439e-01 2.306699454784393311e-01 3.538222908973693848e-01 7.247125357389450073e-02 3.628658503293991089e-02 1.137994080781936646e-01 1.803926080465316772e-01 -3.719592988491058350e-01 -1.203322783112525940e-02 -2.178986817598342896e-01 -8.212930709123611450e-02 1.697320789098739624e-01 1.264721900224685669e-01 3.815372884273529053e-01 -1.027146587148308754e-03 1.700831800699234009e-01 1.773512512445449829e-01 -2.914945781230926514e-02 -1.915661543607711792e-01 1.870412081480026245e-01 -7.177459001541137695e-01 -2.966600656509399414e-01 9.483678340911865234e-01 1.259062528610229492e+00 -1.173604056239128113e-01 1.063377931714057922e-01 -9.761721640825271606e-02 -2.270548604428768158e-02 2.883122563362121582e-01 1.289385259151458740e-01 7.965192943811416626e-02 -3.251509070396423340e-01 2.880837321281433105e-01 1.069740414619445801e+00 6.387756764888763428e-02 2.171928167343139648e+00 1.175767555832862854e-01 -2.484026402235031128e-01 -1.164628714323043823e-01 -7.073954343795776367e-01 1.167131736874580383e-01 2.507774159312248230e-02 1.346190571784973145e-01 1.157824993133544922e-01 -6.737335920333862305e-01 -1.202320754528045654e-01 -9.697573259472846985e-03 -1.012746021151542664e-01 -1.665929555892944336e-01 -3.507563769817352295e-01 3.549603223800659180e-01 5.731621384620666504e-02 -2.529460787773132324e-01 -8.536128997802734375e-01 -3.079112172126770020e-01 -4.924496710300445557e-01
8.052074164152145386e-02 8.449147641658782959e-02 1.932015866041183472e-01 2.268065810203552246e-01 6.063357368111610413e-02 3.436154872179031372e-02 8.856475353240966797e-02 -2.101088017225265503e-01 -1.342037618160247803e-01 1.809876710176467896e-01 2.954425513744354248e-01 1.103956848382949829e-01 -3.827098384499549866e-02 -2.171881943941116333e-01 3.307677805423736572e-01 -3.446612739935517311e-03 1.701441258192062378e-01 1.714756935834884644e-01 -9.429237991571426392e-02 1.917708963155746460e-01 1.130135636776685715e-02 -7.327204942703247070e-02 -2.029793802648782730e-03 -4.029326885938644409e-02 1.544101834297180176e-01 3.019053041934967041e-01 3.140406310558319092e-01 -8.768652379512786865e-02 5.411548614501953125e-01 3.041629493236541748e-01 -6.026855111122131348e-01 -7.710916996002197266e-01 7.538874447345733643e-02 3.467339277267456055e-01 4.957738220691680908e-01 3.411200344562530518e-01 3.393664956092834473e-01 3.237003386020660400e-01 2.232802659273147583e-01 4.801298975944519043e-01 3.292055130004882812e-01 -2.517580986022949219e-01 -1.028924211859703064e-01 -8.344288170337677002e-02 2.701714932918548584e-01 -4.378945827484130859e-01 3.712919354438781738e-01 -9.146912395954132080e-02 1.377659887075424194e-01 3.091286718845367432e-01 2.502836473286151886e-02 4.795733094215393066e-01 -2.462976723909378052e-01 2.624854445457458496e-01 5.235623717308044434e-01 9.446025639772415161e-02 1.364807784557342529e-01 -6.614562124013900757e-02 8.690395951271057129e-02 8.444110304117202759e-02 2.150015383958816528e-01 -1.302221119403839111e-01 -1.193984993733465672e-03 2.490124553442001343e-01
-1.436073899269104004e+00 -7.858572602272033691e-01 1.753233969211578369e-01 3.206292390823364258e-01 1.991215199232101440e-01 -6.382671594619750977e-01 -7.278127968311309814e-02 1.512162536382675171e-01 7.484431862831115723e-01 2.168292254209518433e-01 1.117406529374420643e-03 1.486700922250747681e-01 2.850861847400665283e-02 9.088419675827026367e-01 2.894644737243652344e-01 -2.458001524209976196e-01 7.399387657642364502e-02 8.302374929189682007e-02 -1.453126966953277588e-01 1.306718438863754272e-01 4.236806869506835938e+00 3.054396212100982666e-01 -3.529325723648071289e-01 3.957808017730712891e-02 1.300401389598846436e-01 1.861863881349563599e-01 -5.773234844207763672e+00 -2.834557928144931793e-02 2.188407629728317261e-01 -1.858993917703628540e-01 3.581819832324981689e-01 1.118616342544555664e+00 -3.929989635944366455e-01 2.508066892623901367e-01 -4.246496260166168213e-01 -7.659751772880554199e-01 -1.492426730692386627e-02 -5.498108863830566406e-01 -7.352434843778610229e-02 1.626902818679809570e-02 2.425152063369750977e-01 1.186904072761535645e+00 7.521747350692749023e-01 1.904589772224426270e+00 1.665440946817398071e-01 -2.291258335113525391e+00 1.176798865199089050e-01 6.701379269361495972e-02 -2.301421165466308594e-01 2.921029925346374512e-01 -1.617384701967239380e-01 -8.537911772727966309e-01 -2.092966079711914062e+00 7.357163820415735245e-03 1.619822531938552856e-01 -7.202158123254776001e-02 -2.374032586812973022e-01 -1.474930197000503540e-01 3.456478565931320190e-02 -1.691786527633666992e+00 -4.915174245834350586e-01 -6.608871817588806152e-01 -4.047431349754333496e-01 -1.517579108476638794e-01
1.678632944822311401e-01 -7.843028008937835693e-02 2.698098719120025635e-01 2.445054501295089722e-01 2.389565669000148773e-02 2.219461463391780853e-02 9.481442160904407501e-03 1.563379168510437012e-02 -6.028922274708747864e-02 7.288273423910140991e-02 2.339719384908676147e-01 1.224004626274108887e-01 -8.771745860576629639e-02 -3.218442201614379883e-01 2.110748291015625000e-01 1.805559694766998291e-01 2.442678511142730713e-01 2.771424353122711182e-01 4.285208508372306824e-02 2.073909193277359009e-01 9.017957746982574463e-02 -1.165802869945764542e-02 -3.220877051353454590e-02 -2.932226657867431641e-02 5.898322537541389465e-02 3.767200112342834473e-01 2.760171890258789062e-01 -5.772360414266586304e-02 6.719880104064941406e-01 2.615424394607543945e-01 -4.609898924827575684e-01 -7.390142679214477539e-01 1.347355246543884277e-01 2.439171671867370605e-01 5.034320950508117676e-01 2.447067797183990479e-01 3.102613091468811035e-01 1.813834458589553833e-01 2.052036523818969727e-01 3.974614143371582031e-01 1.477295458316802979e-01 -2.552714645862579346e-01 -4.852962121367454529e-02 -1.689572185277938843e-01 3.709952160716056824e-02 -4.690021276473999023e-01 4.089217782020568848e-01 4.405023157596588135e-02 2.834188938140869141e-01 2.098920792341232300e-01 5.475248768925666809e-02 5.742431879043579102e-01 -3.061598241329193115e-01 2.895961999893188477e-01 3.626387715339660645e-01 1.091467887163162231e-01 2.535080611705780029e-01 -2.900975942611694336e-02 -4.964052513241767883e-02 4.737922176718711853e-02 5.387701466679573059e-02 -1.752641499042510986e-01 6.852358579635620117e-02 2.235370576381683350e-01
1.624687463045120239e-01 2.349932491779327393e-02 5.227526426315307617e-01 3.830292820930480957e-01 3.663516938686370850e-01 -6.048355102539062500e-01 9.692452847957611084e-02 9.657774567604064941e-01 -4.839415252208709717e-01 2.154662758111953735e-01 -7.988834381103515625e-02 -2.795601487159729004e-01 2.052185386419296265e-01 2.450365573167800903e-01 -6.173886656761169434e-01 -9.999074786901473999e-02 -1.843708157539367676e-01 -4.975309073925018311e-01 -1.306617707014083862e-01 -2.291199713945388794e-01 9.329093992710113525e-02 3.547023236751556396e-01 -8.980198949575424194e-02 -2.217468172311782837e-01 3.154913783073425293e-01 -4.704599678516387939e-01 1.227636784315109253e-01 -1.705129891633987427e-01 5.336174368858337402e-01 -2.186490744352340698e-01 1.005005598068237305e+00 3.022491037845611572e-01 1.125131174921989441e-01 -2.398824244737625122e-01 2.642139792442321777e-01 -1.645835936069488525e-01 1.066576614975929260e-01 -2.711259722709655762e-01 2.655594646930694580e-01 1.024324670433998108e-01 -2.677462995052337646e-01 2.452179491519927979e-01 7.933412492275238037e-02 2.720394544303417206e-02 4.028984010219573975e-01 3.558741509914398193e-01 1.971624493598937988e-01 6.403008699417114258e-01 1.430435031652450562e-01 6.649759411811828613e-01 2.472170591354370117e-01 -1.450638175010681152e-01 3.446402847766876221e-01 -1.601481288671493530e-01 -6.316763162612915039e-01 1.371440589427947998e-01 2.009175270795822144e-01 -6.451826691627502441e-01 -1.259985119104385376e-01 2.193112969398498535e-01 3.823703527450561523e-01 3.247963786125183105e-01 -3.680349290370941162e-01 -1.018507778644561768e-01
4.430921003222465515e-02 1.199535932391881943e-02 2.468716800212860107e-01 1.937648952007293701e-01 6.249135360121726990e-02 1.048726364970207214e-01 5.965226143598556519e-02 -1.257503181695938110e-01 -3.077050112187862396e-02 3.569478169083595276e-02 2.508389651775360107e-01 2.698616981506347656e-01 7.485574483871459961e-02 -1.995780616998672485e-01 1.433696895837783813e-01 5.837920308113098145e-02 1.722188144922256470e-01 3.196673989295959473e-01 -7.222781330347061157e-02 1.767582148313522339e-01 1.366478502750396729e-01 2.682319469749927521e-02 5.251944065093994141e-02 9.303522109985351562e-02 6.941489875316619873e-02 4.123438298702239990e-01 3.666093945503234863e-01 -8.529513329267501831e-02 4.842704236507415771e-01 2.755153179168701172e-01 -3.769487738609313965e-01 -5.346676111221313477e-01 2.682572901248931885e-01 2.517990767955780029e-01 3.318265378475189209e-01 1.708244979381561279e-01 3.637534081935882568e-01 1.985538452863693237e-01 2.219428122043609619e-02 6.064186096191406250e-01 2.000692486763000488e-01 -1.822918206453323364e-01 -6.087609380483627319e-02 -1.066341474652290344e-01 1.476496905088424683e-01 -5.360991954803466797e-01 4.116368591785430908e-01 -1.180040389299392700e-01 2.581976354122161865e-01 3.017761409282684326e-01 -1.019451394677162170e-01 5.104243755340576172e-01 -4.239352643489837646e-01 2.678510546684265137e-01 5.733399391174316406e-01 1.891626161523163319e-03 2.353602796792984009e-01 -7.604084163904190063e-02 1.800470985472202301e-02 1.005735695362091064e-01 9.952512383460998535e-02 -1.782343536615371704e-01 4.750724136829376221e-02 1.153959631919860840e-01
5.261316895484924316e-02 5.373751372098922729e-02 2.571177780628204346e-01 1.860494762659072876e-01 1.557250171899795532e-01 1.961454004049301147e-01 -3.455667942762374878e-02 2.385495230555534363e-02 -1.088130623102188110e-01 1.268242597579956055e-01 2.013695836067199707e-01 1.103410720825195312e-01 -4.440775141119956970e-02 -2.131168544292449951e-01 1.745926588773727417e-01 -5.448946263641119003e-03 2.920275628566741943e-01 1.637771278619766235e-01 -1.125719025731086731e-01 3.059588372707366943e-01 3.410165198147296906e-03 7.416064292192459106e-02 3.016174584627151489e-02 1.090526357293128967e-01 2.702155709266662598e-01 3.047674596309661865e-01 2.119562923908233643e-01 9.038898348808288574e-02 6.553382873535156250e-01 1.905966997146606445e-01 -4.202297925949096680e-01 -6.171955466270446777e-01 2.550305724143981934e-01 2.764105200767517090e-01 3.203600943088531494e-01 2.004022002220153809e-01 3.643651604652404785e-01 2.659644484519958496e-01 4.330416396260261536e-02 5.000578761100769043e-01 3.004450798034667969e-01 -5.488802120089530945e-02 -6.945653259754180908e-02 -1.789930909872055054e-01 2.152160108089447021e-01 -5.175724029541015625e-01 5.505207777023315430e-01 3.825007751584053040e-02 1.174268871545791626e-01 1.029814928770065308e-01 -3.604311868548393250e-02 5.028933286666870117e-01 -2.361161559820175171e-01 2.841377854347229004e-01 5.560805797576904297e-01 2.964828722178936005e-02 2.216981202363967896e-01 1.015518009662628174e-01 -3.614506497979164124e-02 2.027861624956130981e-01 1.725057512521743774e-01 -7.744173705577850342e-02 5.969432741403579712e-02 1.523021310567855835e-01
3.418263196945190430e-01 -3.384544551372528076e-01 2.249848395586013794e-01 2.918678224086761475e-01 6.229317188262939453e-01 1.352296955883502960e-02 3.601998090744018555e-01 6.418380141258239746e-01 1.986821144819259644e-01 -2.703898400068283081e-02 3.937862217426300049e-01 -1.119320616126060486e-01 4.506492614746093750e-01 2.735927999019622803e-01 1.701923459768295288e-01 -3.144836723804473877e-01 -6.708915531635284424e-02 -1.606110930442810059e-01 -7.160849869251251221e-02 8.237032592296600342e-02 -6.772643327713012695e-01 4.671170115470886230e-01 3.239093348383903503e-02 -2.893634885549545288e-02 9.682025015354156494e-02 1.177716851234436035e-01 -1.865748167037963867e-01 2.399811595678329468e-01 -9.791718125343322754e-01 -2.444706261157989502e-01 7.488732933998107910e-01 1.159386038780212402e+00 -1.549187302589416504e-01 1.250034719705581665e-01 -1.575928628444671631e-01 8.978248573839664459e-03 2.709442675113677979e-01 2.967062033712863922e-02 5.825969576835632324e-02 -2.828871309757232666e-01 5.525312945246696472e-02 1.052732229232788086e+00 9.111101925373077393e-02 1.893906354904174805e+00 2.269143238663673401e-02 -2.841904759407043457e-01 -1.553235501050949097e-01 -6.047482490539550781e-01 3.716066479682922363e-02 9.984710812568664551e-02 1.443555355072021484e-01 1.195451021194458008e-01 -8.035370707511901855e-01 -2.294374555349349976e-01 2.354746907949447632e-01 -1.082726642489433289e-01 -4.173717275261878967e-02 -1.510938555002212524e-01 3.220456242561340332e-01 1.606993228197097778e-01 -3.153780400753021240e-01 -6.130917072296142578e-01 1.938359737396240234e-01 -2.346906363964080811e-01
1.793382763862609863e-01 -4.390636458992958069e-02 4.365086928009986877e-02 2.554251253604888916e-01 5.139611288905143738e-02 7.506139576435089111e-02 -6.003801524639129639e-02 -7.793562114238739014e-02 -5.869255959987640381e-02 1.775826662778854370e-01 2.576881051063537598e-01 6.208707392215728760e-02 -6.695672124624252319e-02 -2.592638731002807617e-01 1.740090548992156982e-01 2.092988938093185425e-01 1.853804886341094971e-01 1.673082858324050903e-01 7.559975236654281616e-02 2.009722888469696045e-01 2.017973512411117554e-01 -8.064219355583190918e-02 1.543364077806472778e-01 5.613553151488304138e-02 1.771784722805023193e-01 4.494020342826843262e-01 2.236684411764144897e-01 1.171598210930824280e-01 4.907183051109313965e-01 9.262089431285858154e-02 -4.150365889072418213e-01 -7.387419939041137695e-01 3.167661428451538086e-01 3.294167220592498779e-01 5.558918118476867676e-01 3.388320803642272949e-01 4.002290070056915283e-01 2.574367523193359375e-01 6.506815552711486816e-02 5.471241474151611328e-01 2.192713320255279541e-01 -1.037669330835342407e-01 -1.038944497704505920e-01 -1.526723802089691162e-01 1.106420159339904785e-01 -4.665565490722656250e-01 5.809506177902221680e-01 -9.477680176496505737e-02 2.170908898115158081e-01 2.312458604574203491e-01 -1.111815571784973145e-01 6.096523404121398926e-01 -3.819733560085296631e-01 3.578380048274993896e-01 4.736076891422271729e-01 -1.334592420607805252e-02 2.960303127765655518e-01 -2.430877834558486938e-02 6.091029196977615356e-02 1.079283133149147034e-01 1.023420169949531555e-01 -1.632627993822097778e-01 6.815054267644882202e-02 1.660922765731811523e-01
-8.969416022300720215e-01 5.394027382135391235e-02 1.273957639932632446e-01 -2.690891742706298828e+00 3.348394930362701416e-01 -2.870927751064300537e-01 -2.198015153408050537e-02 3.677347898483276367e-01 2.336242496967315674e-01 2.428875118494033813e-01 3.941656276583671570e-02 1.482927519828081131e-02 7.940174080431461334e-03 3.762232065200805664e-01 1.000600531697273254e-01 9.033057093620300293e-02 1.295285373926162720e-01 1.333523541688919067e-03 6.913131475448608398e-02 7.920704036951065063e-02 -1.691145658493041992e+00 -1.181024312973022461e+00 -2.824750244617462158e-01 6.969743221998214722e-02 3.436147570610046387e-01 -1.451036036014556885e-01 -3.439612984657287598e-01 -1.250160783529281616e-01 -1.193651914596557617e+00 1.211886405944824219e-01 1.666045188903808594e+00 7.055115103721618652e-01 9.730195999145507812e-02 1.312188506126403809e-01 -2.966866493225097656e-01 -9.851980209350585938e-02 1.128981113433837891e-01 -9.416752308607101440e-02 -1.007136940956115723e+00 -8.789560198783874512e-01 1.073024868965148926e-01 2.420206069946289062e-01 3.623362779617309570e-01 4.124813377857208252e-01 -2.369428157806396484e+00 1.046435475349426270e+00 -9.116728305816650391e-01 7.918362021446228027e-01 5.123903602361679077e-02 -2.313140153884887695e+00 4.260348379611968994e-01 -1.813368499279022217e-01 6.996196508407592773e-01 -6.944059580564498901e-02 -1.558179855346679688e-01 1.070670634508132935e-01 -3.697882220149040222e-02 3.375913500785827637e-01 -5.630270391702651978e-02 -1.998976916074752808e-01 9.817969053983688354e-02 2.537520229816436768e-01 2.188610732555389404e-01 6.906745582818984985e-02
6.733234971761703491e-02 -5.574526637792587280e-02 6.456734985113143921e-02 1.199758127331733704e-01 2.794468700885772705e-01 -5.150492116808891296e-02 -1.272216904908418655e-02 -1.139310896396636963e-01 -6.995307654142379761e-02 8.883349597454071045e-02 7.128404825925827026e-02 1.304839849472045898e-01 -1.284982711076736450e-01 -3.714170455932617188e-01 3.508613109588623047e-01 1.525854915380477905e-01 1.356208026409149170e-01 2.797367572784423828e-01 2.394185587763786316e-02 2.038116902112960815e-01 3.123367018997669220e-02 -1.039544567465782166e-01 -2.430988824926316738e-04 7.371849566698074341e-02 2.137847244739532471e-02 3.646757900714874268e-01 2.370141744613647461e-01 3.299008309841156006e-02 6.667235493659973145e-01 2.392833977937698364e-01 -4.939891397953033447e-01 -6.013665199279785156e-01 9.449458867311477661e-02 3.298081457614898682e-01 3.993140161037445068e-01 3.080922961235046387e-01 4.119985699653625488e-01 2.223545610904693604e-01 2.200747728347778320e-01 4.001123607158660889e-01 3.096065819263458252e-01 -1.998233348131179810e-01 -4.918434843420982361e-02 -1.499639302492141724e-01 1.706300228834152222e-01 -5.366600751876831055e-01 5.660912990570068359e-01 1.225472912192344666e-01 2.628050744533538818e-01 2.501177191734313965e-01 6.843108683824539185e-03 3.996958136558532715e-01 -2.371900975704193115e-01 3.613525032997131348e-01 3.850336670875549316e-01 9.531473368406295776e-02 8.882361650466918945e-02 -9.197575971484184265e-03 5.474435910582542419e-02 2.308825552463531494e-01 3.666995465755462646e-02 -5.184480920433998108e-02 6.719901412725448608e-02 3.589876592159271240e-01
7.164074480533599854e-02 3.013955652713775635e-01 -1.448375433683395386e-01 -3.987456858158111572e-01 -6.134721040725708008e-01 3.643511831760406494e-01 -2.741684019565582275e-01 1.678899861872196198e-02 4.950571060180664062e-01 4.120874106884002686e-01 -1.080904006958007812e-01 8.049302548170089722e-02 -5.803700685501098633e-01 6.587128639221191406e-01 1.218247488141059875e-01 2.882651090621948242e-01 2.577946186065673828e-01 5.182695984840393066e-01 -8.020596206188201904e-02 2.785484194755554199e-01 -1.119347214698791504e+00 1.056588366627693176e-01 -2.860265085473656654e-03 2.251331806182861328e-01 -1.146252274513244629e+00 3.511745631694793701e-01 -6.189813017845153809e-01 -1.253063380718231201e-01 -5.568376183509826660e-01 4.377349913120269775e-01 -7.865157723426818848e-01 4.475218057632446289e-01 1.239371448755264282e-01 3.106394112110137939e-01 5.066707134246826172e-01 1.244179680943489075e-01 -1.384253501892089844e+00 1.286932528018951416e-01 1.101432219147682190e-01 -1.283716112375259399e-01 9.426806122064590454e-02 4.274148494005203247e-03 4.191915094852447510e-01 2.621021270751953125e-01 -2.273792587220668793e-02 2.763742804527282715e-01 -4.418605864048004150e-01 -8.482966572046279907e-02 2.209063470363616943e-01 1.214867085218429565e-02 -3.857910931110382080e-01 2.615367174148559570e-01 2.549563944339752197e-01 5.135722756385803223e-01 2.640700712800025940e-02 2.733918093144893646e-02 2.508390545845031738e-01 3.875695765018463135e-01 -6.445760279893875122e-02 -2.426159977912902832e-01 8.628582954406738281e-02 8.098666369915008545e-02 3.168965578079223633e-01 5.628775954246520996e-01
2.155608385801315308e-01 -6.705933064222335815e-02 1.278701871633529663e-01 7.461009174585342407e-02 1.984472572803497314e-01 1.088161021471023560e-01 4.312758520245552063e-02 -1.346022188663482666e-01 -1.407073996961116791e-02 -4.285513982176780701e-02 1.278461962938308716e-01 7.224950939416885376e-02 -5.065999925136566162e-02 -1.866857707500457764e-01 1.055564433336257935e-01 5.680202972143888474e-03 2.227681428194046021e-01 1.884695142507553101e-01 2.207780070602893829e-02 3.973830863833427429e-02 1.430172920227050781e-01 -1.003815531730651855e-01 9.674429148435592651e-02 7.381754368543624878e-02 1.809216439723968506e-01 2.496183216571807861e-01 3.258977234363555908e-01 1.306454092264175415e-01 4.846501052379608154e-01 2.178821861743927002e-01 -6.206558942794799805e-01 -7.772338390350341797e-01 5.869044363498687744e-02 3.537833690643310547e-01 5.415772795677185059e-01 1.723916083574295044e-01 2.191007137298583984e-01 1.225722804665565491e-01 9.624277055263519287e-02 4.093208014965057373e-01 3.055326640605926514e-01 -3.728578388690948486e-01 -8.937951177358627319e-02 -2.987979054450988770e-01 1.272456198930740356e-01 -5.077044963836669922e-01 5.025613903999328613e-01 -1.259600967168807983e-01 8.682902157306671143e-02 1.452224254608154297e-01 3.806649148464202881e-02 4.459739029407501221e-01 -4.329918324947357178e-01 3.532781004905700684e-01 3.936121165752410889e-01 5.323466658592224121e-02 1.309583783149719238e-01 9.096985310316085815e-02 -6.431993097066879272e-02 2.407333105802536011e-01 1.153968423604965210e-01 -9.500986337661743164e-02 1.347240358591079712e-01 1.559998691082000732e-01
1.133157014846801758e-01 8.467354625463485718e-02 4.184170663356781006e-01 6.017951667308807373e-02 4.938380420207977295e-01 -7.731838822364807129e-01 -4.375316202640533447e-03 6.263022422790527344e-01 -1.956299304962158203e+00 -4.273848533630371094e-01 -7.818539440631866455e-02 -2.041459828615188599e-01 1.730263829231262207e-01 -5.566323399543762207e-01 -6.181880235671997070e-01 5.644115433096885681e-02 -3.101831674575805664e-01 -6.279978156089782715e-01 -3.854933083057403564e-01 -8.610761165618896484e-02 9.661877900362014771e-02 4.595117270946502686e-01 -5.381634086370468140e-02 -9.475716948509216309e-02 4.943129718303680420e-01 -4.320684671401977539e-01 3.742812275886535645e-01 1.539071500301361084e-01 5.517911314964294434e-01 -3.802643418312072754e-01 9.369428753852844238e-01 5.234589576721191406e-01 2.061857730150222778e-01 -3.345198035240173340e-01 3.488545119762420654e-01 -1.628655642271041870e-01 5.177475810050964355e-01 4.806361347436904907e-02 2.904424071311950684e-01 -7.992012053728103638e-02 -3.146803081035614014e-01 4.361949563026428223e-01 -9.395069479942321777e-01 2.844200432300567627e-01 2.955869436264038086e-01 3.512141108512878418e-01 1.732330173254013062e-01 5.137423872947692871e-01 5.280943587422370911e-02 6.187176108360290527e-01 3.262196481227874756e-01 -1.151065248996019363e-02 2.263002395629882812e-01 -4.982607811689376831e-02 -6.470770239830017090e-01 -1.120432838797569275e-01 7.557486742734909058e-02 -5.711595416069030762e-01 7.106451690196990967e-02 2.048511207103729248e-01 3.125831186771392822e-01 2.967938184738159180e-01 -1.098827943205833435e-01 -4.643586650490760803e-02
2.300520241260528564e-01 9.314213693141937256e-02 2.158071696758270264e-01 1.463655233383178711e-01 5.197096467018127441e-01 1.887185573577880859e-01 1.820943206548690796e-01 7.307119369506835938e-01 -2.964786812663078308e-02 -1.365688443183898926e-01 2.575283348560333252e-01 2.279178351163864136e-01 3.310080468654632568e-01 1.152918860316276550e-01 1.227694079279899597e-01 7.104760035872459412e-03 2.479821890592575073e-01 2.203645259141921997e-01 2.652829289436340332e-01 1.907609701156616211e-01 -1.485778689384460449e-01 -3.037879467010498047e-01 5.106459930539131165e-02 2.616824805736541748e-01 1.882781982421875000e-01 2.626694142818450928e-01 -1.314764916896820068e-01 1.599152684211730957e-01 -1.940049290657043457e+00 2.738068103790283203e-01 2.679264247417449951e-01 3.546977415680885315e-03 -2.230882644653320312e+00 1.530738919973373413e-01 -2.680436968803405762e-01 -9.398437291383743286e-02 3.232386112213134766e-01 1.703467369079589844e-01 2.692315280437469482e-01 -5.864566564559936523e-01 2.686831951141357422e-01 8.319205045700073242e-02 -1.845870614051818848e-01 3.871675208210945129e-02 -1.632939130067825317e-01 1.035667881369590759e-01 -6.070120930671691895e-01 -7.881698012351989746e-01 -2.941537499427795410e-01 -7.548106908798217773e-01 -1.267313599586486816e+00 2.817790955305099487e-02 -1.427350044250488281e+00 1.238310337066650391e-01 1.948834657669067383e-01 3.614136874675750732e-01 -1.768140554428100586e+00 2.723757624626159668e-01 3.010468482971191406e-01 -1.529279351234436035e-02 -1.519427299499511719e+00 -1.868357896804809570e+00 2.304558902978897095e-01 1.753814220428466797e-01
8.184164762496948242e-01 -2.885614633560180664e-01 -3.785930946469306946e-02 -6.135519742965698242e-01 -1.697369813919067383e-01 3.285992192104458809e-03 -1.499655097723007202e-01 5.580238103866577148e-01 4.828481972217559814e-01 4.976254403591156006e-01 -6.456478238105773926e-01 9.146759659051895142e-02 3.864265084266662598e-01 4.655586481094360352e-01 -3.054514229297637939e-01 -7.173947095870971680e-01 -5.388523936271667480e-01 7.192400842905044556e-02 -5.047056078910827637e-02 3.398816287517547607e-02 1.476334214210510254e+00 -6.862565875053405762e-01 -7.278373837471008301e-02 -2.909089922904968262e-01 -1.079217553138732910e+00 -2.549295686185359955e-02 6.695056557655334473e-01 -1.590451784431934357e-02 3.134986460208892822e-01 -2.681421935558319092e-01 1.834487080574035645e+00 4.883481860160827637e-01 -4.162059426307678223e-01 -9.430229663848876953e-02 3.481735587120056152e-01 -1.018003597855567932e-01 -8.157803416252136230e-01 -2.315390855073928833e-02 4.000126123428344727e-01 3.763771653175354004e-01 -3.381961584091186523e-01 1.106805056333541870e-01 4.645997881889343262e-01 5.684990882873535156e-01 -1.173768758773803711e+00 5.324125289916992188e-01 7.335222959518432617e-01 -6.044611930847167969e-01 5.294832587242126465e-01 -6.516634821891784668e-01 4.725464805960655212e-02 -1.804881542921066284e-01 2.202632725238800049e-01 2.663894370198249817e-02 9.500945359468460083e-02 -1.194654554128646851e-01 -2.366282939910888672e-01 -6.915915757417678833e-02 -2.190211117267608643e-01 3.981482088565826416e-01 -8.733755350112915039e-01 -1.178485989570617676e+00 -5.017090588808059692e-02 -1.155796125531196594e-01
1.385819762945175171e-01 -4.874898865818977356e-02 9.584171324968338013e-02 2.672777771949768066e-01 1.181860044598579407e-01 3.792252391576766968e-02 -9.414283186197280884e-02 -2.082345634698867798e-01 -1.568279266357421875e-01 8.772414177656173706e-02 1.011474132537841797e-01 1.648342162370681763e-01 5.548211187124252319e-02 -2.490580230951309204e-01 1.335468888282775879e-01 5.991655588150024414e-02 3.022598624229431152e-01 3.390943706035614014e-01 -7.045133970677852631e-03 2.265504896640777588e-01 -2.154326438903808594e-02 -2.752362936735153198e-02 4.070125147700309753e-02 7.271544635295867920e-02 1.405812203884124756e-01 4.368636906147003174e-01 2.302741408348083496e-01 -9.853683412075042725e-02 4.710886776447296143e-01 1.302094608545303345e-01 -5.631282329559326172e-01 -5.454554557800292969e-01 1.864395886659622192e-01 3.010601997375488281e-01 5.272977352142333984e-01 3.561795055866241455e-01 2.873970270156860352e-01 1.875706762075424194e-01 1.298577338457107544e-01 5.333699584007263184e-01 2.803092896938323975e-01 -1.421217620372772217e-01 -3.324269503355026245e-02 -2.764815688133239746e-01 2.024762928485870361e-01 -4.710423350334167480e-01 3.880213499069213867e-01 3.672472015023231506e-02 8.325406163930892944e-02 8.371654897928237915e-02 6.770317908376455307e-03 4.236706793308258057e-01 -4.152626693248748779e-01 4.163681864738464355e-01 5.697228312492370605e-01 2.311843074858188629e-02 9.891702979803085327e-02 1.186620965600013733e-01 1.511589735746383667e-01 1.135926321148872375e-01 1.598111987113952637e-01 -2.051566690206527710e-01 1.435654014348983765e-01 1.717142611742019653e-01
3.156915307044982910e-02 -3.289196267724037170e-02 2.237828969955444336e-01 2.540069818496704102e-01 2.383486181497573853e-01 1.735270470380783081e-01 4.771778732538223267e-02 -9.819895960390567780e-03 3.065406344830989838e-02 1.039824634790420532e-01 2.702630460262298584e-01 2.300465703010559082e-01 -1.401757597923278809e-01 -2.408706843852996826e-01 2.800212204456329346e-01 7.238609343767166138e-02 1.888788789510726929e-01 3.085963726043701172e-01 3.514588251709938049e-02 3.245596215128898621e-02 1.564509421586990356e-01 -1.317030638456344604e-01 -1.084244810044765472e-02 1.019432991743087769e-01 1.735017001628875732e-01 4.730264842510223389e-01 4.048937559127807617e-01 2.639456838369369507e-02 4.734190702438354492e-01 2.078320980072021484e-01 -4.417463839054107666e-01 -5.511464476585388184e-01 1.185348927974700928e-01 1.048986166715621948e-01 4.127154052257537842e-01 2.928117215633392334e-01 1.574660688638687134e-01 1.277166455984115601e-01 1.603053063154220581e-01 4.764263033866882324e-01 1.556760370731353760e-01 -2.359636425971984863e-01 -1.841170638799667358e-01 -1.794278025627136230e-01 1.895830035209655762e-01 -4.471488595008850098e-01 3.699660897254943848e-01 3.188930079340934753e-02 2.895923256874084473e-01 3.611637279391288757e-02 -1.066638249903917313e-02 4.082680940628051758e-01 -2.853692471981048584e-01 2.907450795173645020e-01 4.710437953472137451e-01 1.296031922101974487e-01 4.807282611727714539e-02 1.289505660533905029e-01 1.704570949077606201e-01 1.526508182287216187e-01 -9.719738736748695374e-03 -9.458122402429580688e-02 1.166141778230667114e-01 1.666525751352310181e-01
7.592434436082839966e-02 6.289088726043701172e-02 1.967380493879318237e-01 2.254319004714488983e-02 9.133505821228027344e-02 2.080400101840496063e-02 3.967477008700370789e-02 -1.989474445581436157e-01 -1.281465590000152588e-01 1.106934845447540283e-01 2.601020038127899170e-01 1.781756430864334106e-01 -1.438688635826110840e-01 -3.704757988452911377e-01 2.811684310436248779e-01 1.650532707571983337e-02 2.056108713150024414e-01 1.970885097980499268e-01 -9.273745119571685791e-02 1.737754642963409424e-01 7.962845265865325928e-02 2.479603048413991928e-03 -4.616540670394897461e-02 1.143042370676994324e-01 1.697084158658981323e-01 4.397885203361511230e-01 3.540915548801422119e-01 -1.155322492122650146e-01 5.790770649909973145e-01 1.094790995121002197e-01 -4.915904104709625244e-01 -7.205164432525634766e-01 2.265116125345230103e-01 2.156969010829925537e-01 4.526935219764709473e-01 1.504882574081420898e-01 2.250514477491378784e-01 1.597623974084854126e-01 9.688531607389450073e-02 4.642662107944488525e-01 2.510373592376708984e-01 -3.031385838985443115e-01 -1.023546457290649414e-01 -2.316299229860305786e-01 8.689855784177780151e-02 -3.882388472557067871e-01 3.380233645439147949e-01 -1.060431748628616333e-01 3.031558170914649963e-02 1.707274764776229858e-01 -2.385148033499717712e-02 4.750776886940002441e-01 -2.640961706638336182e-01 2.592408657073974609e-01 3.108223974704742432e-01 1.118078380823135376e-01 1.651341170072555542e-01 -8.031062781810760498e-02 -1.136301457881927490e-01 1.877942085266113281e-01 1.749096065759658813e-01 -2.661375105381011963e-01 3.930126875638961792e-02 1.452387422323226929e-01
8.357082493603229523e-03 -5.115534067153930664e-01 3.314993083477020264e-01 2.205235809087753296e-01 6.180677413940429688e-01 -3.664327263832092285e-01 -1.852506846189498901e-01 5.183264613151550293e-01 1.877014338970184326e-02 2.059588432312011719e-01 3.614765107631683350e-01 1.783842593431472778e-01 8.384416252374649048e-02 7.473126053810119629e-02 2.505708038806915283e-01 -1.975299715995788574e-01 -6.578044593334197998e-02 -2.516924440860748291e-01 -1.370994746685028076e-01 5.811184644699096680e-02 -6.302090287208557129e-01 1.350990962237119675e-02 -5.821605920791625977e-01 1.431456208229064941e-01 2.217942625284194946e-01 -5.688755586743354797e-02 -1.738204807043075562e-01 1.195093244314193726e-01 -7.262932062149047852e-01 -2.645200490951538086e-01 1.270368456840515137e+00 1.170941233634948730e+00 -1.520737111568450928e-01 5.481352284550666809e-02 -2.873559594154357910e-01 -3.362418711185455322e-02 4.607146084308624268e-01 1.065181568264961243e-01 1.033407002687454224e-01 -5.307916998863220215e-01 3.338190317153930664e-01 1.024487972259521484e+00 3.089211508631706238e-02 1.832157492637634277e+00 -5.177490413188934326e-02 7.257071137428283691e-02 -3.655041754245758057e-01 -5.563254952430725098e-01 -3.573366254568099976e-02 -1.293836981058120728e-01 3.591169118881225586e-01 -4.628225788474082947e-02 -1.110797598958015442e-01 3.611533902585506439e-03 1.206858605146408081e-01 -9.457106143236160278e-02 -2.501193806529045105e-02 -2.974145412445068359e-01 5.152954161167144775e-02 1.922825872898101807e-01 -1.427650153636932373e-01 -5.838660001754760742e-01 -4.303728938102722168e-01 -5.251861214637756348e-01
1.567594408988952637e-01 6.774591654539108276e-02 1.932757347822189331e-01 1.804026365280151367e-01 6.067537516355514526e-02 5.757967010140419006e-02 -8.102908730506896973e-02 3.579231724143028259e-02 -1.553085446357727051e-01 9.416498243808746338e-02 1.522671580314636230e-01 2.137599587440490723e-01 -8.703574538230895996e-02 -1.973005384206771851e-01 2.776474654674530029e-01 2.735596895217895508e-02 2.172497063875198364e-01 2.758644819259643555e-01 -1.323572453111410141e-02 2.761355936527252197e-01 -3.934738412499427795e-02 -8.263383060693740845e-02 3.969688341021537781e-02 1.616584956645965576e-01 1.272243559360504150e-01 4.101251065731048584e-01 2.212686091661453247e-01 -8.376451581716537476e-02 4.703136980533599854e-01 1.050759628415107727e-01 -5.323111414909362793e-01 -7.005916237831115723e-01 2.903860807418823242e-01 3.587090373039245605e-01 3.721053302288055420e-01 2.331152856349945068e-01 2.376791089773178101e-01 1.989433318376541138e-01 1.954083889722824097e-01 4.728061854839324951e-01 1.273284107446670532e-01 -3.048222959041595459e-01 -1.302604973316192627e-01 -1.834579929709434509e-02 1.015976890921592712e-01 -3.779889047145843506e-01 3.380501568317413330e-01 7.501529762521386147e-04 2.410687655210494995e-01 1.324462741613388062e-01 -3.637376800179481506e-02 5.331352353096008301e-01 -3.033215403556823730e-01 3.951385915279388428e-01 4.046590626239776611e-01 -9.288346022367477417e-02 1.127292439341545105e-01 5.707610771059989929e-02 1.262850612401962280e-01 1.089421957731246948e-01 4.764888808131217957e-02 -2.116960436105728149e-01 1.283276379108428955e-01 1.915749311447143555e-01
4.520106613636016846e-01 -2.006343126296997070e+00 -2.316855192184448242e-01 -1.317213773727416992e+00 -9.833486378192901611e-02 1.004379764199256897e-01 -2.911292389035224915e-02 -3.928296566009521484e-01 3.801318705081939697e-01 3.414135277271270752e-01 -6.523331403732299805e-01 -3.523418605327606201e-01 2.420182228088378906e-01 5.792341828346252441e-01 -3.426812291145324707e-01 -1.275132775306701660e+00 -6.041299179196357727e-02 1.644505262374877930e-01 -2.338206581771373749e-02 -1.169095709919929504e-01 1.051437020301818848e+00 -3.516835868358612061e-01 -2.289667129516601562e-01 7.235230505466461182e-02 -1.324822455644607544e-01 -2.529495656490325928e-01 8.634973764419555664e-01 -1.630753651261329651e-02 1.071799993515014648e+00 -1.430876404047012329e-01 7.297981977462768555e-01 2.565611600875854492e-01 -1.418285220861434937e-01 -1.046598926186561584e-01 1.032518967986106873e-02 -3.068887591361999512e-01 -1.043756529688835144e-01 -2.995133399963378906e-01 -4.905200898647308350e-01 8.420761823654174805e-01 -2.721291482448577881e-01 -4.908147826790809631e-02 3.729528188705444336e-01 4.937751591205596924e-02 -2.654716730117797852e+00 -2.701977081596851349e-02 1.059392452239990234e+00 -2.881390750408172607e-01 5.390248298645019531e-01 -9.523688554763793945e-01 -1.009823381900787354e-02 -2.400101423263549805e-01 -1.557887673377990723e+00 7.391502708196640015e-02 -2.545399218797683716e-02 -8.522722125053405762e-02 -8.571845293045043945e-02 -1.005566596984863281e+00 -6.382743269205093384e-02 3.833513706922531128e-02 -1.095672473311424255e-01 -2.736029773950576782e-02 4.519771784543991089e-02 1.158609241247177124e-01
9.299664944410324097e-02 -6.103551760315895081e-02 1.156271472573280334e-01 2.690868675708770752e-01 1.459731459617614746e-01 -4.569169878959655762e-02 1.137889400124549866e-01 -7.551891356706619263e-02 -4.735863581299781799e-02 8.164986222982406616e-02 1.509999632835388184e-01 1.110869199037551880e-01 -1.065478101372718811e-01 -3.653343021869659424e-01 2.310985326766967773e-01 1.167136579751968384e-01 9.175173938274383545e-02 1.909895241260528564e-01 -4.584175348281860352e-02 2.814433276653289795e-01 1.862620264291763306e-01 7.766576111316680908e-02 -1.144133973866701126e-02 1.548500657081604004e-01 6.760718673467636108e-02 4.043782651424407959e-01 4.223414659500122070e-01 -4.378847777843475342e-02 6.075037717819213867e-01 9.638726711273193359e-02 -6.104708909988403320e-01 -5.766434073448181152e-01 1.745038032531738281e-01 3.269292414188385010e-01 4.610435664653778076e-01 3.679433465003967285e-01 2.460467219352722168e-01 2.604857683181762695e-01 2.565403580665588379e-01 3.942519426345825195e-01 1.949641555547714233e-01 -1.574794501066207886e-01 -1.449640989303588867e-01 2.535236999392509460e-03 1.160443127155303955e-01 -4.833278954029083252e-01 3.465293645858764648e-01 -1.260809600353240967e-01 2.185777425765991211e-01 2.307880073785781860e-01 -1.899457573890686035e-01 3.980312347412109375e-01 -3.064854145050048828e-01 3.893297016620635986e-01 4.031904041767120361e-01 4.571382701396942139e-02 2.573127448558807373e-01 -2.518732845783233643e-02 -9.575936943292617798e-02 1.703646034002304077e-01 2.077846676111221313e-01 -2.240512669086456299e-01 1.528430730104446411e-01 1.289667040109634399e-01
-2.834388613700866699e-02 -1.698685884475708008e-01 -3.729119896888732910e-02 -1.060943827033042908e-01 -2.924022972583770752e-01 -1.291445735841989517e-02 -2.968250028789043427e-02 -4.542865753173828125e-01 -1.675246804952621460e-01 -1.929616183042526245e-01 -5.597430095076560974e-02 -4.871804639697074890e-02 -2.588817849755287170e-02 -4.573671221733093262e-01 -6.475306302309036255e-02 -2.143286913633346558e-01 -1.287978887557983398e-01 -1.602218672633171082e-02 1.160652562975883484e-01 -7.964599877595901489e-02 -7.817895710468292236e-02 -1.602616608142852783e-01 -6.662093102931976318e-02 -3.066217899322509766e-01 -1.922059059143066406e-01 7.432563230395317078e-03 8.113511651754379272e-02 1.132310479879379272e-01 5.131639838218688965e-01 -1.770841181278228760e-01 -7.156760096549987793e-01 -6.418651342391967773e-01 -9.104725718498229980e-02 -7.229937613010406494e-02 2.965891957283020020e-01 -1.968074962496757507e-02 2.385579049587249756e-02 -3.553827852010726929e-02 -3.907711431384086609e-02 2.915898561477661133e-01 5.334152281284332275e-02 -2.153503149747848511e-01 -3.976275622844696045e-01 -2.116332501173019409e-01 -2.543343603610992432e-02 -3.037556707859039307e-01 2.283759266138076782e-01 -1.051924675703048706e-01 -1.041406467556953430e-01 -6.716505624353885651e-03 8.478368818759918213e-02 2.053071558475494385e-01 -3.903212249279022217e-01 1.554915755987167358e-01 2.686919569969177246e-01 4.340240359306335449e-02 -5.541842803359031677e-02 -4.865418002009391785e-02 -4.189730808138847351e-02 1.135060191154479980e-01 -9.644572436809539795e-02 -1.080922633409500122e-01 -1.077162940055131912e-02 1.701724380254745483e-01
4.821812212467193604e-01 -3.929286003112792969e-01 -4.807909578084945679e-02 -8.219265341758728027e-01 -7.427603751420974731e-02 -1.364621222019195557e-01 -8.138184784911572933e-04 -3.660536557435989380e-02 1.370557546615600586e-01 3.177514970302581787e-01 -4.935670197010040283e-01 9.446154534816741943e-02 2.156192809343338013e-01 5.731401443481445312e-01 -1.890215426683425903e-01 -7.280590534210205078e-01 -3.652757108211517334e-01 -1.175133138895034790e-01 -7.416504621505737305e-02 -4.139017313718795776e-02 1.673843026161193848e+00 -1.614888012409210205e-01 -6.171394512057304382e-02 -3.922927677631378174e-01 -6.341430544853210449e-01 -1.430434882640838623e-01 8.378432393074035645e-01 1.512813474982976913e-02 7.866861224174499512e-01 -1.693423688411712646e-01 1.606631517410278320e+00 3.744547665119171143e-01 -5.029448866844177246e-01 -2.059973925352096558e-01 -2.193364650011062622e-01 -8.974589407444000244e-02 -5.474663972854614258e-01 -5.941541120409965515e-02 -3.215298354625701904e-01 7.934318780899047852e-01 -2.966796755790710449e-01 2.356067858636379242e-02 3.651501238346099854e-01 5.261960625648498535e-02 -2.145833015441894531e+00 3.239471912384033203e-01 1.172585964202880859e+00 1.129509061574935913e-01 6.634216904640197754e-01 -6.353918910026550293e-01 5.051862448453903198e-02 -1.993858218193054199e-01 -5.975449085235595703e-02 -1.060404852032661438e-01 2.668057084083557129e-01 -1.181671544909477234e-01 -2.466191947460174561e-01 -4.298059940338134766e-01 -9.666468203067779541e-02 2.607644498348236084e-01 -4.967017471790313721e-01 -5.214738249778747559e-01 -1.010515540838241577e-01 -1.828377693891525269e-02
-3.113365173339843750e-01 -1.127060502767562866e-01 1.783032417297363281e-01 2.543292641639709473e-01 2.940572202205657959e-01 1.339489817619323730e-01 1.881611794233322144e-01 3.801554143428802490e-01 5.011358857154846191e-01 1.918827891349792480e-01 2.028034478425979614e-01 4.634912684559822083e-02 -1.357034314423799515e-02 5.489752292633056641e-01 1.255712062120437622e-01 3.840765729546546936e-02 4.408360645174980164e-02 6.673858314752578735e-02 -8.989063650369644165e-02 -4.212866723537445068e-02 4.497606158256530762e-01 6.974135041236877441e-01 4.620164036750793457e-01 -9.131334722042083740e-03 6.611169874668121338e-02 7.405512779951095581e-02 -7.626705169677734375e-01 1.739145815372467041e-01 -8.455479145050048828e-01 -3.028008621186017990e-03 7.380826473236083984e-01 1.033828616142272949e+00 -5.017631500959396362e-02 1.942368596792221069e-01 -3.298837542533874512e-01 -5.841536447405815125e-03 -2.232753932476043701e-01 -1.773832365870475769e-02 -2.310327813029289246e-02 -2.822128236293792725e-01 2.354189604520797729e-01 9.266901016235351562e-01 4.351821243762969971e-01 1.702296137809753418e+00 -6.303503643721342087e-03 -2.268358707427978516e+00 -2.968483865261077881e-01 -9.957385063171386719e-01 8.820426464080810547e-02 -3.900808095932006836e-02 7.515279948711395264e-02 -1.568541526794433594e-01 -1.912090778350830078e+00 -1.789725758135318756e-02 7.952152937650680542e-02 6.682792305946350098e-02 -4.894236475229263306e-02 6.075265407562255859e-01 2.683615684509277344e-01 -1.964956372976303101e-01 -2.408920377492904663e-01 -7.304828166961669922e-01 1.916771084070205688e-01 -2.189865410327911377e-01
