-9.874170422554016113e-01 -9.482043236494064331e-02 -2.188434153795242310e-01 1.712345033884048462e-01 -8.309420347213745117e-01 5.360997319221496582e-01 2.010329067707061768e-01 -2.094618044793605804e-02
4.495311975479125977e-01 -1.937730014324188232e-01 3.950851857662200928e-01 -1.583333462476730347e-01 -4.590211212635040283e-01 1.279200762510299683e-01 -3.269905969500541687e-02 -9.925831854343414307e-02
5.807138606905937195e-02 1.346208602190017700e-01 -1.362297773361206055e+00 5.591402053833007812e-01 1.388829052448272705e-01 5.160472914576530457e-02 -4.026323854923248291e-01 -1.889155805110931396e-01
9.406294226646423340e-01 -8.319497108459472656e-01 2.627376019954681396e-01 -8.250374197959899902e-01 2.669710218906402588e-01 1.661570668220520020e-01 -1.081192418932914734e-01 3.574695438146591187e-02
6.529983878135681152e-01 -1.242733746767044067e-01 3.767459988594055176e-01 -6.488134711980819702e-02 7.150421142578125000e-01 -1.982116252183914185e-01 4.420018494129180908e-01 1.506991982460021973e-01
5.678121447563171387e-01 -8.371309638023376465e-01 -1.949865520000457764e-01 -6.306545734405517578e-01 -4.854168742895126343e-02 -6.325784325599670410e-01 -2.521096467971801758e-01 -2.181109972298145294e-02
1.715412855148315430e+00 1.891467124223709106e-01 -1.235832691192626953e+00 -1.569890379905700684e-01 -2.687675058841705322e-01 -2.230773121118545532e-01 1.445807963609695435e-01 -1.346893161535263062e-01
6.578308343887329102e-01 8.619095087051391602e-01 9.287346601486206055e-01 1.038128733634948730e+00 6.746251583099365234e-01 1.121175140142440796e-01 2.022045373916625977e+00 7.057326287031173706e-02
1.121099442243576050e-01 5.923527851700782776e-02 -2.263578623533248901e-01 -2.315880209207534790e-01 -6.799765229225158691e-01 3.167956769466400146e-01 -2.212187051773071289e-01 4.914586544036865234e-01
6.621073484420776367e-01 1.861588209867477417e-01 1.050291776657104492e+00 3.974248766899108887e-01 5.568329691886901855e-01 8.267077058553695679e-02 3.012563288211822510e-01 6.156596355140209198e-03
8.132442235946655273e-01 -5.610448867082595825e-02 2.934845685958862305e-01 -3.239229023456573486e-01 -3.787646591663360596e-01 1.090053021907806396e-01 -4.054498970508575439e-01 -6.254826784133911133e-01
3.157455325126647949e-01 -4.976492375135421753e-02 2.965866327285766602e-01 3.658598661422729492e-01 5.148416757583618164e-01 3.664879873394966125e-02 -5.304734110832214355e-01 -6.467606127262115479e-02
5.370151996612548828e-01 -4.683247208595275879e-01 1.701589906588196754e-03 -6.152772903442382812e-01 2.742851376533508301e-01 -1.519161462783813477e-01 5.109689235687255859e-01 1.561523377895355225e-01
1.732252538204193115e-02 -3.126817345619201660e-01 -2.392606884241104126e-01 -1.915335506200790405e-01 -6.839543581008911133e-01 -8.488067239522933960e-02 -1.996413469314575195e-01 1.304124593734741211e-01
8.480145335197448730e-01 -4.159124493598937988e-01 -1.681711077690124512e-01 -3.407137393951416016e-01 4.409385323524475098e-01 1.227830946445465088e-01 -4.119726419448852539e-01 2.378723956644535065e-02
-6.998502612113952637e-01 -2.793405950069427490e-01 -3.051125109195709229e-01 -4.994432330131530762e-01 -1.072232201695442200e-01 7.423960138112306595e-03 -8.307007551193237305e-01 -1.452901661396026611e-01
-7.655968666076660156e-01 3.369708359241485596e-01 -1.700335264205932617e+00 3.750625252723693848e-01 1.444288641214370728e-01 2.294140495359897614e-02 -8.437976241111755371e-03 1.059582233428955078e-01
-7.793269157409667969e-01 -2.143367007374763489e-02 3.084875047206878662e-01 2.708738148212432861e-01 -4.596721008419990540e-02 -2.805987931787967682e-02 3.165512681007385254e-01 -1.432671993970870972e-01
1.055977821350097656e+00 5.975640416145324707e-01 9.948190450668334961e-01 2.874818742275238037e-01 4.257491827011108398e-01 -1.582578867673873901e-01 -7.328979671001434326e-02 -2.162324637174606323e-02
-1.181833744049072266e+00 4.789244234561920166e-01 -6.570790410041809082e-01 9.659611433744430542e-02 2.512128055095672607e-01 -7.108236849308013916e-02 2.319088727235794067e-01 -6.949716061353683472e-02
2.104665756225585938e+00 3.891092836856842041e-01 -9.674374014139175415e-02 -2.074025273323059082e-01 -2.393423914909362793e-01 -1.743216961622238159e-01 1.351270526647567749e-01 -2.208628356456756592e-01
-5.483253002166748047e-01 1.971739679574966431e-01 1.757830828428268433e-01 1.222703978419303894e-01 2.701169252395629883e-01 -9.669651091098785400e-02 2.026425302028656006e-01 -2.538738846778869629e-01
-6.582610607147216797e-01 4.449094533920288086e-01 3.895422816276550293e-02 1.916153877973556519e-01 -9.662193804979324341e-02 2.156279794871807098e-02 5.262384414672851562e-01 -5.973238348960876465e-01
-5.866613388061523438e-01 1.398103237152099609e-01 6.448406577110290527e-01 2.801244556903839111e-01 4.290924221277236938e-02 1.050698235630989075e-01 -4.878863692283630371e-01 2.477697879076004028e-01
-2.335816174745559692e-01 -2.101521752774715424e-02 -1.449772119522094727e+00 2.208229452371597290e-01 -2.215122431516647339e-02 -1.053469628095626831e-01 -5.698551535606384277e-01 2.773744761943817139e-01
3.784261941909790039e-01 -8.031495809555053711e-01 3.431391417980194092e-01 -6.548771262168884277e-01 -1.261666566133499146e-01 4.197939932346343994e-01 -4.069467186927795410e-01 -3.330582380294799805e-02
-3.469559252262115479e-01 2.030097842216491699e-01 -1.259569972753524780e-01 -1.067739576101303101e-01 1.405548602342605591e-01 -1.058507263660430908e-01 -1.617134734988212585e-02 2.534990780986845493e-04
-8.491524457931518555e-01 5.896403640508651733e-02 -1.049488306045532227e+00 2.349626719951629639e-01 7.659423351287841797e-02 9.126787781715393066e-01 1.227524224668741226e-02 -2.842761576175689697e-02
-1.725038290023803711e-01 -1.142264455556869507e-01 1.065059378743171692e-01 2.702652513980865479e-01 2.000443488359451294e-01 -3.251758590340614319e-02 -4.232355356216430664e-01 8.160933107137680054e-02
8.580448478460311890e-02 1.521344631910324097e-01 1.962601542472839355e-01 -2.250581234693527222e-01 -2.277023196220397949e-01 2.017886750400066376e-02 -1.485366374254226685e-01 7.645027339458465576e-02
-1.159161567687988281e+00 1.262100785970687866e-01 -8.800173401832580566e-01 3.384109735488891602e-01 -2.077097743749618530e-01 -7.451511174440383911e-02 2.639677822589874268e-01 -2.051076889038085938e-01
-1.999697834253311157e-01 6.314103603363037109e-01 5.957803130149841309e-01 3.901766836643218994e-01 1.380964666604995728e-01 1.879226714372634888e-01 3.778131604194641113e-01 -1.109957881271839142e-02
-2.809826750308275223e-03 -1.463612765073776245e-01 3.606196045875549316e-01 8.672982454299926758e-02 -4.270162284374237061e-01 -4.161229729652404785e-02 -4.278560727834701538e-02 -8.387834765017032623e-03
-3.136718571186065674e-01 2.154121696949005127e-01 -8.912331461906433105e-01 -3.749145865440368652e-01 2.321862727403640747e-01 -1.351969689130783081e-01 -2.987378835678100586e-01 1.530686914920806885e-01
2.724633738398551941e-02 2.267103455960750580e-02 -4.164277389645576477e-02 -7.319696247577667236e-02 1.895990781486034393e-02 2.430229075253009796e-02 -3.055220097303390503e-02 -1.393593754619359970e-02
-1.448490172624588013e-01 4.092140868306159973e-02 4.445862174034118652e-01 1.033426895737648010e-01 -4.456702619791030884e-02 -8.928238600492477417e-02 -1.754132956266403198e-01 -6.313458830118179321e-02
-6.197530627250671387e-01 1.156256571412086487e-01 3.526777401566505432e-02 2.106870263814926147e-01 5.176629498600959778e-02 6.004050374031066895e-01 -3.706666827201843262e-01 2.569592297077178955e-01
7.670150697231292725e-02 1.935729682445526123e-01 2.113747745752334595e-01 -2.446219921112060547e-01 -2.257442176342010498e-01 -3.193935006856918335e-02 -2.136746980249881744e-02 -1.736115105450153351e-02
2.003074139356613159e-01 -6.648846715688705444e-02 1.155217289924621582e-01 -1.248056739568710327e-01 -2.034395188093185425e-01 -1.980125671252608299e-03 -6.928988546133041382e-02 1.308829989284276962e-03
3.134476765990257263e-02 -5.402889847755432129e-01 -3.289461433887481689e-01 -5.762845873832702637e-01 -2.104526013135910034e-01 -1.106191202998161316e-01 -8.975577950477600098e-01 -3.117040358483791351e-02
4.620679616928100586e-01 1.021800562739372253e-01 5.856339931488037109e-01 -5.187127590179443359e-01 2.919552326202392578e-01 -1.880878061056137085e-01 -1.098822504281997681e-01 -3.267841786146163940e-02
-2.558818161487579346e-01 -1.712399423122406006e-01 3.196840882301330566e-01 -5.195097625255584717e-02 2.283931523561477661e-01 -2.773691117763519287e-01 -4.600541293621063232e-01 9.997223317623138428e-02
-3.032084405422210693e-01 2.586925625801086426e-01 3.731321692466735840e-01 4.562459886074066162e-01 -1.717495918273925781e-01 4.819023311138153076e-01 3.071850538253784180e-01 -9.420318156480789185e-02
-1.201440811157226562e+00 4.842484891414642334e-01 -4.099242091178894043e-01 6.360391378402709961e-01 3.373085707426071167e-02 1.993682384490966797e-01 4.302937984466552734e-01 2.069406211376190186e-02
-5.391618609428405762e-01 2.129031866788864136e-01 -9.999145865440368652e-01 3.586318194866180420e-01 7.799282670021057129e-02 1.434065103530883789e-01 -1.960196942090988159e-01 -1.053506806492805481e-01
8.243839740753173828e-01 -4.472129046916961670e-01 5.347947478294372559e-01 -5.914428830146789551e-01 -4.734610766172409058e-02 -1.988454163074493408e-01 4.155309498310089111e-02 -2.556401491165161133e-01
1.381137073040008545e-01 4.113965630531311035e-01 -7.431225776672363281e-01 -1.347714364528656006e-01 1.046480089426040649e-01 9.252544045448303223e-01 2.386391311883926392e-01 -2.863189578056335449e-01
4.749321341514587402e-01 -2.726553678512573242e-01 -1.418572012335062027e-02 -6.718579679727554321e-02 -2.061754465103149414e-01 1.169352307915687561e-01 -1.371432691812515259e-01 -1.732923835515975952e-02
5.676215887069702148e-01 -8.269199728965759277e-02 -7.689400911331176758e-01 8.022516220808029175e-02 -2.007022649049758911e-01 1.423294544219970703e-01 8.873709477484226227e-03 -1.086503714323043823e-01
-3.752303719520568848e-01 2.151093333959579468e-01 2.775513827800750732e-01 1.556853502988815308e-01 1.173035353422164917e-01 1.664591953158378601e-02 -2.383585274219512939e-01 3.686558827757835388e-02
1.901315301656723022e-01 -2.330707013607025146e-01 7.366162538528442383e-01 6.929180026054382324e-02 1.971081048250198364e-01 -2.007123678922653198e-01 -5.414230227470397949e-01 4.116803035140037537e-02
-5.398354530334472656e-01 2.593383789062500000e-01 -1.573428630828857422e+00 3.154687285423278809e-01 1.753085255622863770e-01 5.943770706653594971e-02 -1.304132025688886642e-02 7.054547220468521118e-02
2.747508883476257324e-01 -7.387985587120056152e-01 2.398516088724136353e-01 -8.027905225753784180e-01 2.287072502076625824e-02 -5.083931684494018555e-01 -4.205658137798309326e-01 5.011886358261108398e-02
-6.354880928993225098e-01 -6.111741065979003906e-01 -1.333910375833511353e-01 -8.109879493713378906e-01 4.410229623317718506e-01 3.505089879035949707e-01 -3.032588362693786621e-01 1.459643989801406860e-01
1.834559917449951172e+00 -1.476747691631317139e-01 -1.981494545936584473e+00 2.107564806938171387e-01 -1.533926248550415039e+00 -7.242050021886825562e-02 2.497248053550720215e-01 8.743935078382492065e-02
2.501056492328643799e-01 -1.678603440523147583e-01 6.204215437173843384e-02 -3.127111494541168213e-01 -9.961396455764770508e-01 -2.174758166074752808e-02 3.235704004764556885e-01 6.760171055793762207e-02
3.978526592254638672e-02 3.969167172908782959e-02 -4.233749508857727051e-01 -5.481688305735588074e-02 3.661479353904724121e-01 -6.523818708956241608e-03 2.985748462378978729e-03 -3.549546375870704651e-02
-1.604734063148498535e-01 7.982479780912399292e-02 -5.761974453926086426e-01 -2.144902944564819336e-01 -6.731824576854705811e-02 -1.162050850689411163e-02 -4.025723338127136230e-01 -4.808097705245018005e-02
1.585104316473007202e-01 1.199721265584230423e-02 -1.154994010925292969e+00 3.559599518775939941e-01 -1.106616631150245667e-01 3.623573780059814453e-01 -7.594446092844009399e-02 2.869182825088500977e-01
3.667746186256408691e-01 -6.034293770790100098e-01 -6.051810979843139648e-01 -2.818597257137298584e-01 -2.911972105503082275e-01 -1.333330273628234863e-01 -9.330013394355773926e-01 2.161949686706066132e-02
4.559503793716430664e-01 -3.943923413753509521e-01 -5.621247887611389160e-01 -9.477421641349792480e-01 -1.755229383707046509e-01 1.966580897569656372e-01 -1.018017888069152832e+00 -4.506482928991317749e-02
6.188734769821166992e-01 -8.075962662696838379e-01 -6.644546389579772949e-01 -5.457000732421875000e-01 4.995180293917655945e-02 -1.675182878971099854e-01 -9.003894329071044922e-01 -3.255126997828483582e-02
-8.028129339218139648e-01 1.253840625286102295e-01 -6.458901613950729370e-02 1.355690360069274902e-01 2.348375022411346436e-01 -1.835535839200019836e-02 2.690931260585784912e-01 -1.865226030349731445e-01
1.082668066024780273e+00 3.596729636192321777e-01 -1.328069567680358887e+00 4.903704226016998291e-01 -5.627627968788146973e-01 -1.225251778960227966e-01 -5.073017477989196777e-01 1.228339672088623047e-01
