5.595793128013610840e-01
1.373409386724233627e-02
1.077098101377487183e-01
2.364847660064697266e-01
-1.158598303794860840e+00
-7.817975878715515137e-01
-1.861325651407241821e-01
-2.420151084661483765e-01
-5.681329369544982910e-01
-5.797529816627502441e-01
2.486857622861862183e-01
-3.161886632442474365e-01
-1.481357216835021973e-01
-1.031903028488159180e-01
-3.461215272545814514e-02
4.660404622554779053e-01
-7.684621214866638184e-02
-7.807464003562927246e-01
-6.773886680603027344e-01
-9.617488384246826172e-01
-4.569329321384429932e-01
-1.183047890663146973e+00
-2.478259354829788208e-01
4.253536462783813477e-01
1.084322035312652588e-01
-4.973638057708740234e-01
-5.385925769805908203e-01
-1.728743612766265869e-01
7.115207314491271973e-01
2.647664248943328857e-01
-4.896233975887298584e-01
-1.195848703384399414e+00
-1.167852878570556641e-01
1.246912553906440735e-01
-5.480754375457763672e-02
-4.990693330764770508e-01
4.287371635437011719e-01
-9.358368813991546631e-02
5.824398994445800781e-02
3.752547800540924072e-01
-1.011046528816223145e+00
4.412893578410148621e-02
1.929995864629745483e-01
-5.800217986106872559e-01
2.932504117488861084e-01
2.245572507381439209e-01
8.050406575202941895e-01
3.669126033782958984e-01
1.691642105579376221e-01
3.613483905792236328e-01
-6.122732758522033691e-01
9.124651551246643066e-02
-5.376609563827514648e-01
1.499824076890945435e-01
-4.493800997734069824e-01
-3.841014802455902100e-01
-4.493751376867294312e-02
2.908456325531005859e-01
-6.919344663619995117e-01
7.504200339317321777e-01
8.308054804801940918e-01
1.078622102737426758e+00
-7.448129653930664062e-01
-5.795878767967224121e-01
