4.674633145332336426e-01
1.266197562217712402e-01
6.102785468101501465e-01
-3.864341676235198975e-01
-1.917243935167789459e-02
7.630995512008666992e-01
6.823520660400390625e-01
8.178735524415969849e-02
1.928799599409103394e-01
6.488178968429565430e-01
4.216475486755371094e-01
5.699919462203979492e-01
3.740623593330383301e-01
1.799227148294448853e-01
5.272793173789978027e-01
7.518330216407775879e-01
3.850046098232269287e-01
4.870347976684570312e-01
5.649254322052001953e-01
7.317653894424438477e-01
-2.570765316486358643e-01
4.640221297740936279e-01
2.525769174098968506e-01
6.293255686759948730e-01
-3.438098728656768799e-01
2.874608933925628662e-01
1.470852941274642944e-01
6.316378712654113770e-01
2.640594840049743652e-01
2.010276615619659424e-01
1.469249129295349121e-01
5.941056013107299805e-01
