2.976940572261810303e-01 -7.052039355039596558e-02 -4.565984308719635010e-01 -9.838213920593261719e-01 -1.165706157684326172e+00 -3.974720835685729980e-01 -6.260740011930465698e-02 3.371853828430175781e-01 -1.728994548320770264e-01 -2.778891623020172119e-01 1.245606131851673126e-02 2.978919148445129395e-01 -1.057134643197059631e-01 -2.196332626044750214e-02 2.396453320980072021e-01 4.299489557743072510e-01 -1.757252514362335205e-01 2.755994498729705811e-01 4.266523420810699463e-01 -9.951133728027343750e-01 -1.839964091777801514e-01 1.302628159523010254e+00 3.719754219055175781e-01 4.163627028465270996e-01 -7.828781008720397949e-02 -3.208431005477905273e-01 -1.145288646221160889e-01 -3.241742551326751709e-01 2.602682709693908691e-01 1.506305038928985596e-01 1.000966802239418030e-01 -1.890244185924530029e-01 -7.792111486196517944e-02 2.208835072815418243e-02 3.065990656614303589e-02 2.778684347867965698e-02 2.663718461990356445e-01 3.853012342005968094e-03 -4.657851159572601318e-02 3.368328213691711426e-01 -2.231344729661941528e-01 2.846028208732604980e-01 1.948653603903949261e-03 4.971245527267456055e-01 -1.532146930694580078e-01 -5.166994333267211914e-01 -2.751391008496284485e-02 -6.339032202959060669e-02 -2.780366688966751099e-02 2.326767593622207642e-01 2.956732511520385742e-01 -1.461186408996582031e-01 -3.682151734828948975e-01 3.083706498146057129e-01 -4.881747961044311523e-01 -4.058024883270263672e-01 6.396578252315521240e-02 1.793708838522434235e-02 -3.164553642272949219e-01 5.459065437316894531e-01 5.180231928825378418e-01 5.803810358047485352e-01 5.258851647377014160e-01 -4.617857336997985840e-01
-3.041404485702514648e-01 -5.109522938728332520e-01 6.624530255794525146e-02 -2.581100702285766602e+00 -8.176071047782897949e-01 -3.848401904106140137e-01 1.980616003274917603e-01 2.847232520580291748e-01 -4.876830577850341797e-01 -1.615495562553405762e+00 3.255681321024894714e-02 3.670864105224609375e-01 -4.038430154323577881e-01 -2.882290482521057129e-01 3.087183833122253418e-01 3.268503248691558838e-01 3.458405435085296631e-01 -2.095374584197998047e+00 -8.886992931365966797e-01 1.404436111450195312e+00 3.591095805168151855e-01 3.479662537574768066e-01 3.612048327922821045e-01 1.101397871971130371e-01 -1.539150178432464600e-01 -1.887537240982055664e+00 1.495814472436904907e-01 4.325180947780609131e-01 1.858785450458526611e-01 -1.931396126747131348e-01 1.527203321456909180e-01 -1.098572254180908203e+00 -3.586619347333908081e-02 5.089143291115760803e-02 -3.169422596693038940e-02 2.093175053596496582e-01 2.288966327905654907e-01 -8.897866122424602509e-03 4.924474656581878662e-02 2.730686776340007782e-02 -3.715595901012420654e-01 -1.069902256131172180e-01 5.266771912574768066e-01 7.210050821304321289e-01 -4.140281304717063904e-02 -2.480625629425048828e+00 3.000820875167846680e-01 -5.077625066041946411e-02 2.662189304828643799e-01 2.833887636661529541e-01 -8.413972333073616028e-03 9.230669587850570679e-02 -1.620340943336486816e+00 -2.867602705955505371e-01 1.869279146194458008e-01 -4.906744658946990967e-01 -2.407693490386009216e-02 -1.466625034809112549e-01 1.981829702854156494e-01 -2.528165280818939209e-01 3.101252615451812744e-01 -7.920611649751663208e-03 -1.310937762260437012e+00 8.953116089105606079e-02
4.718758165836334229e-01 -2.500777840614318848e-01 -2.518380284309387207e-01 -7.890876531600952148e-01 -1.159743428230285645e+00 -6.543040275573730469e-01 -2.801895439624786377e-01 4.317517876625061035e-01 -1.381482928991317749e-01 -2.080225348472595215e-01 3.623396158218383789e-02 2.274503111839294434e-01 -1.919924020767211914e-01 -1.038993746042251587e-01 6.222349777817726135e-02 3.530274033546447754e-01 -2.400365322828292847e-01 2.550188004970550537e-01 5.719787478446960449e-01 -1.054972529411315918e+00 -2.728860378265380859e-01 1.323145031929016113e+00 2.333303838968276978e-01 4.598779380321502686e-01 -2.880007922649383545e-01 -5.188660621643066406e-01 -5.271224677562713623e-02 -4.217552244663238525e-01 1.682410240173339844e-01 1.004770621657371521e-01 1.669782251119613647e-01 -1.222046837210655212e-01 4.134091362357139587e-02 -1.740052402019500732e-01 -5.338057130575180054e-02 6.406785547733306885e-02 2.328853160142898560e-01 1.093738600611686707e-01 7.559578120708465576e-02 2.056664079427719116e-01 -2.898578047752380371e-01 2.988066673278808594e-01 1.080200821161270142e-01 5.326147675514221191e-01 -7.453843206167221069e-02 -2.301678657531738281e-01 -2.307364344596862793e-01 -4.189989715814590454e-02 -1.011738926172256470e-01 1.476096659898757935e-01 3.616906404495239258e-01 -1.322504580020904541e-01 -5.658896565437316895e-01 5.521599650382995605e-01 -3.633783757686614990e-01 -5.310401916503906250e-01 7.475415617227554321e-02 1.627098955214023590e-02 -2.176878154277801514e-01 4.866484701633453369e-01 3.308903574943542480e-01 4.312125146389007568e-01 5.042426586151123047e-01 -5.134022235870361328e-01
6.824545264244079590e-01 1.655350029468536377e-01 -1.643759906291961670e-01 -5.647845268249511719e-01 -2.084322571754455566e-01 2.889857999980449677e-02 1.256916970014572144e-01 -4.329025447368621826e-01 3.962337374687194824e-01 -2.329429149627685547e+00 6.336407363414764404e-02 -5.444592833518981934e-01 -4.333069622516632080e-01 1.749544143676757812e-01 -9.669153094291687012e-01 1.903179138898849487e-01 6.217303872108459473e-01 -8.107824921607971191e-01 -2.637747764587402344e+00 5.040740966796875000e-02 1.909106969833374023e-01 -1.515436768531799316e-01 -1.851427368819713593e-02 -3.776500746607780457e-02 6.546682864427566528e-02 -1.343313813209533691e+00 2.226091474294662476e-01 6.471418738365173340e-01 -2.414354085922241211e-01 -1.004809066653251648e-01 2.533310055732727051e-01 2.236448526382446289e-01 7.946103066205978394e-02 2.278676033020019531e-01 -1.009283959865570068e-01 -9.580577164888381958e-02 -2.423098683357238770e-02 -1.410262733697891235e-01 -1.697911918163299561e-01 2.377033680677413940e-01 -1.005599647760391235e-01 -2.512311376631259918e-02 -2.934721112251281738e-02 4.570129811763763428e-01 2.299036532640457153e-01 -5.994758009910583496e-01 1.155557483434677124e-01 -1.622001528739929199e-01 -7.699223756790161133e-01 -9.337882697582244873e-02 -4.051083326339721680e-01 5.122708678245544434e-01 -6.160676479339599609e-01 1.852504909038543701e-01 9.681885242462158203e-01 5.604408383369445801e-01 -3.174683451652526855e-02 2.308735847473144531e-01 3.457909524440765381e-01 3.693853914737701416e-01 2.246392332017421722e-02 2.539699077606201172e-01 -8.769747018814086914e-01 -5.391231179237365723e-01
-2.375031821429729462e-02 1.474975943565368652e-01 2.785271108150482178e-01 5.669715404510498047e-01 1.319604635238647461e+00 2.841540575027465820e-01 1.539506763219833374e-01 5.733376145362854004e-01 -1.142428629100322723e-02 -1.708476394414901733e-01 7.227015495300292969e-02 -9.455908089876174927e-02 -4.050039127469062805e-02 5.773232504725456238e-02 4.800493717193603516e-01 3.890933096408843994e-01 3.063824176788330078e-01 5.027097463607788086e-02 -8.890110254287719727e-01 1.223684191703796387e+00 1.972710192203521729e-01 -9.547304511070251465e-01 1.336362063884735107e-01 8.088368177413940430e-02 5.113616585731506348e-01 1.872463375329971313e-01 4.020936787128448486e-02 3.444689810276031494e-01 8.291196823120117188e-02 6.747678667306900024e-02 6.382559984922409058e-02 -9.751152992248535156e-01 1.168727651238441467e-01 1.351448893547058105e-01 -5.864521861076354980e-02 8.805432170629501343e-02 -8.687531948089599609e-02 -1.756805181503295898e-02 7.802905887365341187e-02 4.076890647411346436e-01 1.666580796241760254e+00 3.525280579924583435e-02 1.200735569000244141e-02 -1.495129019021987915e-01 3.774861693382263184e-01 3.603661060333251953e-01 1.210341602563858032e-01 1.245040372014045715e-01 1.450752466917037964e-01 8.827669918537139893e-02 -4.586943611502647400e-02 1.475226134061813354e-01 1.484365612268447876e-01 8.250728994607925415e-02 3.491657078266143799e-01 2.423010319471359253e-01 -4.979985207319259644e-02 1.650125905871391296e-02 1.750298738479614258e-01 4.198904931545257568e-01 6.167857050895690918e-01 6.826007366180419922e-01 -1.971496194601058960e-01 2.721602022647857666e-01
4.711748361587524414e-01 -1.640683859586715698e-01 -2.628442645072937012e-01 -7.638676166534423828e-01 -1.121885418891906738e+00 -6.017343401908874512e-01 -8.886294066905975342e-02 4.345202445983886719e-01 -1.327544897794723511e-01 -1.879326552152633667e-01 2.225706130266189575e-01 1.072153970599174500e-01 -1.914732754230499268e-01 -1.067840829491615295e-01 1.581086963415145874e-01 4.402184486389160156e-01 -3.255598545074462891e-01 3.677969574928283691e-01 3.688669502735137939e-01 -1.047661066055297852e+00 -3.612177073955535889e-01 1.414644122123718262e+00 3.975386321544647217e-01 3.871566355228424072e-01 -7.991324365139007568e-02 -4.457705020904541016e-01 3.811564296483993530e-02 -1.980498731136322021e-01 4.069137573242187500e-01 2.076541781425476074e-01 1.635067313909530640e-01 -2.929584085941314697e-01 1.046833693981170654e-01 6.885863095521926880e-02 8.530444651842117310e-02 8.729566633701324463e-02 2.691389918327331543e-01 -1.532488875091075897e-02 -2.332919463515281677e-02 3.404876887798309326e-01 -2.760367393493652344e-01 3.570586442947387695e-01 1.830951869487762451e-01 5.093194842338562012e-01 -2.489547282457351685e-01 -3.911422491073608398e-01 -1.680456548929214478e-01 1.212044209241867065e-01 -4.058648191858083010e-04 2.918838262557983398e-01 2.559624016284942627e-01 -2.111098915338516235e-01 -5.379343628883361816e-01 4.574248194694519043e-01 -5.065051317214965820e-01 -4.652538895606994629e-01 4.978550598025321960e-02 1.836940646171569824e-01 -2.350733131170272827e-01 5.484315156936645508e-01 4.354785978794097900e-01 6.391763687133789062e-01 6.170497536659240723e-01 -3.822216093540191650e-01
4.598520994186401367e-01 -8.260354399681091309e-02 -4.099037349224090576e-01 -7.173074483871459961e-01 -1.093941688537597656e+00 -5.289856195449829102e-01 -7.900898158550262451e-02 3.749562799930572510e-01 -3.318847715854644775e-02 -1.691899746656417847e-01 2.689210772514343262e-01 1.534567177295684814e-01 -6.742419302463531494e-02 4.818096384406089783e-02 2.181091159582138062e-01 3.941213488578796387e-01 -2.014372348785400391e-01 2.690982818603515625e-01 3.538300693035125732e-01 -1.014262914657592773e+00 -3.239903151988983154e-01 1.288105249404907227e+00 3.900245726108551025e-01 4.858272075653076172e-01 -2.135457247495651245e-01 -4.839627146720886230e-01 6.871071457862854004e-02 -1.689851284027099609e-01 4.184795916080474854e-01 2.383325546979904175e-01 1.836998909711837769e-01 -2.876831889152526855e-01 9.967424720525741577e-02 4.754015803337097168e-02 7.817030698060989380e-02 1.101654544472694397e-01 2.454329580068588257e-01 -2.816387079656124115e-02 -1.365483738481998444e-02 4.168089330196380615e-01 -2.358350157737731934e-01 2.732020020484924316e-01 1.722289472818374634e-01 3.645852208137512207e-01 -1.608801633119583130e-01 -3.026888072490692139e-01 -1.870089322328567505e-01 8.911547251045703888e-03 1.708222925662994385e-02 3.501557111740112305e-01 2.041229456663131714e-01 -7.353127002716064453e-02 -4.806669354438781738e-01 5.702339410781860352e-01 -5.373014211654663086e-01 -4.595424532890319824e-01 -1.125525403767824173e-02 5.749972164630889893e-02 -1.659038513898849487e-01 5.733677148818969727e-01 4.832513630390167236e-01 4.441464543342590332e-01 7.298295497894287109e-01 -4.396692216396331787e-01
-6.552635431289672852e-01 2.089100480079650879e-01 6.851351857185363770e-01 8.459429144859313965e-01 1.483807802200317383e+00 6.774814724922180176e-01 6.023603677749633789e-01 -1.956806629896163940e-01 1.368882060050964355e-01 -6.899680495262145996e-01 1.147546291351318359e+00 2.382375299930572510e-01 5.685995817184448242e-01 6.440985947847366333e-02 -1.027850508689880371e+00 -1.134770289063453674e-01 5.755727887153625488e-01 -3.674523234367370605e-01 -8.274205923080444336e-01 -2.876498460769653320e+00 4.873419404029846191e-01 -2.889752626419067383e+00 -2.982758879661560059e-01 -3.708582604303956032e-03 6.765707135200500488e-01 3.850068449974060059e-01 -2.784806303679943085e-02 3.045466169714927673e-02 -1.007279660552740097e-02 -3.380344808101654053e-02 2.589176595211029053e-01 -1.264995098114013672e+00 1.581590063869953156e-02 4.395513832569122314e-01 -7.426022738218307495e-02 1.576869338750839233e-01 3.768090531229972839e-02 4.179871827363967896e-02 6.951110810041427612e-02 -2.631350159645080566e-01 1.151146925985813141e-02 -1.796222776174545288e-01 6.257414817810058594e-02 -1.005269289016723633e+00 5.590654015541076660e-01 1.108240246772766113e+00 4.438477754592895508e-01 2.319804430007934570e-01 1.133779883384704590e-01 -6.500315666198730469e-02 -2.380837313830852509e-02 4.928039312362670898e-01 2.452419251203536987e-01 -2.677709162235260010e-01 -4.123696684837341309e-01 1.675798892974853516e-01 5.323157086968421936e-02 2.846132516860961914e-01 5.908416509628295898e-01 -3.234902024269104004e-01 -2.579839825630187988e-01 -4.506197273731231689e-01 -1.008070945739746094e+00 5.129268169403076172e-01
1.342491656541824341e-01 -1.345365494489669800e-01 9.135798364877700806e-02 3.671578764915466309e-01 4.119541943073272705e-01 1.693332642316818237e-01 1.449892073869705200e-01 6.714921593666076660e-01 1.517893075942993164e-01 -6.193245649337768555e-01 3.693220019340515137e-02 -9.068846702575683594e-02 4.310289770364761353e-02 2.263249158859252930e-01 -7.068663835525512695e-01 4.492408633232116699e-01 2.751139700412750244e-01 6.080982461571693420e-02 -1.102953672409057617e+00 1.158796548843383789e+00 1.724472492933273315e-01 -9.696697592735290527e-01 9.625876694917678833e-02 1.228507608175277710e-01 2.796899378299713135e-01 -2.062787860631942749e-01 4.511260613799095154e-02 4.134006202220916748e-01 3.238224089145660400e-01 1.643568426370620728e-01 1.787226051092147827e-01 -1.423320531845092773e+00 -1.142625063657760620e-01 4.854882508516311646e-02 1.241582185029983521e-01 -9.359563142061233521e-02 2.229076810181140900e-02 1.096238475292921066e-02 7.069237530231475830e-02 4.270322918891906738e-01 -3.260227441787719727e-01 3.511310741305351257e-02 9.547785669565200806e-02 -2.740640044212341309e-01 2.078257650136947632e-01 5.639136955142021179e-02 4.809305369853973389e-01 2.645227685570716858e-02 2.169548273086547852e-01 1.333150565624237061e-01 -2.644474506378173828e-01 2.475671768188476562e-01 3.028638660907745361e-01 6.764939753338694572e-04 3.909799754619598389e-01 2.038972824811935425e-02 -1.237594708800315857e-01 1.400207579135894775e-01 1.232409700751304626e-01 4.158310890197753906e-01 4.770570695400238037e-01 7.648457884788513184e-01 -4.110051668249070644e-04 4.541437923908233643e-01
3.916141986846923828e-01 -2.560950517654418945e-01 -4.027694463729858398e-01 -8.504303097724914551e-01 -1.156220197677612305e+00 -5.335487127304077148e-01 -1.934387683868408203e-01 4.158829152584075928e-01 -9.982219897210597992e-03 -9.126047790050506592e-02 1.312175393104553223e-01 3.442479074001312256e-01 -1.150455772876739502e-01 3.746658191084861755e-02 3.295449018478393555e-01 5.463853478431701660e-01 -3.460957109928131104e-01 3.802938163280487061e-01 4.182398617267608643e-01 -1.054930329322814941e+00 -2.927803993225097656e-01 1.475697398185729980e+00 3.961829841136932373e-01 4.019009172916412354e-01 -8.710160106420516968e-02 -5.210644602775573730e-01 -2.722217328846454620e-02 -3.899992406368255615e-01 2.293614149093627930e-01 9.776087850332260132e-02 2.041897177696228027e-01 -2.905702590942382812e-01 -3.397790016606450081e-03 -7.177005708217620850e-02 1.077779307961463928e-01 3.341852128505706787e-02 4.357931911945343018e-01 9.237568080425262451e-02 4.609264805912971497e-02 3.787578642368316650e-01 -1.441245228052139282e-01 2.552641034126281738e-01 2.795466184616088867e-01 3.757545948028564453e-01 -2.323972135782241821e-01 -3.444883823394775391e-01 -3.412604331970214844e-02 1.917516738176345825e-01 1.562432944774627686e-01 2.897981107234954834e-01 2.825874388217926025e-01 -1.627626270055770874e-01 -4.235064685344696045e-01 5.160909295082092285e-01 -4.011932611465454102e-01 -4.589616060256958008e-01 8.005970716476440430e-02 1.711910814046859741e-01 -2.473285347223281860e-01 4.494142830371856689e-01 6.439952254295349121e-01 4.528701007366180420e-01 5.239885449409484863e-01 -5.057196021080017090e-01
3.723658025264739990e-01 -9.611450880765914917e-02 -4.628645479679107666e-01 -7.842635512351989746e-01 -1.142231225967407227e+00 -5.513619184494018555e-01 -1.945300549268722534e-01 3.727650940418243408e-01 -7.396752387285232544e-02 -1.159422919154167175e-01 1.388882193714380264e-02 1.303182393312454224e-01 -2.722094357013702393e-01 1.212425306439399719e-01 2.566730678081512451e-01 2.551151812076568604e-01 -2.324886620044708252e-01 1.781745553016662598e-01 3.914074003696441650e-01 -1.038124084472656250e+00 -2.253762334585189819e-01 1.309779882431030273e+00 2.715353965759277344e-01 3.293765187263488770e-01 -5.517351999878883362e-02 -4.121186733245849609e-01 -1.197501793503761292e-01 -2.716332674026489258e-01 2.334089428186416626e-01 1.231480911374092102e-01 1.361909657716751099e-01 -2.399151623249053955e-01 -1.240068580955266953e-02 6.089111417531967163e-02 -1.048925295472145081e-01 -7.015379518270492554e-02 1.421153396368026733e-01 7.158686965703964233e-02 1.100516319274902344e-02 3.936831057071685791e-01 -1.804193109273910522e-01 1.205804795026779175e-01 1.530079394578933716e-01 4.483887553215026855e-01 -5.757102742791175842e-02 -4.812608361244201660e-01 -9.811157733201980591e-02 6.749185919761657715e-02 5.752893164753913879e-02 1.833680719137191772e-01 2.673870027065277100e-01 -9.687308967113494873e-02 -4.966911077499389648e-01 4.302609562873840332e-01 -3.490320742130279541e-01 -2.331125140190124512e-01 -1.049100458621978760e-01 -3.668622300028800964e-02 -1.740749329328536987e-01 5.340024232864379883e-01 2.991490364074707031e-01 5.073317289352416992e-01 4.628432393074035645e-01 -4.367474615573883057e-01
3.600744307041168213e-01 -1.585416048765182495e-01 -3.527621328830718994e-01 -9.119861125946044922e-01 -1.131157636642456055e+00 -4.903064370155334473e-01 -9.834153950214385986e-02 4.572462737560272217e-01 -3.956218808889389038e-02 -7.326707243919372559e-02 2.000472545623779297e-01 1.967905759811401367e-01 -1.699692159891128540e-01 9.936925023794174194e-02 2.087549418210983276e-01 5.134409070014953613e-01 -1.897278726100921631e-01 3.741434812545776367e-01 3.360951840877532959e-01 -1.083425045013427734e+00 -2.830428779125213623e-01 1.388832807540893555e+00 1.893995702266693115e-01 3.069725036621093750e-01 -1.332241445779800415e-01 -3.543192446231842041e-01 -5.717949010431766510e-03 -3.589192926883697510e-01 2.186057269573211670e-01 2.265901863574981689e-01 1.461427956819534302e-01 -2.667959332466125488e-01 -5.491617601364850998e-03 2.897778525948524475e-02 1.256096512079238892e-01 7.059933990240097046e-02 2.474906444549560547e-01 -6.953082513064146042e-03 9.139057248830795288e-02 3.312787413597106934e-01 -1.722180992364883423e-01 1.481032967567443848e-01 1.946101039648056030e-01 3.699735105037689209e-01 -1.085282191634178162e-01 -4.351038336753845215e-01 1.732967793941497803e-02 1.764257401227951050e-01 8.273880928754806519e-02 1.945179551839828491e-01 2.504792213439941406e-01 -4.555954039096832275e-02 -5.825023055076599121e-01 3.794541060924530029e-01 -3.604177832603454590e-01 -2.586980462074279785e-01 -9.180959314107894897e-02 1.099927499890327454e-01 -1.439261734485626221e-01 5.334733724594116211e-01 5.307762026786804199e-01 4.173119366168975830e-01 5.353597402572631836e-01 -4.494798183441162109e-01
1.909148842096328735e-01 -7.081050425767898560e-02 5.296862218528985977e-04 3.898540735244750977e-01 -1.011288881301879883e+00 1.630140691995620728e-01 2.342929691076278687e-01 6.969850063323974609e-01 1.980239599943161011e-01 -6.507282853126525879e-01 3.081488609313964844e-01 -9.340976923704147339e-02 4.371865093708038330e-02 2.267839312553405762e-01 -5.637942552566528320e-01 3.532882630825042725e-01 2.199612855911254883e-01 -1.119471639394760132e-01 -1.247086882591247559e+00 1.069094419479370117e+00 2.633532881736755371e-01 -1.890121817588806152e+00 1.715323030948638916e-01 7.409000396728515625e-02 2.094984799623489380e-01 -5.419873073697090149e-02 -4.293547570705413818e-02 3.360857963562011719e-01 3.359353840351104736e-01 2.601787745952606201e-01 1.432627886533737183e-01 -1.905514121055603027e+00 -4.607170447707176208e-02 1.280375570058822632e-02 -6.619243323802947998e-02 -2.155296504497528076e-01 1.089494973421096802e-01 -4.731296375393867493e-02 5.066651478409767151e-02 5.851379632949829102e-01 -7.648885250091552734e-01 2.216375470161437988e-01 -2.506219223141670227e-02 5.727059394121170044e-02 1.875427067279815674e-01 7.468696683645248413e-02 7.228459119796752930e-01 3.063184618949890137e-01 1.380501985549926758e-01 1.190924122929573059e-01 -4.123581349849700928e-01 2.472066730260848999e-01 2.627653181552886963e-01 -2.241907268762588501e-01 3.408256173133850098e-01 -9.771001338958740234e-02 3.867256268858909607e-02 2.593975067138671875e-01 2.048566341400146484e-01 5.867467522621154785e-01 6.850394010543823242e-01 9.073058366775512695e-01 -2.057762891054153442e-01 4.069754779338836670e-01
1.778929829597473145e-01 1.064422056078910828e-01 3.285492360591888428e-01 5.832521915435791016e-01 -8.270076513290405273e-01 2.926123142242431641e-01 1.273254007101058960e-01 4.905350208282470703e-01 8.065222203731536865e-02 -3.390878438949584961e-01 1.274895966053009033e-01 -9.285674244165420532e-02 -4.242947325110435486e-02 1.249514073133468628e-01 8.635404706001281738e-01 3.971655368804931641e-01 1.488932669162750244e-01 1.495765801519155502e-02 -1.200753092765808105e+00 1.165958642959594727e+00 1.235059723258018494e-01 -1.177327752113342285e+00 2.417345046997070312e-01 -6.334059685468673706e-02 2.254347205162048340e-01 4.210633635520935059e-01 -5.597921833395957947e-02 3.625363111495971680e-01 3.786766901612281799e-02 1.930615305900573730e-01 1.821886599063873291e-01 -1.009671926498413086e+00 1.428719162940979004e-01 2.926924526691436768e-01 -3.668794035911560059e-02 5.140697956085205078e-02 1.666511148214340210e-01 1.926336288452148438e-01 1.732498705387115479e-01 6.406478285789489746e-01 1.718608140945434570e+00 2.156153917312622070e-01 -1.784340851008892059e-02 2.247176170349121094e-01 3.916227519512176514e-01 7.371867448091506958e-02 1.886796504259109497e-01 1.826164573431015015e-01 1.050607711076736450e-01 1.731059253215789795e-01 -2.158000469207763672e-01 2.257117331027984619e-01 3.706539571285247803e-01 6.312999129295349121e-02 2.070386260747909546e-01 1.182834208011627197e-01 -4.146494902670383453e-03 -5.252232309430837631e-03 1.419122815132141113e-01 3.149391114711761475e-01 6.691898703575134277e-01 8.265498280525207520e-01 -2.568450570106506348e-01 -2.264797501266002655e-02
4.433253109455108643e-01 -9.379340708255767822e-02 -2.925994396209716797e-01 -8.257577419281005859e-01 -1.174242377281188965e+00 -4.766910672187805176e-01 -9.323677420616149902e-02 3.917075097560882568e-01 -8.037357032299041748e-02 -9.311551600694656372e-02 1.730172708630561829e-02 2.768785953521728516e-01 -3.847884386777877808e-02 -8.565558493137359619e-02 1.449344605207443237e-01 4.225368499755859375e-01 -1.419055908918380737e-01 1.830182373523712158e-01 3.657777309417724609e-01 -1.087509036064147949e+00 -2.444006502628326416e-01 1.479964137077331543e+00 3.212093412876129150e-01 3.968839347362518311e-01 -9.763180464506149292e-02 -4.259174466133117676e-01 6.615875661373138428e-02 -1.943104565143585205e-01 2.006419152021408081e-01 1.112256199121475220e-02 3.041563332080841064e-01 -1.160262301564216614e-01 9.337512403726577759e-02 -5.191105976700782776e-02 5.021595582365989685e-02 1.421409845352172852e-01 3.706410825252532959e-01 -2.930160798132419586e-02 6.730356812477111816e-02 3.991718292236328125e-01 -3.087216615676879883e-01 1.166869923472404480e-01 8.473652601242065430e-02 4.959354698657989502e-01 -1.947850137948989868e-01 -2.291793972253799438e-01 -5.643559247255325317e-02 1.148992851376533508e-01 -4.246774688363075256e-02 2.590996921062469482e-01 2.993831634521484375e-01 -1.048028320074081421e-01 -5.209138989448547363e-01 4.224236905574798584e-01 -4.761913120746612549e-01 -3.915679156780242920e-01 -6.200981512665748596e-02 7.287122309207916260e-02 -3.067869842052459717e-01 5.666651725769042969e-01 4.524069726467132568e-01 4.234062731266021729e-01 5.197513103485107422e-01 -5.225086212158203125e-01
3.000019192695617676e-01 -2.486914098262786865e-01 -3.488881886005401611e-01 -8.881618976593017578e-01 -1.158266425132751465e+00 -7.208611369132995605e-01 -1.548822820186614990e-01 3.697338998317718506e-01 -1.061654090881347656e-01 -1.419465541839599609e-01 3.785771131515502930e-02 3.541775643825531006e-01 -2.104931473731994629e-01 -4.017795994877815247e-02 2.424538284540176392e-01 4.133214652538299561e-01 -2.921994924545288086e-01 2.400564402341842651e-01 4.869218468666076660e-01 -1.129333734512329102e+00 -2.753078937530517578e-01 1.319982171058654785e+00 2.206716537475585938e-01 3.168934583663940430e-01 -1.247438788414001465e-01 -3.211001455783843994e-01 -1.099847406148910522e-01 -3.568333089351654053e-01 3.290804326534271240e-01 1.140027716755867004e-01 2.842952907085418701e-01 -2.616792321205139160e-01 -7.798812352120876312e-03 -8.559586852788925171e-02 1.849097199738025665e-03 1.319050490856170654e-01 4.526927471160888672e-01 -8.543393760919570923e-02 7.423496246337890625e-02 2.990420758724212646e-01 -1.784539669752120972e-01 2.695012092590332031e-01 4.251678660511970520e-02 5.403870940208435059e-01 -1.395547688007354736e-01 -4.144064188003540039e-01 -1.865628957748413086e-01 2.091295570135116577e-01 -6.873804330825805664e-02 2.263341546058654785e-01 3.358896374702453613e-01 -1.674738228321075439e-01 -3.642309308052062988e-01 5.441877841949462891e-01 -3.614434301853179932e-01 -5.567353963851928711e-01 -3.094677440822124481e-02 1.983106881380081177e-01 -2.609311044216156006e-01 5.903371572494506836e-01 5.219744443893432617e-01 6.433809995651245117e-01 7.288010716438293457e-01 -4.307319521903991699e-01
1.314544975757598877e-01 8.741234987974166870e-02 -6.374470423907041550e-03 3.782994747161865234e-01 -7.445578575134277344e-01 5.972904711961746216e-02 3.767288476228713989e-02 6.708264946937561035e-01 5.691257864236831665e-02 -7.456498742103576660e-01 1.090308725833892822e-01 -1.389133930206298828e-01 1.245921105146408081e-01 8.702361583709716797e-02 -6.336794495582580566e-01 3.998852372169494629e-01 3.354568481445312500e-01 -7.839881628751754761e-02 -1.102520227432250977e+00 1.038830280303955078e+00 2.327871024608612061e-01 -1.845210313796997070e+00 1.276604831218719482e-01 2.768211998045444489e-02 3.096034526824951172e-01 -3.109222054481506348e-01 -1.377435028553009033e-01 5.284476280212402344e-01 2.838446199893951416e-01 7.588836550712585449e-02 1.434821784496307373e-01 -1.628042697906494141e+00 7.244911044836044312e-02 6.878045946359634399e-02 1.020912528038024902e-01 -2.206006199121475220e-01 1.565547883510589600e-01 -7.349412888288497925e-02 -1.141600217670202255e-02 6.171288490295410156e-01 -4.799869656562805176e-01 1.069240644574165344e-01 -3.816167637705802917e-02 -7.849042303860187531e-03 2.295173555612564087e-01 1.058304235339164734e-01 6.434167623519897461e-01 1.592953950166702271e-01 2.062597274780273438e-01 2.174112647771835327e-01 -2.854748964309692383e-01 1.140541955828666687e-01 3.716670870780944824e-01 -9.529017657041549683e-02 3.366687893867492676e-01 4.572570323944091797e-03 4.946414381265640259e-02 1.608571261167526245e-01 1.647915244102478027e-01 5.658990740776062012e-01 6.137250661849975586e-01 9.233891963958740234e-01 -3.550130128860473633e-01 4.207748770713806152e-01
4.808686971664428711e-01 -7.555210590362548828e-02 -4.385532438755035400e-01 -9.087460041046142578e-01 -1.165719866752624512e+00 -5.738689899444580078e-01 -2.992469668388366699e-01 3.417321145534515381e-01 4.225355107337236404e-03 -8.121573925018310547e-02 1.969848871231079102e-01 2.175021022558212280e-01 -9.675619751214981079e-02 9.057763963937759399e-02 1.965995877981185913e-01 3.257349431514739990e-01 -2.577924728393554688e-01 3.307222425937652588e-01 3.175252974033355713e-01 -1.152173638343811035e+00 -1.144545376300811768e-01 1.432723402976989746e+00 1.827205568552017212e-01 3.976971507072448730e-01 -1.298893988132476807e-01 -4.396547675132751465e-01 3.954542428255081177e-02 -3.796252310276031494e-01 3.376872837543487549e-01 1.419981718063354492e-01 1.658116579055786133e-01 -2.662712633609771729e-01 -1.108759716153144836e-01 -1.620223224163055420e-01 -2.098081633448600769e-02 1.250150352716445923e-01 3.455241620540618896e-01 -7.595197111368179321e-02 -7.445064932107925415e-02 4.078172147274017334e-01 -1.708087325096130371e-01 9.129782766103744507e-02 3.718473389744758606e-02 4.703094363212585449e-01 -1.457736939191818237e-01 -4.018003642559051514e-01 -1.212205588817596436e-01 1.200220510363578796e-01 -2.385347336530685425e-02 2.290355265140533447e-01 2.851269841194152832e-01 -1.260271668434143066e-01 -5.742367506027221680e-01 5.164583325386047363e-01 -3.670226335525512695e-01 -2.292309403419494629e-01 5.964919924736022949e-02 1.065281331539154053e-01 -3.577759563922882080e-01 5.200248956680297852e-01 3.877462148666381836e-01 4.129489064216613770e-01 5.176413059234619141e-01 -3.902935385704040527e-01
4.186657071113586426e-01 -4.828267544507980347e-02 -3.004941344261169434e-01 -7.485413551330566406e-01 -1.103745937347412109e+00 -4.562080204486846924e-01 -2.326311767101287842e-01 4.886200129985809326e-01 -1.921880096197128296e-01 -1.046494171023368835e-01 8.789901435375213623e-02 1.798975765705108643e-01 -2.129593305289745331e-02 3.791071707382798195e-03 1.723735183477401733e-01 4.582023322582244873e-01 -2.429387718439102173e-01 3.350248932838439941e-01 3.763473331928253174e-01 -1.010156393051147461e+00 -2.515045404434204102e-01 1.299821138381958008e+00 2.818542122840881348e-01 3.745583891868591309e-01 -1.720909774303436279e-01 -5.513643026351928711e-01 -1.477838144637644291e-03 -1.879113316535949707e-01 2.066015750169754028e-01 1.077177841216325760e-02 1.805859804153442383e-01 -2.360916733741760254e-01 9.143803268671035767e-02 -1.536447554826736450e-01 6.394212692975997925e-02 1.481616646051406860e-01 4.296979606151580811e-01 2.915748208761215210e-02 1.338603198528289795e-01 4.912270009517669678e-01 -3.094765245914459229e-01 3.146083056926727295e-01 4.719468578696250916e-02 5.071520805358886719e-01 -2.354554533958435059e-01 -3.096655607223510742e-01 -1.221924945712089539e-01 1.108094751834869385e-01 -7.518216222524642944e-02 2.561704218387603760e-01 3.284425437450408936e-01 -9.743585437536239624e-02 -4.911606907844543457e-01 3.549446761608123779e-01 -3.212209939956665039e-01 -3.561830520629882812e-01 5.642898008227348328e-02 6.348495185375213623e-02 -1.578290760517120361e-01 5.369932651519775391e-01 4.916970133781433105e-01 4.821606576442718506e-01 7.444561123847961426e-01 -4.921618700027465820e-01
4.603430330753326416e-01 -8.770371787250041962e-03 -3.454812467098236084e-01 -9.210032820701599121e-01 -1.152165532112121582e+00 -5.897895693778991699e-01 -8.412206172943115234e-02 4.443754851818084717e-01 2.850125310942530632e-03 -2.257318198680877686e-01 1.250096131116151810e-02 3.069818615913391113e-01 -1.674357801675796509e-01 8.253318071365356445e-02 1.400019079446792603e-01 3.819270730018615723e-01 -1.627784073352813721e-01 1.917189061641693115e-01 3.779251575469970703e-01 -1.009365558624267578e+00 -1.735300719738006592e-01 1.420044779777526855e+00 3.183456659317016602e-01 3.450639843940734863e-01 -5.797956138849258423e-02 -5.080346465110778809e-01 -8.755403012037277222e-02 -2.244833260774612427e-01 1.798072755336761475e-01 2.263118624687194824e-01 1.143017709255218506e-01 -1.562258303165435791e-01 -1.046490520238876343e-01 5.996883288025856018e-02 -6.155600026249885559e-02 7.370569556951522827e-02 3.347834050655364990e-01 9.575998038053512573e-02 -9.239995479583740234e-02 4.746695756912231445e-01 -2.783187627792358398e-01 2.703743278980255127e-01 2.353892922401428223e-01 4.389568567276000977e-01 -2.263098508119583130e-01 -4.343113303184509277e-01 -7.146831601858139038e-02 1.584115177392959595e-01 7.291794568300247192e-02 3.249392211437225342e-01 2.631021738052368164e-01 -1.968630403280258179e-01 -3.240396082401275635e-01 3.547398447990417480e-01 -3.342282772064208984e-01 -3.510447144508361816e-01 -9.361867606639862061e-02 1.672023683786392212e-01 -2.428091764450073242e-01 5.774602293968200684e-01 4.354663789272308350e-01 3.639572262763977051e-01 7.374523878097534180e-01 -3.083373308181762695e-01
5.090334638953208923e-02 1.886341422796249390e-01 -1.352978497743606567e-01 4.987230896949768066e-01 6.824587285518646240e-02 2.900600433349609375e-01 3.024936616420745850e-01 -3.031196445226669312e-02 4.989739060401916504e-01 2.274349927902221680e-01 1.231619268655776978e-01 1.118121817708015442e-01 -5.476959422230720520e-02 4.505772888660430908e-01 3.800018131732940674e-01 1.327935699373483658e-02 9.566907770931720734e-03 3.645556047558784485e-02 -2.392122149467468262e-01 9.161183834075927734e-01 1.428611427545547485e-01 -8.536508679389953613e-01 1.581967622041702271e-01 -3.947873786091804504e-02 1.685283519327640533e-02 -3.195738419890403748e-02 4.736779332160949707e-01 -6.020893529057502747e-02 -7.490086555480957031e-02 6.892839819192886353e-02 2.840981483459472656e-01 5.593007802963256836e-01 5.269187688827514648e-01 2.284787893295288086e-01 -5.398647859692573547e-02 2.950997352600097656e-01 -5.570773407816886902e-02 3.196498155593872070e-01 2.068789489567279816e-02 -1.654752492904663086e-01 4.878931492567062378e-02 -6.390229612588882446e-02 1.058567874133586884e-02 -4.629613161087036133e-01 1.402014195919036865e-01 3.934884071350097656e-01 -1.337696611881256104e-02 1.653488166630268097e-02 -1.595735698938369751e-01 -1.059562265872955322e-01 -7.036238163709640503e-02 -1.139692813158035278e-01 -2.695440053939819336e-01 -9.197401255369186401e-02 2.476043999195098877e-01 2.119096219539642334e-01 2.028542906045913696e-01 2.115027904510498047e-01 8.996386826038360596e-02 2.040964514017105103e-01 1.221144720911979675e-01 -2.110914140939712524e-01 -3.940195441246032715e-01 2.511326372623443604e-01
2.658992707729339600e-01 -9.900414943695068359e-02 -3.322892785072326660e-01 -8.476653099060058594e-01 -1.122382760047912598e+00 -5.959534049034118652e-01 -1.615824252367019653e-01 4.179493486881256104e-01 -7.368983328342437744e-02 -8.813062310218811035e-02 7.114984840154647827e-02 2.496183365583419800e-01 -2.076928615570068359e-01 -9.827987104654312134e-02 2.050010263919830322e-01 3.207270205020904541e-01 -1.132162138819694519e-01 3.349751532077789307e-01 3.979234993457794189e-01 -9.106743335723876953e-01 -3.586750030517578125e-01 1.380587339401245117e+00 3.274971544742584229e-01 3.352469503879547119e-01 -8.756414055824279785e-02 -2.876194417476654053e-01 2.618791349232196808e-02 -2.336185276508331299e-01 1.605062931776046753e-01 1.306018084287643433e-01 1.017042994499206543e-01 -2.395534068346023560e-01 3.534382954239845276e-02 -4.705477878451347351e-02 -1.320058107376098633e-01 1.344183925539255142e-02 2.272382974624633789e-01 -2.026408445090055466e-03 -6.926365196704864502e-02 2.934522032737731934e-01 -1.765259206295013428e-01 1.906299889087677002e-01 7.724992930889129639e-02 3.618478178977966309e-01 -2.020266503095626831e-01 -4.643923640251159668e-01 -1.240139007568359375e-01 -1.268701814115047455e-02 -2.566256560385227203e-03 1.612893193960189819e-01 2.952924668788909912e-01 -1.176303923130035400e-01 -4.572181403636932373e-01 3.234252333641052246e-01 -2.845677733421325684e-01 -2.771224081516265869e-01 2.787306718528270721e-02 2.194581031799316406e-01 -1.215650439262390137e-01 5.109194517135620117e-01 4.692345857620239258e-01 4.822277724742889404e-01 5.058673620223999023e-01 -3.083454668521881104e-01
8.518845587968826294e-02 -1.225948557257652283e-01 2.169880270957946777e-01 4.642216265201568604e-01 1.815229654312133789e-01 1.670658886432647705e-01 2.259019911289215088e-01 5.541050434112548828e-01 1.245603784918785095e-01 -3.738872706890106201e-01 1.241768822073936462e-01 -1.389714479446411133e-01 1.871422231197357178e-01 1.236175745725631714e-01 -2.513759136199951172e-01 3.148276507854461670e-01 1.834905147552490234e-01 5.608218163251876831e-02 -9.401874542236328125e-01 1.123753309249877930e+00 3.608439266681671143e-01 -8.714698553085327148e-01 1.535100489854812622e-01 2.121607400476932526e-02 3.565238118171691895e-01 -1.734039783477783203e-01 8.196271955966949463e-02 2.640621662139892578e-01 7.881984114646911621e-02 2.344819754362106323e-01 3.890374302864074707e-02 -1.230189442634582520e+00 -4.563782364130020142e-02 1.119289621710777283e-01 9.615975618362426758e-02 4.833697807043790817e-03 2.144393511116504669e-02 1.421705782413482666e-01 1.436662487685680389e-02 4.576120972633361816e-01 6.876072287559509277e-01 1.738173961639404297e-01 1.396925747394561768e-01 -8.017746359109878540e-02 1.501205563545227051e-01 1.354771256446838379e-01 3.280339241027832031e-01 6.649810075759887695e-02 1.405313163995742798e-01 1.307313293218612671e-01 -1.978447884321212769e-01 8.879506587982177734e-02 3.248765468597412109e-01 -1.382302492856979370e-01 2.920508682727813721e-01 1.536323428153991699e-01 -3.876815363764762878e-02 1.769123375415802002e-01 1.533847153186798096e-01 5.477242469787597656e-01 7.125343084335327148e-01 7.216780185699462891e-01 -3.536259755492210388e-02 2.799728512763977051e-01
3.621667027473449707e-01 -2.740558423101902008e-02 -4.144045710563659668e-01 -8.899226188659667969e-01 -1.008163094520568848e+00 -4.445738494396209717e-01 -5.214419215917587280e-02 5.577912926673889160e-01 -1.053545773029327393e-01 -9.060429036617279053e-02 1.315242499113082886e-01 3.194355070590972900e-01 -2.426956146955490112e-01 9.834142029285430908e-02 2.169206291437149048e-01 4.317333102226257324e-01 -2.057397216558456421e-01 2.037104070186614990e-01 5.295737385749816895e-01 -1.103852152824401855e+00 -3.205734491348266602e-01 1.464171886444091797e+00 2.556719481945037842e-01 3.865421116352081299e-01 -2.141216695308685303e-01 -4.222719669342041016e-01 -5.641754250973463058e-03 -2.832428216934204102e-01 3.021700680255889893e-01 6.478203088045120239e-02 1.400067359209060669e-01 -2.752144932746887207e-01 5.107913911342620850e-02 5.236184597015380859e-02 -5.785670131444931030e-02 9.312169253826141357e-02 3.065227270126342773e-01 -1.362220495939254761e-01 4.118772968649864197e-02 2.887809574604034424e-01 -3.050356507301330566e-01 1.364824324846267700e-01 1.347976624965667725e-01 3.853004276752471924e-01 -1.955653727054595947e-01 -4.381392896175384521e-01 -1.208867505192756653e-01 1.603412181138992310e-01 8.579026907682418823e-02 3.507465124130249023e-01 2.255208939313888550e-01 -2.368679493665695190e-01 -4.718355238437652588e-01 5.305553674697875977e-01 -4.559001326560974121e-01 -4.044950604438781738e-01 -1.310295984148979187e-02 2.459357678890228271e-02 -2.186928242444992065e-01 4.529494345188140869e-01 4.568689167499542236e-01 6.643132567405700684e-01 5.153298377990722656e-01 -3.501183986663818359e-01
-4.904298186302185059e-01 1.038946986198425293e+00 2.550247609615325928e-01 8.869501948356628418e-01 -5.510860681533813477e-01 2.210212707519531250e+00 5.396897196769714355e-01 -2.428807914257049561e-01 1.199795603752136230e+00 4.174411892890930176e-01 6.478554010391235352e-01 -2.223323881626129150e-01 3.427568376064300537e-01 -2.236006557941436768e-01 2.029270410537719727e+00 -1.493448168039321899e-01 2.281816750764846802e-01 1.121629104018211365e-01 -6.769497692584991455e-02 3.387671113014221191e-01 6.532430052757263184e-01 8.198434710502624512e-01 -6.454246640205383301e-01 -4.572196304798126221e-01 4.233508110046386719e-01 5.240622162818908691e-01 -8.445426076650619507e-02 -2.576958835124969482e-01 -2.759039402008056641e-01 -2.224324494600296021e-01 -6.932145357131958008e-01 1.402980387210845947e-01 4.384523630142211914e-01 -2.217607796192169189e-01 9.410661645233631134e-03 4.640316069126129150e-01 -6.019181013107299805e-01 2.295886278152465820e-01 2.727945894002914429e-02 -2.344243414700031281e-02 9.948143959045410156e-01 -2.220612317323684692e-01 -6.813610345125198364e-02 -1.082100033760070801e+00 5.493200197815895081e-02 5.729782581329345703e-01 4.452522099018096924e-01 2.236756235361099243e-01 -1.200885698199272156e-01 -4.125467538833618164e-01 7.608801126480102539e-02 1.538784950971603394e-01 3.933999240398406982e-01 -1.516251266002655029e-01 1.744784593582153320e+00 1.110714197158813477e+00 4.395061358809471130e-02 -9.231718629598617554e-02 8.644495010375976562e-01 -6.615329384803771973e-01 -7.878191769123077393e-02 -5.739774703979492188e-01 -1.675848811864852905e-01 9.843091368675231934e-01
8.532757312059402466e-02 -9.163222461938858032e-02 5.227142944931983948e-02 4.567449688911437988e-01 3.063452541828155518e-01 2.805618047714233398e-01 1.823920160531997681e-01 6.685055494308471680e-01 4.683871194720268250e-02 -6.572599411010742188e-01 1.531824022531509399e-01 -1.393107920885086060e-01 1.999652385711669922e-01 1.867022365331649780e-01 -7.889057397842407227e-01 3.427245616912841797e-01 1.796043813228607178e-01 1.999108046293258667e-01 -1.115822911262512207e+00 1.035970807075500488e+00 2.928424775600433350e-01 -9.959247708320617676e-01 1.515999138355255127e-01 4.446809366345405579e-02 2.385198026895523071e-01 -1.175417378544807434e-01 7.943416014313697815e-03 4.367650747299194336e-01 3.035461008548736572e-01 3.103688657283782959e-01 3.467244282364845276e-02 -1.510254740715026855e+00 5.628513544797897339e-02 1.375164836645126343e-01 -1.356191933155059814e-02 1.639696210622787476e-02 1.429703086614608765e-01 1.178809106349945068e-01 6.376261264085769653e-02 6.673994660377502441e-01 1.485469192266464233e-01 9.599822759628295898e-02 -4.364977031946182251e-02 -7.922896742820739746e-02 7.860332727432250977e-02 2.232488393783569336e-01 6.176851391792297363e-01 3.024912178516387939e-01 1.564665287733078003e-01 1.817839890718460083e-01 -3.543405532836914062e-01 1.571539044380187988e-01 3.936850726604461670e-01 -2.625854127109050751e-02 2.536096572875976562e-01 -8.139114081859588623e-02 5.503290519118309021e-02 3.688787519931793213e-01 2.939939498901367188e-01 5.807114243507385254e-01 6.529131531715393066e-01 7.277719378471374512e-01 -1.173733398318290710e-01 4.634991288185119629e-01
-2.075948476791381836e+00 -3.955084979534149170e-01 7.698120474815368652e-01 -2.972299046814441681e-02 -1.166681289672851562e+00 1.367359161376953125e+00 1.575525999069213867e-01 3.248558640480041504e-01 1.510720998048782349e-01 -2.197621822357177734e+00 3.125140666961669922e-01 5.541834831237792969e-01 8.777129054069519043e-01 -9.606175124645233154e-02 1.398638784885406494e-01 4.465794563293457031e-01 9.001307934522628784e-02 -7.989533543586730957e-01 -6.997913718223571777e-01 5.616278648376464844e+00 -8.018663525581359863e-02 2.007611989974975586e+00 -9.387057274580001831e-02 7.944712787866592407e-02 1.680696159601211548e-01 1.548214256763458252e-01 -7.490424811840057373e-02 -5.437527298927307129e-01 2.246183753013610840e-01 1.444997042417526245e-01 -6.413661241531372070e-01 -5.870382308959960938e+00 1.400785427540540695e-02 1.887272745370864868e-01 -2.964768186211585999e-02 4.063018858432769775e-01 2.207755893468856812e-01 -1.023139357566833496e-01 -5.808851495385169983e-02 7.489555329084396362e-02 -1.695966571569442749e-01 2.820065617561340332e-01 -6.457775831222534180e-01 -5.854941606521606445e-01 2.373232543468475342e-01 -4.528855681419372559e-01 2.832391858100891113e-01 -8.766122162342071533e-02 1.286091357469558716e-01 2.313998341560363770e-01 1.898077279329299927e-01 -3.882952407002449036e-02 6.510188579559326172e-01 -4.660545289516448975e-01 -1.211202666163444519e-01 -3.394855558872222900e-01 -3.337125480175018311e-02 2.588364481925964355e-01 7.794867157936096191e-01 6.416661739349365234e-01 3.328299522399902344e-01 3.410418033599853516e-01 1.331276297569274902e-01 2.174308151006698608e-01
4.017249941825866699e-01 -1.252528131008148193e-01 -3.757172822952270508e-01 -9.505098462104797363e-01 -1.000429749488830566e+00 -3.795050680637359619e-01 -6.115560233592987061e-02 5.343811511993408203e-01 -9.445109218358993530e-02 -1.894349008798599243e-01 -3.013886976987123489e-03 2.343937456607818604e-01 -8.836114406585693359e-02 -8.790581673383712769e-02 1.599799394607543945e-01 3.178996443748474121e-01 -1.326892971992492676e-01 2.806913554668426514e-01 2.828313112258911133e-01 -9.666976928710937500e-01 -1.750978082418441772e-01 1.324075460433959961e+00 2.712092399597167969e-01 3.626994192600250244e-01 -1.823814511299133301e-01 -4.494258761405944824e-01 -5.160750821232795715e-02 -3.467229902744293213e-01 2.862626314163208008e-01 2.136831879615783691e-01 2.244251817464828491e-01 -1.164262145757675171e-01 -1.115060597658157349e-02 -1.139174327254295349e-01 -5.877387523651123047e-02 1.251727193593978882e-01 2.650270164012908936e-01 1.812424883246421814e-02 -9.738709777593612671e-02 2.577326297760009766e-01 -1.084066331386566162e-01 2.747256159782409668e-01 6.068807095289230347e-03 3.525514304637908936e-01 -6.501612067222595215e-02 -3.793207406997680664e-01 -1.368043124675750732e-01 -4.553118348121643066e-02 8.307144790887832642e-02 1.388894319534301758e-01 3.145438730716705322e-01 -1.260354369878768921e-01 -4.768106937408447266e-01 3.768720030784606934e-01 -4.569256603717803955e-01 -3.041079938411712646e-01 -5.452229455113410950e-02 2.126604914665222168e-01 -2.613906860351562500e-01 5.609572529792785645e-01 5.351974368095397949e-01 5.404914617538452148e-01 4.445987045764923096e-01 -4.225389361381530762e-01
-3.316569328308105469e-01 -4.279039800167083740e-01 -3.644610941410064697e-02 -3.354899287223815918e-01 5.489329099655151367e-01 -1.969792842864990234e-01 -2.516767084598541260e-01 5.339996218681335449e-01 -7.596083879470825195e-01 -1.813683390617370605e+00 -7.485258579254150391e-01 2.472728639841079712e-01 -2.913331389427185059e-01 -4.344317317008972168e-01 3.902797698974609375e-01 2.366519123315811157e-01 5.428116023540496826e-02 -2.612284898757934570e+00 -5.792454481124877930e-01 1.371179461479187012e+00 -3.042096197605133057e-01 1.449815481901168823e-01 9.439317137002944946e-02 1.074663400650024414e-01 6.023762747645378113e-02 -1.624012470245361328e+00 1.952124089002609253e-01 -2.761127352714538574e-01 1.560540199279785156e-01 -5.016586929559707642e-02 -1.519847363233566284e-01 -1.037102341651916504e+00 -3.884664177894592285e-01 -1.591897904872894287e-01 7.765075564384460449e-02 -1.490744501352310181e-01 2.621478438377380371e-01 1.546264905482530594e-02 -1.692977547645568848e-01 -1.508785597980022430e-02 -3.301098942756652832e-01 -4.460752010345458984e-02 5.041582137346267700e-02 7.508245706558227539e-01 1.322771422564983368e-02 -1.976687312126159668e+00 -9.737525880336761475e-02 -1.010449528694152832e-01 3.339854180812835693e-01 1.487867832183837891e-01 -1.372318901121616364e-02 3.052959032356739044e-02 -1.702293276786804199e+00 -1.074281573295593262e+00 1.207585912197828293e-02 -3.956409394741058350e-01 3.074302375316619873e-01 -3.815709799528121948e-02 1.815887540578842163e-01 2.573344409465789795e-01 1.793551146984100342e-01 5.793561339378356934e-01 -1.831926465034484863e+00 1.814483553171157837e-01
1.377490311861038208e-01 2.387580648064613342e-02 -7.682385295629501343e-02 4.334656298160552979e-01 -7.570075988769531250e-01 1.043227165937423706e-01 1.943213790655136108e-01 4.796679019927978516e-01 1.225372105836868286e-01 -3.239889442920684814e-01 -3.350578481331467628e-03 -7.555804681032896042e-03 -5.256681144237518311e-02 4.605202004313468933e-02 -6.165305972099304199e-01 2.765016853809356689e-01 2.119717895984649658e-01 -9.689957648515701294e-02 -7.607848048210144043e-01 1.234288573265075684e+00 6.753835827112197876e-02 -3.300544500350952148e+00 8.974431455135345459e-02 -3.220474720001220703e-02 1.022706404328346252e-01 -3.546549677848815918e-01 4.213209822773933411e-02 2.895849347114562988e-01 1.765440255403518677e-01 5.174404010176658630e-02 1.438623070716857910e-01 -1.910948038101196289e+00 -1.809139400720596313e-01 6.944362074136734009e-03 -2.359619364142417908e-02 -2.915524840354919434e-01 1.793000102043151855e-01 -9.850965440273284912e-02 -3.022910654544830322e-02 2.535145878791809082e-01 -8.146120905876159668e-01 8.603070676326751709e-02 2.384472489356994629e-01 1.411885768175125122e-02 2.305292338132858276e-02 -2.078040037304162979e-03 4.774878919124603271e-01 -3.028659150004386902e-02 1.756957471370697021e-01 2.155760675668716431e-01 -3.677245378494262695e-01 1.270956248044967651e-01 -6.255190074443817139e-02 -2.639301717281341553e-01 3.296401202678680420e-01 1.401199251413345337e-01 4.663655906915664673e-02 -4.957112669944763184e-02 2.404616773128509521e-01 4.045288562774658203e-01 5.570557117462158203e-01 7.044869065284729004e-01 -2.109246253967285156e-01 1.879486888647079468e-01
2.383055351674556732e-02 1.126352921128273010e-01 4.291988313198089600e-01 7.710862159729003906e-01 1.116255402565002441e+00 3.316445946693420410e-01 6.137870252132415771e-02 6.823723912239074707e-01 1.236424073576927185e-01 -3.752402365207672119e-01 1.948070526123046875e-01 -4.252442158758640289e-03 -2.229390665888786316e-02 1.597472131252288818e-01 6.871230602264404297e-01 4.071350991725921631e-01 1.719437390565872192e-01 -6.898310780525207520e-02 -1.071707844734191895e+00 1.104311823844909668e+00 3.482546210289001465e-01 -9.786543846130371094e-01 1.258975267410278320e-01 -7.561352849006652832e-02 4.825470745563507080e-01 2.283799648284912109e-01 1.468125730752944946e-01 3.958433866500854492e-01 9.757578372955322266e-02 3.932477533817291260e-02 -1.017745118588209152e-02 -1.128643751144409180e+00 1.009058803319931030e-01 3.999325335025787354e-01 6.542151421308517456e-02 7.463975250720977783e-02 1.090369466692209244e-02 1.333722472190856934e-01 1.702240556478500366e-01 4.858778715133666992e-01 1.844914793968200684e+00 2.181742787361145020e-01 1.042485907673835754e-01 -1.652839966118335724e-02 3.659363389015197754e-01 3.199712932109832764e-01 1.073182970285415649e-01 1.204180866479873657e-01 -3.369956463575363159e-02 4.443659633398056030e-02 -7.462511211633682251e-02 9.057924151420593262e-02 3.068456351757049561e-01 1.785407960414886475e-01 2.846490144729614258e-01 -2.198745962232351303e-03 6.359001621603965759e-03 1.206234283745288849e-02 2.161915302276611328e-01 4.165837466716766357e-01 6.408753991127014160e-01 6.748949289321899414e-01 -3.000713586807250977e-01 3.275467157363891602e-01
4.714075028896331787e-01 -5.596644803881645203e-02 -3.925053477287292480e-01 -7.301815748214721680e-01 -1.090312957763671875e+00 -4.321022927761077881e-01 -2.312845736742019653e-01 3.712658584117889404e-01 -1.743176430463790894e-01 -1.636792570352554321e-01 1.125271618366241455e-01 2.671194970607757568e-01 -2.222141623497009277e-01 -8.819594234228134155e-02 2.121933847665786743e-01 5.591540336608886719e-01 -1.678757369518280029e-01 1.481234282255172729e-01 4.151681661605834961e-01 -1.025297522544860840e+00 -3.780990540981292725e-01 1.434777975082397461e+00 3.396515548229217529e-01 2.899274528026580811e-01 -1.190685704350471497e-01 -5.534129738807678223e-01 6.795997172594070435e-02 -2.239232957363128662e-01 4.014817774295806885e-01 8.019733428955078125e-02 3.774781525135040283e-01 -2.316504120826721191e-01 5.679522827267646790e-02 -1.377172768115997314e-01 -2.064096927642822266e-02 -6.069310940802097321e-03 3.080199956893920898e-01 -9.731425344944000244e-02 4.119667410850524902e-02 2.566934823989868164e-01 -1.845126003026962280e-01 2.659230530261993408e-01 2.516822516918182373e-01 5.351133942604064941e-01 -2.241331636905670166e-01 -2.120147049427032471e-01 -2.453131526708602905e-01 2.006677165627479553e-02 -3.524369746446609497e-02 3.262543380260467529e-01 1.951700896024703979e-01 -2.264307439327239990e-01 -3.333925604820251465e-01 4.791480302810668945e-01 -3.569826781749725342e-01 -3.523285984992980957e-01 2.313327789306640625e-02 1.758393943309783936e-01 -3.822622597217559814e-01 4.120706021785736084e-01 3.951337039470672607e-01 5.092198848724365234e-01 5.956911444664001465e-01 -4.275101423263549805e-01
