1.389453262090682983e-01
-3.116588890552520752e-01
5.789280533790588379e-01
3.458037972450256348e-01
-3.679144382476806641e-01
3.995117247104644775e-01
-6.991785168647766113e-01
9.973262250423431396e-02
1.705923676490783691e-02
-2.345470190048217773e-01
-2.487628459930419922e-01
-4.645488858222961426e-01
-3.460007905960083008e-01
6.495662331581115723e-01
-4.158555269241333008e-01
-6.394548416137695312e-01
-7.673140168190002441e-01
-1.084605216979980469e+00
-1.189470961689949036e-01
-1.826445572078227997e-02
-3.546308577060699463e-01
-3.361966311931610107e-01
-1.054365783929824829e-01
-3.333038985729217529e-01
5.160124301910400391e-01
6.572648137807846069e-02
-1.292715668678283691e+00
-2.521067298948764801e-02
-7.217438817024230957e-01
-7.377218008041381836e-01
-2.129382342100143433e-01
-6.379894018173217773e-01
4.587283134460449219e-01
-7.980910539627075195e-01
9.541120529174804688e-01
1.208484768867492676e-01
-1.053523302078247070e+00
5.539805293083190918e-01
-7.895298600196838379e-01
-1.598190367221832275e-01
-2.856678366661071777e-01
-3.161062598228454590e-01
-9.493906795978546143e-02
-8.718124032020568848e-02
-2.359510064125061035e-01
-1.174374818801879883e-01
-8.799902796745300293e-01
2.908572852611541748e-01
-7.568016648292541504e-01
4.315288364887237549e-01
-1.008156061172485352e+00
-6.543469429016113281e-01
-1.373665213584899902e+00
-5.733093619346618652e-01
2.799597680568695068e-01
4.826474487781524658e-01
-7.055497169494628906e-01
-1.010977387428283691e+00
-1.352988839149475098e+00
-7.893211245536804199e-01
1.381689757108688354e-01
-9.198926091194152832e-01
-1.453665196895599365e-01
2.350557893514633179e-01
