-1.068514823913574219e+00 2.962158024311065674e-01 -9.751324057579040527e-01 -6.211573630571365356e-02 -5.726062059402465820e-01 -2.908912003040313721e-01 -2.393912374973297119e-01 1.791259050369262695e-01
1.123358085751533508e-01 -1.747235804796218872e-01 6.898145675659179688e-01 -1.023285184055566788e-02 -9.754941463470458984e-01 2.662988305091857910e-01 -1.672388166189193726e-01 -5.521602462977170944e-03
6.982606649398803711e-01 -3.373625874519348145e-01 -1.050542950630187988e+00 -4.695245996117591858e-02 3.358905017375946045e-01 -4.484054073691368103e-02 -4.962641894817352295e-01 -4.413608908653259277e-01
-7.635434269905090332e-01 -2.064577043056488037e-01 -1.219035029411315918e+00 1.244877129793167114e-01 -4.457759857177734375e-01 1.567187905311584473e-01 -5.021521449089050293e-01 -1.872235722839832306e-02
-3.229362964630126953e-01 1.655880548059940338e-02 -2.525602877140045166e-01 -4.513487219810485840e-01 -1.204652711749076843e-01 -3.124586343765258789e-01 -5.472105741500854492e-01 5.441297963261604309e-02
-1.885743290185928345e-01 -1.572313457727432251e-01 -7.690805196762084961e-01 4.820566624402999878e-02 -2.485859841108322144e-01 -2.959058061242103577e-02 -3.781670033931732178e-01 1.023193150758743286e-01
2.522571086883544922e-01 -4.679274260997772217e-01 -8.701966404914855957e-01 -8.342918157577514648e-01 4.622283279895782471e-01 -5.717083215713500977e-01 4.235995113849639893e-01 1.573223620653152466e-01
-2.160266637802124023e-01 3.849107921123504639e-01 2.103651463985443115e-01 9.140790253877639771e-02 -2.716478705406188965e-01 1.230892390012741089e-01 -3.270585089921951294e-02 3.790689166635274887e-03
1.587510466575622559e+00 -1.444156169891357422e-01 1.019773840904235840e+00 1.466784439980983734e-02 4.486385881900787354e-01 -1.735494732856750488e-01 -6.418706774711608887e-01 2.896352671086788177e-04
1.753032505512237549e-01 -1.083744391798973083e-01 -1.494678735733032227e+00 -1.957919299602508545e-01 -2.212873220443725586e+00 4.247944951057434082e-01 -6.991810798645019531e-01 1.415261905640363693e-02
-2.864698469638824463e-01 -4.265944659709930420e-01 -6.203762292861938477e-01 -6.402155756950378418e-01 6.034263372421264648e-01 -4.449005126953125000e-01 -8.050334453582763672e-01 -2.970170676708221436e-01
1.379879266023635864e-01 -6.271970272064208984e-01 9.446893334388732910e-01 -9.051471948623657227e-01 1.786392554640769958e-02 -1.382757782936096191e+00 2.091507911682128906e-01 -8.282681554555892944e-02
5.234348773956298828e-01 2.455358952283859253e-02 6.156885027885437012e-01 -1.655713468790054321e-01 3.985592424869537354e-01 -4.830459356307983398e-01 1.008233800530433655e-01 -4.468004405498504639e-02
-9.701880216598510742e-01 5.950012803077697754e-01 -2.778386771678924561e-01 8.457652330398559570e-01 4.095286130905151367e-02 1.044223159551620483e-01 1.660035103559494019e-01 2.492104172706604004e-01
-8.758090734481811523e-01 5.006739497184753418e-01 -4.724999666213989258e-01 3.513942956924438477e-01 -8.424575328826904297e-01 -7.577224969863891602e-01 -3.924152255058288574e-02 2.928500175476074219e-01
1.461991786956787109e+00 9.338132105767726898e-03 1.424998044967651367e-01 -5.519958138465881348e-01 -1.349380493164062500e+00 -2.081194072961807251e-01 3.526633381843566895e-01 -1.650256291031837463e-02
1.424297928810119629e+00 -1.886541768908500671e-02 5.181485414505004883e-01 4.787816405296325684e-01 3.646725788712501526e-02 -1.775839328765869141e-01 -1.353485733270645142e-01 -4.784888122230768204e-03
-1.904829144477844238e-01 1.322253465652465820e+00 1.761748455464839935e-02 1.212819218635559082e+00 -1.909977793693542480e-01 2.437669932842254639e-01 -7.253582477569580078e-01 -6.586577892303466797e-01
-1.212548017501831055e+00 -1.897934824228286743e-02 -6.484680175781250000e-01 8.453980088233947754e-02 -5.476921200752258301e-01 -3.390944600105285645e-01 1.016154646873474121e+00 -1.762700825929641724e-01
-1.584367752075195312e-01 4.798146709799766541e-02 -1.361516475677490234e+00 -8.544717729091644287e-02 8.153453469276428223e-01 1.219086274504661560e-01 -2.040989249944686890e-01 -3.664234280586242676e-02
1.782455563545227051e+00 5.008901953697204590e-01 -2.439557790756225586e+00 -2.133747003972530365e-02 1.622258573770523071e-01 -2.069496810436248779e-01 -1.229789108037948608e-01 -5.270581841468811035e-01
5.439068675041198730e-01 -2.996638603508472443e-02 7.331542372703552246e-01 -3.071394190192222595e-02 4.225698113441467285e-01 -7.969932556152343750e-01 7.732269763946533203e-01 -4.325356185436248779e-01
-2.582689747214317322e-02 -3.135330677032470703e-01 1.190064102411270142e-01 3.102996647357940674e-01 -1.713036894798278809e-01 2.199963107705116272e-02 3.396185114979743958e-02 1.092731399694457650e-04
1.451139807701110840e+00 2.069998681545257568e-01 -2.082288742065429688e+00 -3.148825466632843018e-02 -1.596180722117424011e-02 1.119770333170890808e-01 2.350526116788387299e-02 4.585663601756095886e-02
-6.226151809096336365e-02 -1.069293022155761719e+00 -7.346340417861938477e-01 -7.468052506446838379e-01 -4.116257131099700928e-01 -1.677494168281555176e+00 -8.358815908432006836e-01 7.086303830146789551e-02
-1.192111372947692871e+00 4.228791892528533936e-01 -1.466045081615447998e-01 8.665453195571899414e-01 2.049779444932937622e-01 -1.435310393571853638e-01 -4.515768885612487793e-01 -3.214938044548034668e-01
9.464945793151855469e-01 3.903981447219848633e-01 5.527024269104003906e-01 7.713137865066528320e-01 3.940076231956481934e-01 -4.849087074398994446e-02 1.208176091313362122e-02 8.759102225303649902e-02
-4.470751583576202393e-01 2.887734770774841309e-02 -1.134188532829284668e+00 -4.003345370292663574e-01 4.516589045524597168e-01 -5.929604768753051758e-01 -3.874435126781463623e-01 -2.069741934537887573e-01
-3.112197220325469971e-01 5.275210738182067871e-01 8.562070131301879883e-01 4.459037780761718750e-01 1.138419732451438904e-01 8.544088602066040039e-01 8.909955024719238281e-01 -4.279629290103912354e-01
-2.280336141586303711e+00 1.972117125988006592e-01 -6.136286258697509766e-01 -7.124667614698410034e-02 2.115227878093719482e-01 -4.528993070125579834e-01 -2.387085258960723877e-01 -3.271908964961767197e-03
-1.666924655437469482e-01 -3.186848759651184082e-02 -3.172374367713928223e-01 1.579858958721160889e-01 2.954680919647216797e-01 4.234758764505386353e-02 3.566655889153480530e-02 -2.926950342953205109e-03
1.652684450149536133e+00 -1.561955362558364868e-01 1.962910145521163940e-01 3.748082518577575684e-01 -6.381671875715255737e-02 2.176247984170913696e-01 -1.319939792156219482e-01 3.740040352568030357e-03
1.283243656158447266e+00 9.190942347049713135e-02 -1.107005551457405090e-01 5.485257133841514587e-02 1.847433298826217651e-01 2.586095631122589111e-01 -7.358796596527099609e-01 -6.125148385763168335e-02
-5.264990329742431641e-01 2.784066796302795410e-01 -6.367410719394683838e-02 3.996516764163970947e-01 3.494510650634765625e-01 3.848589956760406494e-02 3.179574012756347656e-01 -6.655660271644592285e-02
-5.960394740104675293e-01 5.679219365119934082e-01 -4.222607016563415527e-01 3.186714947223663330e-01 -1.915647834539413452e-01 8.128036856651306152e-01 -1.000405997037887573e-01 -9.983462095260620117e-01
-6.313171386718750000e-01 -1.826526373624801636e-01 1.116577148437500000e+00 2.623001635074615479e-01 4.826136231422424316e-01 3.712496757507324219e-01 1.198457852005958557e-01 -6.754979956895112991e-03
6.796870827674865723e-01 -2.697187066078186035e-01 7.317746877670288086e-01 -9.069071710109710693e-02 7.256545871496200562e-02 -4.819316044449806213e-02 -4.948449786752462387e-03 -5.193922296166419983e-02
1.082523822784423828e+00 -1.346889436244964600e-01 3.911556601524353027e-01 -8.906714618206024170e-02 -4.131928086280822754e-02 -2.913448214530944824e-01 3.008235096931457520e-01 1.074754670262336731e-01
1.361660122871398926e+00 5.946063995361328125e-01 3.035310208797454834e-01 5.124134942889213562e-02 3.808153793215751648e-02 -1.458355933427810669e-01 -2.493952661752700806e-01 -2.549337036907672882e-02
7.597917318344116211e-01 1.527989953756332397e-01 -1.043965339660644531e+00 -3.029837012290954590e-01 5.532605051994323730e-01 3.597747087478637695e-01 -7.172865867614746094e-01 2.191280275583267212e-01
-4.869149997830390930e-04 -3.521433472633361816e-01 -3.231084585189819336e+00 2.610822916030883789e-01 -1.067783713340759277e+00 -1.407162696123123169e-01 6.333428621292114258e-02 -2.903594672679901123e-01
1.138732194900512695e+00 6.664576530456542969e-01 2.827633321285247803e-01 9.565001726150512695e-02 8.326680660247802734e-01 5.515894889831542969e-01 3.775134086608886719e-01 -4.049632847309112549e-01
9.054392576217651367e-01 8.719295859336853027e-01 7.897792458534240723e-01 1.067645192146301270e+00 4.626716971397399902e-01 2.666032910346984863e-01 3.663220107555389404e-01 5.483831837773323059e-02
9.108810424804687500e-01 -4.528057873249053955e-01 5.959541201591491699e-01 2.742518186569213867e-01 7.450103163719177246e-01 -6.786640882492065430e-01 2.811127305030822754e-01 3.016592860221862793e-01
-1.000500082969665527e+00 -9.423603415489196777e-01 -3.204846680164337158e-01 -5.524356365203857422e-01 -5.460621118545532227e-01 -3.277620077133178711e-01 -5.985141396522521973e-01 2.779024243354797363e-01
1.742024719715118408e-01 -9.898760169744491577e-02 -1.994441151618957520e-01 1.937209255993366241e-02 1.636361517012119293e-02 1.403061449527740479e-01 -2.237207442522048950e-01 -1.025137212127447128e-02
-3.940290510654449463e-01 3.251127600669860840e-01 -1.953872442245483398e-01 1.269017457962036133e-01 -3.496509492397308350e-01 6.349325180053710938e-01 -7.290507555007934570e-01 3.465593159198760986e-01
3.411852717399597168e-01 -4.541136026382446289e-01 1.700533628463745117e-01 1.679124236106872559e-01 -1.489314734935760498e-01 -9.031295776367187500e-02 -1.173927336931228638e-01 -5.771781131625175476e-02
1.063377141952514648e+00 -5.195921659469604492e-01 3.992823883891105652e-03 -8.838250041007995605e-01 1.237325668334960938e-01 7.549197673797607422e-01 6.444819569587707520e-01 9.070804342627525330e-03
1.237648725509643555e+00 -9.377057850360870361e-02 3.822350800037384033e-01 -4.316640198230743408e-01 3.468898534774780273e-01 7.542281597852706909e-02 -7.760784029960632324e-02 -4.607783854007720947e-01
3.399609029293060303e-01 -9.994738698005676270e-01 4.880383983254432678e-02 -1.145052790641784668e+00 5.412661433219909668e-01 2.648874819278717041e-01 -4.775451719760894775e-01 3.607757762074470520e-02
-2.304900437593460083e-01 6.374877095222473145e-01 3.608600497245788574e-01 5.000151395797729492e-01 1.856769621372222900e-01 1.145028695464134216e-01 7.410212159156799316e-01 2.272723615169525146e-01
5.248910188674926758e-01 1.399644743651151657e-02 6.957370638847351074e-01 -2.432889491319656372e-01 6.384815573692321777e-01 3.801952600479125977e-01 -9.604711085557937622e-02 -3.367770314216613770e-01
-2.936361730098724365e-01 -6.235072389245033264e-02 -1.751595258712768555e+00 4.615858793258666992e-01 -1.069977283477783203e+00 7.638791203498840332e-02 -4.007976949214935303e-01 1.823192834854125977e-01
-9.711463451385498047e-01 -6.894300132989883423e-02 5.715484619140625000e-01 3.013434410095214844e-01 4.203749001026153564e-01 6.686334609985351562e-01 8.691846579313278198e-02 -2.119288034737110138e-02
-1.104351043701171875e+00 -1.375825256109237671e-01 -7.504319548606872559e-01 8.519878983497619629e-02 -4.991362094879150391e-01 -1.036056205630302429e-01 -7.667888402938842773e-01 1.867815852165222168e-02
1.260916709899902344e+00 1.195876076817512512e-01 -1.736069560050964355e+00 3.549016639590263367e-02 9.547170996665954590e-01 2.846263051033020020e-01 -1.334082037210464478e-01 2.137474119663238525e-01
1.132641673088073730e+00 1.936577111482620239e-01 1.143415212631225586e+00 9.366218745708465576e-02 3.172956705093383789e-01 3.697510659694671631e-01 6.599734425544738770e-01 -5.488484632223844528e-03
4.956484436988830566e-01 -4.115986526012420654e-01 5.142452716827392578e-01 -2.177749872207641602e-01 2.974591553211212158e-01 1.521963775157928467e-01 5.493002533912658691e-01 2.040202021598815918e-01
1.185802936553955078e+00 1.969153583049774170e-01 8.991648554801940918e-01 3.431762382388114929e-02 6.932833790779113770e-01 -6.256713066250085831e-03 2.546658217906951904e-01 -2.903114557266235352e-01
4.169083014130592346e-02 1.061218604445457458e-01 -1.326359659433364868e-01 2.196425497531890869e-01 1.920761913061141968e-01 4.299220815300941467e-02 -1.740048825740814209e-01 1.236555427312850952e-01
1.346650838851928711e+00 5.152351260185241699e-01 -7.377684116363525391e-01 1.433949172496795654e-01 7.266975045204162598e-01 3.587557971477508545e-01 -1.998304277658462524e-01 -1.630143374204635620e-01
-1.994124501943588257e-01 -7.064771056175231934e-01 8.943234086036682129e-01 -5.751364231109619141e-01 -1.423876453191041946e-02 -8.943275809288024902e-01 -4.200949799269437790e-03 -2.776128351688385010e-01
3.120089769363403320e-01 -3.454280793666839600e-01 4.648848995566368103e-02 -4.912292957305908203e-01 1.388389151543378830e-03 -5.576772689819335938e-01 2.991907596588134766e-01 3.587018698453903198e-02
