-1.230436414480209351e-01 -3.441139161586761475e-01 -2.151710093021392822e-01 8.382907137274742126e-03 3.547600507736206055e-01 -1.573667079210281372e-01 -7.010847330093383789e-03 3.610322177410125732e-01 4.532659053802490234e-01 -1.131247520446777344e+00 4.180855154991149902e-01 3.674546778202056885e-01 2.779221534729003906e-01 4.537650346755981445e-01 3.782034516334533691e-01 -2.413481241092085838e-03 6.354008913040161133e-01 4.724985361099243164e-02 4.010061547160148621e-02 -1.634672433137893677e-01 -2.570459842681884766e-01 4.858568310737609863e-01 2.031170763075351715e-02 -1.376880407333374023e-01 1.027286410331726074e+00 5.156074762344360352e-01 -4.675683081150054932e-01 4.075715243816375732e-01 7.548700571060180664e-01 1.355549395084381104e-01 -6.184301525354385376e-02 -2.154812961816787720e-02 3.015382289886474609e-01 -1.941788643598556519e-01 4.010950028896331787e-01 5.680322647094726562e-01 -3.221836388111114502e-01 3.708641827106475830e-01 3.029520809650421143e-01 -2.848051302134990692e-02 -5.308936834335327148e-01 -3.615591824054718018e-01 4.072374999523162842e-01 4.326961338520050049e-01 2.090601623058319092e-01 4.108067750930786133e-01 1.363561749458312988e-01 8.974899351596832275e-02 -3.928790986537933350e-01 3.010536730289459229e-01 -7.588996291160583496e-01 5.510274171829223633e-01 -2.247572988271713257e-01 -1.106782481074333191e-01 4.380778670310974121e-01 7.671568393707275391e-01 -8.347486853599548340e-01 7.204848527908325195e-01 -3.590297102928161621e-01 -2.324335128068923950e-01 4.545627534389495850e-01 -8.823103904724121094e-01 1.042918562889099121e-01 -2.850480563938617706e-02
5.089337229728698730e-01 2.771188914775848389e-01 9.108719825744628906e-01 1.178729891777038574e+00 2.647153660655021667e-02 6.241206526756286621e-01 5.931830406188964844e-01 2.278602421283721924e-01 1.942680329084396362e-01 1.219580173492431641e+00 1.436872184276580811e-01 7.516933679580688477e-01 -1.431018114089965820e+00 -5.361018776893615723e-01 -1.869662046432495117e+00 -1.089322090148925781e+00 -4.272503852844238281e-01 2.022600620985031128e-01 1.423521876335144043e+00 1.075733661651611328e+00 1.025537252426147461e+00 -4.630173206329345703e+00 -7.405669242143630981e-02 9.908184409141540527e-02 5.982131958007812500e-01 -1.267189979553222656e+00 5.332513526082038879e-02 2.154189720749855042e-02 5.684103369712829590e-01 -1.029965639114379883e+00 2.529627382755279541e-01 5.262899398803710938e-01 4.011956751346588135e-01 -1.412616252899169922e+00 6.106854677200317383e-01 3.527758717536926270e-01 1.955218911170959473e+00 -1.752271175384521484e+00 -8.059588074684143066e-01 1.106848120689392090e+00 -2.488454341888427734e+00 1.317440867424011230e-01 -1.378381252288818359e+00 -2.043417453765869141e+00 -1.919150352478027344e-01 3.824245333671569824e-01 -2.860395610332489014e-02 -1.491163522005081177e-01 5.632043480873107910e-01 7.105073332786560059e-01 3.627613484859466553e-01 -1.430522441864013672e+00 -6.641207262873649597e-03 2.770063877105712891e+00 1.633812189102172852e-01 3.423225879669189453e-01 4.458567872643470764e-02 3.736178278923034668e-01 2.936749160289764404e-02 -6.699948310852050781e-01 -5.255128443241119385e-02 6.569111943244934082e-01 3.381816744804382324e-01 -1.763839572668075562e-01
-3.462201058864593506e-01 -1.663953661918640137e-01 2.524670362472534180e-01 6.281567364931106567e-02 -4.751072227954864502e-01 -4.469432234764099121e-01 -3.224692493677139282e-02 7.692014425992965698e-02 -9.791758656501770020e-01 9.237941503524780273e-01 1.130390882492065430e+00 -3.223191499710083008e+00 -2.273374795913696289e-01 3.329519331455230713e-01 -5.520679950714111328e-01 -1.140551328659057617e+00 -3.173892199993133545e-01 1.499810516834259033e-01 1.035077810287475586e+00 -1.794575750827789307e-01 -4.857950210571289062e-01 -2.586308419704437256e-01 8.031385391950607300e-02 -4.018566012382507324e-01 1.649995148181915283e-02 1.009201556444168091e-01 3.525530993938446045e-01 1.269650012254714966e-01 4.076264053583145142e-02 3.313196659088134766e+00 3.887514472007751465e-01 -7.230390310287475586e-01 9.732879400253295898e-01 9.855565428733825684e-01 4.009697139263153076e-01 -7.871279716491699219e-01 -1.010650768876075745e-01 -1.245623454451560974e-01 -1.256466656923294067e-01 -7.293447107076644897e-02 1.006017684936523438e+00 1.619735360145568848e-01 3.023084402084350586e-01 -3.028179705142974854e-01 3.188219368457794189e-01 1.022516712546348572e-01 2.775425910949707031e-01 -1.369992494583129883e-01 -1.011602759361267090e+00 5.239527300000190735e-02 -1.698108911514282227e+00 1.373537480831146240e-01 -2.707085609436035156e+00 -7.814159989356994629e-02 -3.967539072036743164e-01 -1.110666468739509583e-01 5.604819059371948242e-01 -9.226559996604919434e-01 -1.809257626533508301e+00 -3.296209871768951416e-01 2.016958147287368774e-01 2.839875221252441406e-01 -1.109897494316101074e+00 2.126039415597915649e-01
-2.381567284464836121e-02 -1.509866416454315186e-01 -3.678802847862243652e-01 4.404373839497566223e-02 2.400107085704803467e-01 -2.515627741813659668e-01 -1.320956647396087646e-01 2.860870659351348877e-01 4.820317625999450684e-01 -1.071578502655029297e+00 5.184671282768249512e-01 3.421607315540313721e-01 2.125173956155776978e-01 4.221394062042236328e-01 2.497766911983489990e-01 -2.136754691600799561e-01 6.510072946548461914e-01 -5.330519750714302063e-02 -9.443747997283935547e-02 -1.148523688316345215e-01 -1.907773613929748535e-01 4.776882231235504150e-01 7.410197705030441284e-02 1.714828982949256897e-02 8.279353380203247070e-01 6.057749390602111816e-01 -5.247344970703125000e-01 3.975276947021484375e-01 6.456667780876159668e-01 2.321419119834899902e-01 8.850901573896408081e-02 2.425223216414451599e-02 3.808144927024841309e-01 -3.306061774492263794e-02 5.022655725479125977e-01 4.740380048751831055e-01 -1.757737100124359131e-01 3.245494365692138672e-01 3.005694746971130371e-01 -8.962484449148178101e-02 -4.960899055004119873e-01 -2.854855954647064209e-01 3.764459788799285889e-01 5.122647285461425781e-01 7.987254858016967773e-02 2.535141706466674805e-01 3.197761252522468567e-02 8.027854561805725098e-02 -4.488792717456817627e-01 2.539356052875518799e-01 -6.931107640266418457e-01 4.478684663772583008e-01 -2.750281691551208496e-01 -5.249294266104698181e-02 4.428277909755706787e-01 8.151516318321228027e-01 -7.529904246330261230e-01 7.752628922462463379e-01 -2.817452549934387207e-01 -2.120991796255111694e-01 3.116343915462493896e-01 -8.970888853073120117e-01 1.827959567308425903e-01 1.001434307545423508e-02
-1.353207975625991821e-01 -1.737066656351089478e-01 -4.214553833007812500e-01 4.042626544833183289e-02 3.432459235191345215e-01 -1.913176178932189941e-01 -1.164580211043357849e-01 3.043137788772583008e-01 4.341419637203216553e-01 -1.048332095146179199e+00 3.745165765285491943e-01 3.316435217857360840e-01 1.287512630224227905e-01 4.277544021606445312e-01 2.693361639976501465e-01 -1.922520846128463745e-01 5.844184160232543945e-01 -7.181772589683532715e-02 -9.121259301900863647e-02 -1.717525720596313477e-01 -1.501932889223098755e-01 2.240791022777557373e-01 -1.082204952836036682e-01 -4.174110293388366699e-02 8.554854989051818848e-01 4.659983813762664795e-01 -3.782178163528442383e-01 3.751821219921112061e-01 6.852166652679443359e-01 7.523193210363388062e-02 5.147201195359230042e-02 4.087090957909822464e-03 3.573055565357208252e-01 -1.708730310201644897e-01 5.353730916976928711e-01 3.297641277313232422e-01 -1.292486935853958130e-01 3.549758195877075195e-01 4.044465720653533936e-01 -3.972289711236953735e-02 -4.612966775894165039e-01 -3.577648401260375977e-01 4.192247092723846436e-01 4.396351873874664307e-01 1.105101108551025391e-01 3.287113010883331299e-01 6.165383011102676392e-02 1.857649385929107666e-01 -3.911150097846984863e-01 7.784630358219146729e-02 -7.410267591476440430e-01 3.666923344135284424e-01 -4.259228706359863281e-01 -2.044299244880676270e-01 4.385766983032226562e-01 6.647390127182006836e-01 -8.977230191230773926e-01 7.002599835395812988e-01 -2.628835141658782959e-01 -1.623146831989288330e-01 2.704499661922454834e-01 -1.051414370536804199e+00 1.782448589801788330e-01 -1.313278675079345703e-01
-7.122404873371124268e-02 4.010553061962127686e-01 -2.312085181474685669e-01 2.230789661407470703e-01 -1.885676234960556030e-01 -4.976313412189483643e-01 3.337847590446472168e-01 -2.888568043708801270e-01 1.484225392341613770e-01 -5.270428657531738281e-01 1.283676028251647949e-01 9.239069372415542603e-02 -1.886786371469497681e-01 -9.189399331808090210e-02 1.325911581516265869e-01 2.876330632716417313e-03 3.065636456012725830e-01 2.802416682243347168e-01 -1.334576308727264404e-01 2.628929615020751953e-01 1.429052054882049561e-01 1.736391335725784302e-01 5.162799358367919922e-01 5.430770665407180786e-02 1.897939741611480713e-01 -1.404974609613418579e-01 -3.270990848541259766e-01 -2.472217530012130737e-01 1.981862336397171021e-01 -2.407758235931396484e-01 3.029161989688873291e-01 2.273578047752380371e-01 -1.274369210004806519e-01 3.637169301509857178e-02 7.813597470521926880e-02 7.875609397888183594e-02 2.105052173137664795e-01 -5.066153407096862793e-02 1.083106249570846558e-01 6.765691936016082764e-02 -2.251742407679557800e-02 -6.793234348297119141e-01 1.552308052778244019e-01 -1.919444650411605835e-01 1.508856117725372314e-01 5.071905255317687988e-02 3.311368525028228760e-01 -2.137040644884109497e-01 -5.099874455481767654e-03 -5.711462721228599548e-02 -2.000439763069152832e-01 4.246515408158302307e-02 1.303907856345176697e-02 3.700757920742034912e-01 -8.093755692243576050e-02 -1.644033938646316528e-01 -3.139363229274749756e-01 1.208457127213478088e-01 4.103875756263732910e-01 -3.007968068122863770e-01 -2.810134589672088623e-01 -2.553822696208953857e-01 5.071253702044487000e-02 -2.837142348289489746e-01
-1.335011869668960571e-01 -3.132347464561462402e-01 -3.292468190193176270e-01 -7.634181529283523560e-02 2.645397186279296875e-01 -6.070123612880706787e-02 -7.388143241405487061e-02 2.468985319137573242e-01 5.823895335197448730e-01 -1.057304620742797852e+00 3.852357864379882812e-01 1.694165617227554321e-01 1.336788088083267212e-01 3.421178162097930908e-01 3.866848349571228027e-01 -1.521410793066024780e-01 5.902951359748840332e-01 -1.626534759998321533e-01 -1.279337704181671143e-02 -2.632197439670562744e-01 -2.586608231067657471e-01 2.120323628187179565e-01 7.296286523342132568e-02 -7.682209461927413940e-02 8.009495139122009277e-01 5.721053481101989746e-01 -4.947463274002075195e-01 2.398175299167633057e-01 7.105576395988464355e-01 1.763511896133422852e-01 1.155967041850090027e-01 2.840506471693515778e-02 2.936640977859497070e-01 -3.749141469597816467e-02 4.225806593894958496e-01 2.938952147960662842e-01 -2.806307077407836914e-01 4.290341436862945557e-01 4.575905799865722656e-01 -1.576799899339675903e-02 -4.175607562065124512e-01 -4.381468594074249268e-01 4.254662692546844482e-01 2.535926699638366699e-01 1.989254504442214966e-01 2.004941105842590332e-01 1.248668953776359558e-01 7.827114313840866089e-02 -3.290544450283050537e-01 2.119652628898620605e-01 -7.520502805709838867e-01 4.651196002960205078e-01 -3.186709880828857422e-01 -1.791494339704513550e-01 4.564815163612365723e-01 6.071093082427978516e-01 -8.560787439346313477e-01 5.339169502258300781e-01 -2.664750814437866211e-01 -2.349578440189361572e-01 3.990917503833770752e-01 -9.005665779113769531e-01 2.165900915861129761e-01 -1.756018213927745819e-02
-5.525639746338129044e-03 -2.575490772724151611e-01 -4.207973480224609375e-01 7.723462767899036407e-03 1.830934137105941772e-01 -1.655324548482894897e-01 -1.432638149708509445e-02 4.575100839138031006e-01 6.482020020484924316e-01 -1.176819562911987305e+00 4.418828487396240234e-01 4.720974266529083252e-01 3.498640656471252441e-01 5.526250600814819336e-01 4.689037501811981201e-01 -7.326748222112655640e-02 6.628049612045288086e-01 -1.419543772935867310e-01 -1.069195866584777832e-01 -1.236562579870223999e-01 -2.481004297733306885e-01 4.520960152149200439e-01 -1.549702584743499756e-01 1.522895414382219315e-03 1.078176140785217285e+00 5.278766155242919922e-01 -4.457964599132537842e-01 4.252360165119171143e-01 7.166158556938171387e-01 2.257573902606964111e-01 1.152182072401046753e-01 -4.650414362549781799e-02 2.607578635215759277e-01 -2.136230617761611938e-01 4.173786938190460205e-01 3.789272308349609375e-01 -2.821417450904846191e-01 4.698312878608703613e-01 4.152292311191558838e-01 3.558367118239402771e-02 -4.957791566848754883e-01 -3.661987483501434326e-01 5.005490779876708984e-01 4.982172846794128418e-01 2.560471892356872559e-01 2.435278743505477905e-01 1.998471468687057495e-01 2.666020691394805908e-01 -4.347286522388458252e-01 9.845580905675888062e-02 -6.608147025108337402e-01 5.238565802574157715e-01 -4.162242412567138672e-01 -8.944626897573471069e-02 4.625680446624755859e-01 6.488972306251525879e-01 -8.589581251144409180e-01 7.420632839202880859e-01 -3.692820072174072266e-01 -1.401478350162506104e-01 3.162936866283416748e-01 -9.036485552787780762e-01 2.408049851655960083e-01 -1.744372546672821045e-01
-3.385628163814544678e-01 -4.210134223103523254e-02 -3.760080412030220032e-02 -1.752006709575653076e-01 3.319396972656250000e-01 8.446484059095382690e-02 1.334846377372741699e+00 2.169840633869171143e-01 9.868663735687732697e-03 6.005522608757019043e-01 1.623937189579010010e-01 -9.341661818325519562e-03 -7.335318718105554581e-03 3.349296748638153076e-01 -2.790895998477935791e-01 3.252413272857666016e-01 -8.668059706687927246e-01 4.920592010021209717e-01 2.472979724407196045e-01 2.281929850578308105e-01 -4.966975748538970947e-01 -2.877894937992095947e-01 1.334418505430221558e-01 1.125184297561645508e+00 -5.748402476310729980e-01 5.230306386947631836e-01 1.277916073799133301e+00 4.207048714160919189e-01 -5.309453606605529785e-01 1.132797718048095703e+00 3.871440887451171875e-01 1.626929521560668945e+00 4.699912853538990021e-03 1.058013319969177246e+00 -1.154154837131500244e-01 -1.493960767984390259e-01 1.036794304847717285e+00 -7.584185600280761719e-01 7.273235917091369629e-02 8.606489747762680054e-02 3.809548318386077881e-01 1.048602819442749023e+00 2.728897333145141602e-02 -4.583702683448791504e-01 -9.637503623962402344e-01 4.187996089458465576e-01 -2.220343798398971558e-01 -1.019844412803649902e-01 4.197379052639007568e-01 -1.262086272239685059e+00 7.670270800590515137e-01 3.966533839702606201e-01 6.969192624092102051e-01 5.448493957519531250e-01 -2.232777923345565796e-01 -2.825658917427062988e-01 1.039549589157104492e+00 -1.939732767641544342e-02 6.919883489608764648e-01 9.517744183540344238e-02 2.642493546009063721e-01 1.529372215270996094e+00 1.588235795497894287e-01 -4.852445423603057861e-01
-2.206904590129852295e-01 -1.214455347508192062e-02 -1.590128391981124878e-01 -3.426223695278167725e-01 5.279186367988586426e-01 -2.142242640256881714e-01 -1.817024946212768555e-01 1.720301955938339233e-01 -1.306178569793701172e-01 1.138783574104309082e+00 9.913280010223388672e-01 3.930822014808654785e-01 -2.391138225793838501e-01 1.081486120820045471e-01 -3.858336210250854492e-01 -4.735840111970901489e-02 1.159023404121398926e+00 -4.023348391056060791e-01 4.619485884904861450e-02 -1.062398552894592285e-01 1.272692680358886719e-01 -4.854102432727813721e-01 1.666056662797927856e-01 3.882616385817527771e-02 1.384255647659301758e+00 -4.482718184590339661e-02 -1.613812565803527832e+00 5.670371651649475098e-01 9.014917165040969849e-02 1.706981807947158813e-01 -4.728807508945465088e-02 -5.948584899306297302e-02 5.773472189903259277e-01 1.084158755838871002e-02 1.545661538839340210e-01 -1.265403330326080322e-01 -1.411021798849105835e-01 4.700864851474761963e-01 1.423460602760314941e+00 1.117896810173988342e-01 4.972721338272094727e-01 5.409351587295532227e-01 -3.282735049724578857e-01 -1.566153466701507568e-01 -4.209090173244476318e-01 1.322762370109558105e-01 -2.351029366254806519e-01 1.525741070508956909e-01 -1.586783304810523987e-02 3.565922677516937256e-01 4.535291492938995361e-01 5.795258283615112305e-01 -2.884585857391357422e-01 -8.861224167048931122e-03 -2.230044454336166382e-01 8.751773834228515625e-01 1.273849606513977051e+00 4.231843352317810059e-01 -1.588070690631866455e-01 -1.293915748596191406e+00 2.139605879783630371e-01 5.924881696701049805e-01 1.394012719392776489e-01 -6.817239522933959961e-01
-2.563819289207458496e-01 -1.775117032229900360e-02 -5.476247072219848633e-01 -9.627515822649002075e-02 1.902033239603042603e-01 -2.769346237182617188e-01 7.994438707828521729e-02 1.897049397230148315e-01 4.720488786697387695e-01 -9.569323062896728516e-01 4.151227176189422607e-01 2.784404754638671875e-01 1.961519867181777954e-01 3.933985531330108643e-01 1.721100211143493652e-01 -1.585310548543930054e-01 6.756576895713806152e-01 -2.184604853391647339e-01 -1.050554066896438599e-01 -9.848096966743469238e-02 -1.806364953517913818e-01 2.706037759780883789e-01 6.050501763820648193e-02 -1.534929871559143066e-01 7.123312354087829590e-01 2.309193164110183716e-01 -6.650292277336120605e-01 2.683101296424865723e-01 6.199084520339965820e-01 9.129311144351959229e-02 4.139919579029083252e-02 -6.796168535947799683e-02 1.193295940756797791e-01 -2.717434763908386230e-01 3.921542465686798096e-01 2.572062015533447266e-01 -1.804446578025817871e-01 2.469525933265686035e-01 4.120045900344848633e-01 -1.915057599544525146e-01 -5.250965952873229980e-01 -4.555250704288482666e-01 3.336530923843383789e-01 1.791394948959350586e-01 3.291093185544013977e-02 1.570990979671478271e-01 7.553873211145401001e-02 1.180968508124351501e-01 -2.812641561031341553e-01 1.797636002302169800e-01 -8.308605551719665527e-01 3.346163630485534668e-01 -3.729962408542633057e-01 -1.862038522958755493e-01 2.041044980287551880e-01 4.662240147590637207e-01 -7.345841526985168457e-01 6.337017416954040527e-01 -3.772478401660919189e-01 -2.946132421493530273e-01 1.676241755485534668e-01 -1.076482772827148438e+00 -2.356773801147937775e-02 -2.749267816543579102e-01
1.850980371236801147e-01 -7.631626725196838379e-02 1.679263561964035034e-01 -9.386309236288070679e-02 8.262783288955688477e-02 9.342915564775466919e-02 1.089905202388763428e-01 5.200887322425842285e-01 -3.114852309226989746e-01 -4.412165582180023193e-01 -3.645003139972686768e-01 -4.544067382812500000e-01 3.331657648086547852e-01 6.903428435325622559e-01 -1.605856269598007202e-01 -2.206411600112915039e+00 -3.208686351776123047e+00 -4.014386609196662903e-02 5.424306988716125488e-01 1.454247906804084778e-02 -1.320460677146911621e+00 1.954296678304672241e-01 4.678101465106010437e-02 -6.787734627723693848e-01 -1.107141375541687012e-01 3.953045010566711426e-01 -3.774342536926269531e-01 -5.893511325120925903e-02 -2.512266933917999268e-01 1.092497348785400391e+00 1.887464337050914764e-02 -3.291852951049804688e+00 2.072732150554656982e-01 3.084719479084014893e-01 3.340868353843688965e-01 -1.213510930538177490e-01 -1.535555571317672729e-01 3.090819716453552246e-01 -1.939478397369384766e+00 -1.848903149366378784e-01 1.519813895225524902e+00 6.474788784980773926e-01 -1.501984596252441406e-01 3.904958665370941162e-01 -2.203538417816162109e+00 2.934488952159881592e-01 4.601768776774406433e-02 1.827965974807739258e-01 1.425460726022720337e-01 2.458405047655105591e-01 2.850393354892730713e-01 5.155236124992370605e-01 -1.252567887306213379e+00 2.471566200256347656e-01 -4.035146534442901611e-01 3.212984502315521240e-01 7.746824063360691071e-03 -1.367630004882812500e+00 6.181842833757400513e-02 -7.047223448753356934e-01 5.338459610939025879e-01 -7.188636064529418945e-01 -5.390179157257080078e-01 2.227383255958557129e-01
-3.647601231932640076e-02 -1.125502586364746094e+00 9.667408466339111328e-02 -2.087696194648742676e-01 3.438839018344879150e-01 4.518227279186248779e-02 -9.833756685256958008e-01 4.032044708728790283e-01 -7.075166106224060059e-01 -1.684353351593017578e-01 6.485907435417175293e-01 4.139505028724670410e-01 -1.390583515167236328e-01 4.938594996929168701e-01 1.052946900017559528e-03 -2.130819082260131836e+00 -1.143039703369140625e+00 -3.428368270397186279e-01 8.928182721138000488e-02 -1.004455089569091797e-01 -1.369704008102416992e+00 -3.403549492359161377e-01 -9.078197181224822998e-02 -6.835461854934692383e-01 1.336054325103759766e+00 3.610871434211730957e-01 -3.293404817581176758e+00 5.313892364501953125e-01 2.714277803897857666e-01 3.195897042751312256e-01 -7.190407812595367432e-02 -1.544875025749206543e+00 5.037324428558349609e-01 1.158849522471427917e-01 9.075295329093933105e-01 -2.705678641796112061e-01 -2.696960568428039551e-01 8.341483473777770996e-01 8.453946560621261597e-02 -2.492006272077560425e-01 1.698108911514282227e-01 6.359405517578125000e-01 -1.878459006547927856e-01 -2.404890954494476318e-01 -3.927653133869171143e-01 5.666290223598480225e-02 -7.091595530509948730e-01 4.479375779628753662e-01 -9.704617410898208618e-02 5.199012756347656250e-01 -1.964453905820846558e-01 7.403912544250488281e-01 -1.792112708091735840e+00 -9.427401423454284668e-02 -1.674268245697021484e-01 7.633187770843505859e-01 -7.371420860290527344e-01 -4.769627749919891357e-01 -1.333987236022949219e+00 -1.755521297454833984e+00 2.841687798500061035e-01 -3.071622252464294434e-01 8.900563232600688934e-03 2.147717922925949097e-01
-1.833698302507400513e-01 -3.051711320877075195e-01 -4.428228139877319336e-01 8.814196288585662842e-02 3.157635629177093506e-01 -1.904360651969909668e-01 -8.134327083826065063e-02 3.577201068401336670e-01 6.688890457153320312e-01 -1.064057230949401855e+00 5.029236078262329102e-01 3.980845510959625244e-01 1.162607595324516296e-01 5.433837175369262695e-01 3.482642173767089844e-01 -1.359836608171463013e-01 6.463338732719421387e-01 2.290597185492515564e-02 -9.112334996461868286e-02 -1.418571174144744873e-01 -1.137559637427330017e-01 3.286534547805786133e-01 4.069983214139938354e-02 -6.327220797538757324e-02 1.030196547508239746e+00 3.791690766811370850e-01 -5.146322250366210938e-01 3.470272719860076904e-01 6.303879618644714355e-01 8.386170864105224609e-02 6.001040711998939514e-02 5.415632948279380798e-02 2.005208432674407959e-01 -2.229367047548294067e-01 3.865858018398284912e-01 3.504573702812194824e-01 -1.606405675411224365e-01 3.739384412765502930e-01 4.844588339328765869e-01 -1.199277490377426147e-01 -5.654848217964172363e-01 -2.040268331766128540e-01 5.152836441993713379e-01 3.296428024768829346e-01 2.438243180513381958e-01 1.937311440706253052e-01 5.768211558461189270e-02 1.862183064222335815e-01 -4.945553541183471680e-01 1.401803493499755859e-01 -7.233874797821044922e-01 3.497252166271209717e-01 -4.162463247776031494e-01 -2.158493101596832275e-01 4.670385420322418213e-01 7.919013500213623047e-01 -7.653585076332092285e-01 7.674723863601684570e-01 -2.427065819501876831e-01 -2.267791032791137695e-01 4.671501219272613525e-01 -9.152996540069580078e-01 2.788165211677551270e-01 -3.383145108819007874e-02
4.827581048011779785e-01 -8.847734332084655762e-02 3.686615526676177979e-01 8.796823024749755859e-01 -5.025808215141296387e-01 4.418569207191467285e-01 3.890018165111541748e-01 2.099138647317886353e-01 -2.459250092506408691e-01 1.819285035133361816e+00 1.417081594467163086e+00 -7.439931631088256836e-01 -6.021900773048400879e-01 2.205654084682464600e-01 -8.308947086334228516e-01 3.330497071146965027e-02 -5.666835308074951172e-01 -8.838090300559997559e-01 1.895512938499450684e-01 8.220519423484802246e-01 2.726179361343383789e-01 3.761530667543411255e-02 -4.267107695341110229e-03 4.441217482089996338e-01 -2.994789779186248779e-01 -1.199604153633117676e+00 -3.352444648742675781e+00 2.102988004684448242e+00 -2.198283374309539795e-01 -4.596525803208351135e-02 9.788765758275985718e-02 4.259098321199417114e-02 -1.726204156875610352e-02 3.942985236644744873e-01 5.088189500384032726e-04 -1.250396370887756348e+00 -5.678849220275878906e-01 -2.279693782329559326e-01 -6.721218228340148926e-01 1.180727481842041016e+00 1.348622441291809082e+00 5.979859828948974609e-01 -4.304536581039428711e-01 -6.717900037765502930e-01 -1.168097257614135742e+00 3.468616306781768799e-02 1.009655475616455078e+00 2.107565477490425110e-02 6.771712899208068848e-01 2.195673584938049316e-01 1.070299029350280762e+00 4.695925489068031311e-02 1.113715693354606628e-01 9.847179651260375977e-01 -1.988220065832138062e-01 4.128481149673461914e-01 8.628005981445312500e-01 -5.551216006278991699e-01 9.522076249122619629e-01 -7.351745963096618652e-01 -2.516105473041534424e-01 7.057567834854125977e-01 -1.254948079586029053e-01 4.406634569168090820e-01
-8.197582960128784180e-01 -3.920806944370269775e-01 -1.704520702362060547e+00 -7.353960275650024414e-01 -1.395435035228729248e-01 -1.479031085968017578e+00 8.200158923864364624e-02 -4.444877803325653076e-02 5.604297518730163574e-01 -2.669403553009033203e-01 3.113195300102233887e-02 3.336057364940643311e-01 4.828035235404968262e-01 -2.928521931171417236e-01 4.352298676967620850e-01 -1.555920600891113281e+00 -1.132824420928955078e+00 -2.101554632186889648e+00 -1.617599964141845703e+00 -5.611729621887207031e-01 -1.027133837342262268e-01 8.020779490470886230e-01 -3.451830148696899414e-02 -3.025470376014709473e-01 3.995148837566375732e-01 -5.742491483688354492e-01 2.626803889870643616e-02 -3.043785924091935158e-03 -1.650080919265747070e+00 -7.879720330238342285e-01 5.410522967576980591e-02 -1.151543498039245605e+00 -5.160925537347793579e-02 -9.681112766265869141e-01 -4.447042644023895264e-01 1.329321712255477905e-01 2.182418704032897949e-01 8.620494008064270020e-01 -7.973733544349670410e-01 -1.302051901817321777e+00 -2.316090464591979980e-01 -3.581234693527221680e+00 -2.026002645492553711e+00 7.055923342704772949e-01 -5.480068922042846680e-01 -5.795003380626440048e-03 -1.364504247903823853e-01 9.908648580312728882e-02 -7.007223963737487793e-01 6.715192794799804688e-01 8.219765424728393555e-01 -5.034248232841491699e-01 4.880752265453338623e-01 -1.937356144189834595e-01 -1.295518726110458374e-01 -6.860526800155639648e-01 1.899610906839370728e-01 -1.102166414260864258e+00 -4.707392156124114990e-01 1.405717730522155762e-01 1.313012242317199707e-01 2.581259794533252716e-02 7.472971826791763306e-02 4.728957638144493103e-02
3.568639606237411499e-02 -7.873531579971313477e-01 5.036908388137817383e-01 5.636726617813110352e-01 -9.793778508901596069e-02 1.998633593320846558e-01 -2.834169149398803711e+00 7.264854758977890015e-02 6.410349607467651367e-01 2.281111240386962891e+00 4.943610429763793945e-01 -3.695390224456787109e-01 3.974088430404663086e-01 -2.507320642471313477e-01 -3.012023866176605225e-01 -1.393770933151245117e+00 1.218768768012523651e-02 -4.113360345363616943e-01 5.633077025413513184e-02 3.535306751728057861e-01 2.719580531120300293e-01 -1.231125593185424805e+00 1.126343291252851486e-02 4.282934665679931641e-01 -2.507022321224212646e-01 -7.018803358078002930e-01 -2.981430768966674805e+00 2.224985696375370026e-02 -2.226554006338119507e-01 2.032649517059326172e-01 1.415236145257949829e-01 -1.357913464307785034e-01 3.849850594997406006e-01 -3.596022725105285645e-01 1.329074501991271973e-01 -5.368851423263549805e-01 7.412482053041458130e-02 -1.876264661550521851e-01 6.802171468734741211e-02 5.159896016120910645e-01 9.214260578155517578e-01 6.622862219810485840e-01 -5.702581405639648438e-01 2.781992591917514801e-02 -7.136095762252807617e-01 -7.709003686904907227e-01 3.403872251510620117e-02 -8.537267893552780151e-02 -5.570051074028015137e-01 -1.117076054215431213e-01 2.430683076381683350e-01 -2.994783520698547363e-01 5.614799261093139648e-01 -5.549498200416564941e-01 -4.115221500396728516e-01 -5.027373433113098145e-01 1.009317278861999512e+00 1.775924414396286011e-01 4.282158911228179932e-01 -6.654690206050872803e-02 -1.293090730905532837e-01 1.039686560630798340e+00 -2.479899078607559204e-01 -9.771212935447692871e-01
-9.208855032920837402e-02 1.175343804061412811e-02 -1.654024608433246613e-02 -3.588418960571289062e-01 4.904326796531677246e-01 1.081927306950092316e-02 1.384069919586181641e-01 7.547948509454727173e-02 -7.874745875597000122e-02 1.091817140579223633e+00 1.213081955909729004e+00 5.490136742591857910e-01 -1.243125051259994507e-01 1.218765228986740112e-01 -2.698974311351776123e-01 -2.210924588143825531e-02 1.062420725822448730e+00 -4.523970782756805420e-01 -1.126785278320312500e-01 -5.186711996793746948e-02 1.578060351312160492e-02 -4.884689748287200928e-01 1.305228173732757568e-01 1.591300219297409058e-02 1.415348052978515625e+00 3.018510341644287109e-02 -1.654617667198181152e+00 6.231611967086791992e-01 2.318041622638702393e-01 2.525819838047027588e-01 -6.957581639289855957e-02 6.222667917609214783e-02 5.687309503555297852e-01 7.006096839904785156e-02 1.702659130096435547e-01 -3.317499160766601562e-01 -9.008798748254776001e-02 5.456873774528503418e-01 1.272080659866333008e+00 -1.098258979618549347e-02 5.323851704597473145e-01 5.228777527809143066e-01 -2.843361794948577881e-01 -2.047876417636871338e-01 -2.734283804893493652e-01 2.398438900709152222e-01 -9.024329483509063721e-02 3.011905252933502197e-01 2.118060141801834106e-01 3.307594656944274902e-01 4.882853031158447266e-01 5.402046442031860352e-01 -2.923188209533691406e-01 -3.044274635612964630e-02 -3.207490146160125732e-01 9.405620694160461426e-01 1.412783980369567871e+00 5.812917351722717285e-01 1.975885927677154541e-01 -1.403267860412597656e+00 2.421998381614685059e-01 5.584487915039062500e-01 7.987561076879501343e-02 -4.815942049026489258e-01
-1.568383574485778809e-01 -2.740710377693176270e-01 -4.387854933738708496e-01 -7.335505634546279907e-02 1.239990964531898499e-01 -1.581907123327255249e-01 9.340831637382507324e-02 9.256292134523391724e-02 5.122553110122680664e-01 -1.066981434822082520e+00 3.339101970195770264e-01 1.935606151819229126e-01 6.270281225442886353e-02 4.795398712158203125e-01 1.536362469196319580e-01 -1.124544590711593628e-01 5.010672807693481445e-01 -1.694050282239913940e-01 -9.383553266525268555e-02 -2.307333201169967651e-01 -2.423469871282577515e-01 3.225811421871185303e-01 -9.231252968311309814e-02 -4.138293489813804626e-02 9.608119130134582520e-01 4.023194015026092529e-01 -4.422004818916320801e-01 2.043106853961944580e-01 6.635755300521850586e-01 8.390296250581741333e-02 1.308850944042205811e-01 -9.079167246818542480e-02 2.490517050027847290e-01 -1.330147236585617065e-01 3.682659566402435303e-01 4.230222702026367188e-01 -2.086589932441711426e-01 1.918185204267501831e-01 2.868772745132446289e-01 1.687263324856758118e-02 -5.502403974533081055e-01 -3.866368830204010010e-01 3.594345748424530029e-01 1.688260138034820557e-01 1.396743208169937134e-01 1.786440610885620117e-01 7.564892992377281189e-03 5.949191004037857056e-02 -4.064225554466247559e-01 7.501272112131118774e-02 -8.312445878982543945e-01 4.879278242588043213e-01 -5.081440210342407227e-01 -2.169561237096786499e-01 2.331049591302871704e-01 5.382921099662780762e-01 -7.453369498252868652e-01 5.355886816978454590e-01 -2.943589091300964355e-01 -2.770455777645111084e-01 1.946973502635955811e-01 -1.141990303993225098e+00 6.665342301130294800e-02 -9.934537112712860107e-02
4.358749389648437500e-01 2.878426015377044678e-01 3.196013271808624268e-01 6.408674120903015137e-01 1.894591748714447021e-01 1.653094142675399780e-01 1.598923087120056152e+00 1.792459338903427124e-01 8.080893158912658691e-01 1.458625197410583496e+00 8.705580234527587891e-01 3.448473513126373291e-01 -1.714200854301452637e+00 5.625204369425773621e-02 1.362766474485397339e-01 -4.268313646316528320e-01 2.803711593151092529e-01 2.366478443145751953e-01 3.875052928924560547e-01 3.394012749195098877e-01 8.697977066040039062e-01 -4.043169915676116943e-01 3.095096349716186523e-01 -4.461345970630645752e-01 -4.669410884380340576e-01 1.716341376304626465e-01 -2.958632946014404297e+00 2.627523243427276611e-01 -3.752613365650177002e-01 -1.098812445998191833e-01 2.035556584596633911e-01 3.372859358787536621e-01 -1.602489054203033447e-01 -1.001729011535644531e+00 2.923712432384490967e-01 -1.282068252563476562e+00 5.551390349864959717e-02 -3.150614500045776367e-01 -6.755820512771606445e-01 5.510368943214416504e-01 1.437448143959045410e+00 -4.238297641277313232e-01 -6.359970569610595703e-01 -6.193331480026245117e-01 -8.415501117706298828e-01 -6.106948107481002808e-02 4.357871115207672119e-01 -3.424690067768096924e-01 -6.374964714050292969e-01 3.943682610988616943e-01 2.024665355682373047e+00 7.129349708557128906e-01 -3.839055299758911133e-01 -8.513635396957397461e-01 -4.532492756843566895e-01 -6.284084171056747437e-02 -2.670941352844238281e-01 -1.922375440597534180e+00 -3.806896507740020752e-01 3.562180101871490479e-01 2.025581151247024536e-01 7.131586074829101562e-01 -5.496197342872619629e-01 -2.906341552734375000e-01
-3.217054605484008789e-01 -1.272139251232147217e-01 -5.253337621688842773e-01 -1.607996225357055664e-01 -1.951121911406517029e-02 -2.994362115859985352e-01 -7.315308600664138794e-02 2.973363548517227173e-02 3.252328038215637207e-01 -7.209859490394592285e-01 2.870887815952301025e-01 9.811755269765853882e-02 -6.495096534490585327e-02 3.497161269187927246e-01 2.432708889245986938e-01 -9.015099704265594482e-02 5.725063085556030273e-01 -3.200547695159912109e-01 -1.517678797245025635e-01 -1.132058650255203247e-01 -3.738580644130706787e-01 6.178116425871849060e-02 1.016782298684120178e-01 -4.961133375763893127e-02 6.290187239646911621e-01 3.006109893321990967e-01 -6.584116220474243164e-01 1.364584863185882568e-01 4.866525828838348389e-01 4.211518168449401855e-02 8.938502520322799683e-03 -1.224685981869697571e-01 -2.004159428179264069e-02 -2.335599809885025024e-01 2.145772278308868408e-01 1.650574952363967896e-01 -1.188471466302871704e-01 2.259128689765930176e-01 1.978721916675567627e-01 -6.983862817287445068e-02 -4.540936648845672607e-01 -5.048240423202514648e-01 3.561150431632995605e-01 1.806769371032714844e-01 -1.100592538714408875e-01 2.946461439132690430e-01 -6.437726318836212158e-02 -7.588088512420654297e-02 -3.381186127662658691e-01 8.596032857894897461e-02 -8.288868665695190430e-01 3.471329808235168457e-01 -4.371019601821899414e-01 -1.151745095849037170e-01 2.145798355340957642e-01 4.461663365364074707e-01 -8.808950781822204590e-01 5.898335576057434082e-01 -5.283714532852172852e-01 -4.221929907798767090e-01 3.390853526070713997e-03 -9.789080619812011719e-01 1.151490584015846252e-02 -2.507744431495666504e-01
2.207398861646652222e-01 3.861930966377258301e-02 1.843218356370925903e-01 6.180429458618164062e-01 -2.589699327945709229e-01 2.151819169521331787e-01 -1.159479469060897827e-01 -8.911444991827011108e-02 -4.518129229545593262e-01 1.015092968940734863e+00 2.945683598518371582e-01 -1.554875254631042480e+00 -3.958296477794647217e-01 -2.799661457538604736e-02 1.134826391935348511e-01 -1.412822604179382324e+00 -5.231039524078369141e-01 5.264458060264587402e-02 4.898903965950012207e-01 6.266727447509765625e-01 5.917067527770996094e-01 -1.901759579777717590e-02 2.899678647518157959e-01 1.478769659996032715e+00 8.168392777442932129e-01 -1.534669548273086548e-01 -1.097145557403564453e+00 5.178441405296325684e-01 7.012939453125000000e-01 7.170462608337402344e-01 5.053267232142388821e-04 -2.125938177108764648e+00 4.762414097785949707e-01 1.642137467861175537e-01 2.387723177671432495e-01 -1.742542386054992676e+00 -4.317629933357238770e-01 -2.970307134091854095e-02 -2.659908831119537354e-01 -1.347223967313766479e-01 2.180045703426003456e-03 5.008123517036437988e-01 -7.395209670066833496e-01 -3.889586627483367920e-01 -2.511514425277709961e-01 -5.905297398567199707e-02 -1.147322535514831543e+00 -1.274167150259017944e-01 -1.319485306739807129e+00 -2.200369119644165039e+00 4.507232308387756348e-01 -3.261250257492065430e-01 -1.464810669422149658e-01 7.619930505752563477e-01 -1.348727703094482422e+00 5.514924526214599609e-01 -2.938559055328369141e+00 -4.033762931823730469e+00 -2.858051657676696777e-02 -1.313877105712890625e+00 -1.713449060916900635e-01 -1.140367507934570312e+00 -1.619343638420104980e+00 3.228419125080108643e-01
-1.962376534938812256e-01 -2.168227881193161011e-01 -4.514737427234649658e-01 2.503163367509841919e-02 2.357801198959350586e-01 -3.092251718044281006e-01 9.000791609287261963e-02 2.134123295545578003e-01 5.025112628936767578e-01 -8.973615765571594238e-01 3.413279950618743896e-01 2.164293378591537476e-01 9.043394774198532104e-02 2.794069051742553711e-01 2.577673792839050293e-01 -2.218563705682754517e-01 6.980000138282775879e-01 -3.684166073799133301e-02 -1.407774514518678188e-03 -1.905136704444885254e-01 -2.568250596523284912e-01 1.526453942060470581e-01 3.183822333812713623e-02 1.390329562127590179e-02 8.585720062255859375e-01 4.606530964374542236e-01 -5.895676612854003906e-01 2.179513275623321533e-01 6.299842596054077148e-01 7.978781312704086304e-02 1.419587284326553345e-01 -1.659253537654876709e-01 1.669059693813323975e-01 -2.128006070852279663e-01 3.435473144054412842e-01 2.241105884313583374e-01 -1.764784455299377441e-01 2.838369905948638916e-01 3.030858039855957031e-01 4.290830343961715698e-02 -4.952949881553649902e-01 -4.026654064655303955e-01 3.582141995429992676e-01 3.372408449649810791e-01 9.750500321388244629e-02 3.676782548427581787e-01 -5.462107062339782715e-02 -1.339584589004516602e-02 -3.355101048946380615e-01 9.251549839973449707e-02 -7.499697208404541016e-01 3.425562679767608643e-01 -4.717312157154083252e-01 -1.433912664651870728e-01 2.399853169918060303e-01 5.039054155349731445e-01 -8.672803640365600586e-01 5.670953989028930664e-01 -3.893063664436340332e-01 -2.146245688199996948e-01 1.410144120454788208e-01 -1.068715691566467285e+00 1.147915720939636230e-01 -1.847752034664154053e-01
-1.547681540250778198e-01 2.343280613422393799e-01 -3.529554605484008789e-01 -1.205495074391365051e-01 5.794612169265747070e-01 -3.587927818298339844e-01 8.688342571258544922e-01 2.173001468181610107e-01 -1.256161808967590332e+00 8.070607185363769531e-01 1.055749058723449707e+00 -9.037335395812988281e+00 5.189328789710998535e-01 3.953027427196502686e-01 -3.653760552406311035e-01 -1.263659447431564331e-01 2.709054052829742432e-01 -5.779430642724037170e-02 5.754669904708862305e-01 -4.904532432556152344e-01 -3.306686580181121826e-01 2.400177270174026489e-01 -1.038377732038497925e-01 -2.625961601734161377e-01 -2.146773040294647217e-01 2.415030635893344879e-02 -7.847512960433959961e-01 -6.496897339820861816e-01 -1.324613541364669800e-01 2.566855430603027344e+00 -8.289988338947296143e-02 -2.930880188941955566e-01 4.167373180389404297e-01 6.925623118877410889e-02 4.821118116378784180e-01 -1.017124056816101074e+00 -2.656076550483703613e-01 4.185945689678192139e-01 4.411171972751617432e-01 -7.314804196357727051e-02 1.202381968498229980e+00 5.651882290840148926e-02 2.860371768474578857e-01 4.248979687690734863e-01 9.989041686058044434e-01 6.347303092479705811e-02 8.555315732955932617e-01 7.142946124076843262e-02 -4.504385590553283691e-01 -1.172692552208900452e-01 -6.702950596809387207e-01 2.348466068506240845e-01 -1.002123475074768066e+00 4.505940712988376617e-03 -8.646071553230285645e-01 -5.086231827735900879e-01 5.006172060966491699e-01 -8.993565440177917480e-01 -8.411403298377990723e-01 -7.511503100395202637e-01 1.727156341075897217e-01 5.036161541938781738e-01 -4.115459442138671875e+00 -2.321114093065261841e-01
-4.566347599029541016e-02 3.529297411441802979e-01 -3.002867102622985840e-01 -3.443737030029296875e-01 2.925423979759216309e-01 -1.124332323670387268e-01 3.029041923582553864e-02 1.488916873931884766e-01 4.852579832077026367e-01 1.088176250457763672e+00 7.255211472511291504e-01 5.819599032402038574e-01 -3.074270905926823616e-03 7.931756973266601562e-02 -1.814077645540237427e-01 5.015497207641601562e-01 3.757681325078010559e-02 -6.399439573287963867e-01 1.155439138412475586e+00 1.999459862709045410e-01 -1.986401319503784180e+00 -5.132885575294494629e-01 -6.697026640176773071e-02 1.161657691001892090e+00 1.124841451644897461e+00 4.730350971221923828e-01 -4.171792984008789062e+00 8.724918365478515625e-01 -2.223709821701049805e+00 3.211119771003723145e-01 2.997961360961198807e-03 3.923065587878227234e-02 3.532481193542480469e-01 -1.445851683616638184e+00 -9.130452573299407959e-02 -2.700401544570922852e-01 -3.152098134160041809e-02 7.552356459200382233e-03 1.965266317129135132e-01 -7.741545438766479492e-01 9.731066823005676270e-01 5.171667337417602539e-01 -1.040451884269714355e+00 1.426898092031478882e-01 -7.476271986961364746e-01 1.410347819328308105e-01 -5.159627199172973633e-01 -6.475913524627685547e-02 -1.639163196086883545e-01 2.631821334362030029e-01 -6.724876165390014648e-02 9.950011223554611206e-02 -7.630280405282974243e-02 2.614298760890960693e-01 -6.136166453361511230e-01 8.750606775283813477e-01 6.149782538414001465e-01 -3.220618665218353271e-01 5.628412961959838867e-01 -1.412020444869995117e+00 3.773833811283111572e-01 -7.554095387458801270e-01 2.458308935165405273e-01 -2.018373161554336548e-01
-8.877494186162948608e-02 -3.379354178905487061e-01 -3.314927518367767334e-01 1.990180648863315582e-02 2.223953157663345337e-01 8.726508356630802155e-03 4.861372336745262146e-02 4.403997361660003662e-01 5.648165345191955566e-01 -1.084661364555358887e+00 5.241047143936157227e-01 4.677717983722686768e-01 2.312616854906082153e-01 6.252732276916503906e-01 2.472559362649917603e-01 -2.364344894886016846e-02 6.563319563865661621e-01 -1.074848845601081848e-01 -1.082454845309257507e-01 -1.905585527420043945e-01 -1.556922793388366699e-01 4.345580637454986572e-01 6.968756020069122314e-02 -8.224777877330780029e-02 1.018242597579956055e+00 5.664224624633789062e-01 -4.088129997253417969e-01 4.239833056926727295e-01 6.632561683654785156e-01 2.265027612447738647e-01 9.416799247264862061e-02 -1.646269112825393677e-01 3.321931660175323486e-01 -8.175542205572128296e-02 5.050502419471740723e-01 5.539810061454772949e-01 -2.159425020217895508e-01 3.333096802234649658e-01 3.289500176906585693e-01 -3.897979110479354858e-02 -5.602546930313110352e-01 -2.511479258537292480e-01 6.055923104286193848e-01 5.080689191818237305e-01 5.002462863922119141e-02 3.803339898586273193e-01 5.632259696722030640e-02 2.433667927980422974e-01 -2.791113853454589844e-01 1.702288687229156494e-01 -6.727759838104248047e-01 4.563482403755187988e-01 -2.554078400135040283e-01 -7.057374715805053711e-02 5.686889886856079102e-01 6.205787062644958496e-01 -8.713839650154113770e-01 6.565581560134887695e-01 -3.025458455085754395e-01 -1.994750797748565674e-01 4.306177496910095215e-01 -8.717790246009826660e-01 3.157951831817626953e-01 -1.326493918895721436e-01
1.877835154533386230e+00 -1.537710148841142654e-02 4.468237161636352539e-01 -4.063983634114265442e-02 1.427442133426666260e-01 7.131769061088562012e-01 7.967041432857513428e-02 2.856340408325195312e-01 -9.496622532606124878e-02 1.315470457077026367e+00 -1.099821329116821289e-01 4.275067746639251709e-01 -2.855599224567413330e-01 4.002910107374191284e-02 1.343071222305297852e+00 -6.200134754180908203e-03 1.079724669456481934e+00 -4.089281558990478516e+00 4.982054829597473145e-01 2.458938509225845337e-01 1.148329973220825195e-01 4.519272595643997192e-02 9.801138192415237427e-02 -1.690083742141723633e-01 1.004142045974731445e+00 -5.229715108871459961e-01 2.733837068080902100e-01 5.811306834220886230e-01 3.516019284725189209e-01 -1.287232041358947754e+00 -3.103818744421005249e-02 4.351409971714019775e-01 -4.987294077873229980e-01 -5.977548360824584961e-01 -2.410763800144195557e-01 1.580567657947540283e-01 -6.078503727912902832e-01 4.827992618083953857e-02 6.843606829643249512e-01 5.822985172271728516e-01 -1.855822950601577759e-01 1.112260669469833374e-01 -4.968244433403015137e-01 -3.962519019842147827e-02 7.131187915802001953e-01 1.909952610731124878e-01 4.893956482410430908e-01 2.326725870370864868e-01 9.114035964012145996e-02 2.308765351772308350e-01 5.682047009468078613e-01 5.365181248635053635e-03 4.306858181953430176e-01 -1.024263620376586914e+00 7.082806527614593506e-02 1.195725798606872559e-01 5.587537586688995361e-02 6.249862909317016602e-01 1.573143750429153442e-01 7.344769835472106934e-01 2.466016560792922974e-01 3.433391094207763672e+00 3.105314373970031738e-01 2.742432355880737305e-01
-2.960335090756416321e-02 4.670956134796142578e-01 -6.850204467773437500e-01 -2.533078193664550781e+00 1.961252242326736450e-01 -2.316351085901260376e-01 3.902191817760467529e-01 -8.854431100189685822e-03 6.568831205368041992e-01 9.502974748611450195e-01 3.417625129222869873e-01 1.333632022142410278e-01 2.397696077823638916e-01 -1.207938671112060547e+00 -2.144755572080612183e-01 6.273285150527954102e-01 4.390837550163269043e-01 -5.132757186889648438e+00 -1.166016817092895508e+00 -1.099478453397750854e-01 1.470516204833984375e+00 1.719805896282196045e-01 4.761530086398124695e-02 6.156162023544311523e-01 2.184363603591918945e-01 -3.547145724296569824e-01 -2.663933932781219482e-01 -4.327792823314666748e-01 -4.452609419822692871e-01 -4.902100563049316406e-01 1.357257068157196045e-01 -2.866937220096588135e-01 -2.372988611459732056e-01 -5.360822677612304688e-01 -1.166814923286437988e+00 1.863180398941040039e-01 -1.214544296264648438e+00 -3.748636543750762939e-01 2.945149838924407959e-01 8.067144751548767090e-01 2.739393711090087891e-01 2.260497957468032837e-01 -7.468019425868988037e-02 2.944782674312591553e-01 1.076213121414184570e+00 3.822047710418701172e-01 -1.064490228891372681e-01 2.665445022284984589e-02 -1.227998256683349609e+00 -3.945118784904479980e-01 2.418431490659713745e-01 -2.532899975776672363e-01 5.290249586105346680e-01 7.181394845247268677e-02 5.670768395066261292e-02 5.376083850860595703e-01 7.259343266487121582e-01 1.767683029174804688e+00 -5.197830870747566223e-02 1.815115094184875488e+00 -1.845497637987136841e-01 1.688684821128845215e+00 2.936210632324218750e-01 -2.371274828910827637e-01
-4.585975408554077148e-02 -2.639848589897155762e-01 -2.682456672191619873e-01 5.141256749629974365e-02 1.996063888072967529e-01 -1.701418608427047729e-01 -9.194476902484893799e-02 3.250918090343475342e-01 4.428762793540954590e-01 -1.181306958198547363e+00 3.601777851581573486e-01 3.014355599880218506e-01 1.761998534202575684e-01 4.965913891792297363e-01 4.057420194149017334e-01 -2.074655443429946899e-01 5.793268680572509766e-01 3.663593530654907227e-02 -1.637226045131683350e-01 -1.355256289243698120e-01 -3.084400296211242676e-01 3.644837439060211182e-01 1.122127622365951538e-01 -7.789257168769836426e-02 1.012123584747314453e+00 4.719638228416442871e-01 -4.300497472286224365e-01 4.715850353240966797e-01 6.543768048286437988e-01 2.304313629865646362e-01 -4.617609828710556030e-02 -5.897276476025581360e-02 3.031910955905914307e-01 5.351632833480834961e-03 5.191031694412231445e-01 4.503758251667022705e-01 -1.180577650666236877e-01 3.288560509681701660e-01 3.956252932548522949e-01 -7.084684818983078003e-02 -5.727609992027282715e-01 -4.758420288562774658e-01 5.403319597244262695e-01 4.657242000102996826e-01 1.643116772174835205e-02 2.544869482517242432e-01 1.317781507968902588e-01 2.090346515178680420e-01 -3.742060065269470215e-01 8.336061984300613403e-02 -6.366647481918334961e-01 3.977501392364501953e-01 -2.613188624382019043e-01 -2.404671460390090942e-01 5.199778079986572266e-01 6.806873679161071777e-01 -7.262754440307617188e-01 6.877422928810119629e-01 -3.750927746295928955e-01 -6.685528159141540527e-02 4.495783150196075439e-01 -9.530130028724670410e-01 2.091201394796371460e-01 -1.770301163196563721e-01
3.240221738815307617e-01 -4.495844841003417969e-01 1.759419441223144531e-01 2.964182496070861816e-01 -1.392948627471923828e-01 -1.014206558465957642e-01 7.257964611053466797e-01 1.299577206373214722e-01 4.613165184855461121e-02 2.207808256149291992e+00 1.008754014968872070e+00 2.015603184700012207e-01 -1.584117263555526733e-01 -4.097212105989456177e-02 -1.272144913673400879e-01 -9.486102461814880371e-01 -1.691541075706481934e-01 -5.120193362236022949e-01 -6.700038444250822067e-03 2.504996061325073242e-01 4.338572546839714050e-02 -1.747407078742980957e+00 1.860051006078720093e-01 1.710050255060195923e-01 3.031702637672424316e-01 -5.873025655746459961e-01 -3.177361011505126953e+00 8.680465221405029297e-01 9.988227486610412598e-02 -2.248551249504089355e-01 3.878999128937721252e-02 -2.037934511899948120e-01 3.626505434513092041e-01 -3.531067669391632080e-01 2.903234958648681641e-01 -1.390175580978393555e+00 -1.592707335948944092e-01 4.251680802553892136e-03 -3.237726390361785889e-01 3.377100825309753418e-01 9.465298652648925781e-01 5.091201066970825195e-01 -5.333263278007507324e-01 -1.986891329288482666e-01 -8.609766960144042969e-01 -3.291271626949310303e-01 2.037685960531234741e-01 -4.876307025551795959e-02 -1.335511803627014160e-01 3.322306647896766663e-02 1.707715749740600586e+00 -4.346163198351860046e-02 -1.113311409950256348e+00 -4.102735817432403564e-01 -7.353228330612182617e-01 2.861423976719379425e-02 8.011839985847473145e-01 -2.416248321533203125e-01 -6.434937119483947754e-01 -1.071163177490234375e+00 -2.910374701023101807e-01 1.214289426803588867e+00 -2.661492303013801575e-02 -7.451111674308776855e-01
1.425412595272064209e-01 1.532779455184936523e+00 2.582274377346038818e-01 2.199345231056213379e-01 -2.550973594188690186e-01 3.026297986507415771e-01 6.345938444137573242e-01 2.237389981746673584e-02 -6.732723116874694824e-01 2.514231443405151367e+00 -1.250384926795959473e+00 2.343492358922958374e-01 4.166416525840759277e-01 -2.163697332143783569e-01 6.342014670372009277e-02 2.950872182846069336e-01 -2.059415280818939209e-01 1.204957842826843262e+00 3.227070569992065430e-01 3.897802531719207764e-01 4.683980941772460938e-01 -2.596496045589447021e-01 1.044677421450614929e-01 3.283496499061584473e-01 -6.219826936721801758e-01 -2.288124263286590576e-01 1.461046338081359863e+00 -7.965725064277648926e-01 -6.357526183128356934e-01 -2.865208387374877930e-01 -3.651756793260574341e-02 1.774392127990722656e-01 -2.966012060642242432e-01 6.231000423431396484e-01 -4.968107938766479492e-01 -4.948376715183258057e-01 2.358499914407730103e-01 -3.634276986122131348e-01 4.327246248722076416e-01 4.626810252666473389e-01 9.944394230842590332e-01 3.378397226333618164e-01 -4.894440174102783203e-01 -2.544995844364166260e-01 -6.187152490019798279e-02 5.351304411888122559e-01 2.829523570835590363e-02 -2.754893302917480469e-01 2.831732630729675293e-01 -2.423747926950454712e-01 -7.207500282675027847e-03 -1.634423285722732544e-01 2.708928585052490234e-01 1.031237244606018066e+00 -5.339953899383544922e-01 -8.118599057197570801e-01 8.523100614547729492e-01 -7.751744389533996582e-01 -6.980141401290893555e-01 -2.580010592937469482e-01 -3.682793378829956055e-01 1.432835221290588379e+00 -8.638356328010559082e-01 1.488054394721984863e-01
-1.702918261289596558e-01 -3.837167099118232727e-02 -4.167799651622772217e-01 -1.538456976413726807e-01 1.021848097443580627e-01 -3.991665244102478027e-01 4.879807308316230774e-02 6.103273108601570129e-02 4.005796313285827637e-01 -7.001979947090148926e-01 3.576692640781402588e-01 1.048860996961593628e-01 -4.830457270145416260e-02 3.204954862594604492e-01 1.441060751676559448e-01 -7.525929808616638184e-02 6.541817188262939453e-01 -2.724077701568603516e-01 -7.815569639205932617e-02 -2.192386835813522339e-01 -3.466629385948181152e-01 3.514707088470458984e-02 7.844451814889907837e-02 -4.933249205350875854e-02 8.002714514732360840e-01 2.775309383869171143e-01 -6.892822384834289551e-01 2.685476541519165039e-01 6.313674449920654297e-01 1.983165927231311798e-02 2.837770432233810425e-02 6.987911462783813477e-02 1.983783245086669922e-01 -3.473420441150665283e-01 1.310694664716720581e-01 2.663063704967498779e-01 -1.262893080711364746e-01 3.040912747383117676e-01 3.872915804386138916e-01 -7.149977236986160278e-02 -3.349784910678863525e-01 -4.932372272014617920e-01 2.585668861865997314e-01 1.199209988117218018e-01 -1.921379268169403076e-01 2.670436799526214600e-01 -1.090878993272781372e-01 -6.132235750555992126e-02 -2.644615173339843750e-01 2.194476872682571411e-02 -7.358334660530090332e-01 3.069723546504974365e-01 -4.006049036979675293e-01 -2.052098661661148071e-01 8.905806392431259155e-02 3.872067034244537354e-01 -6.617949008941650391e-01 6.243366599082946777e-01 -4.388061463832855225e-01 -3.970382213592529297e-01 3.642058232799172401e-03 -1.086490988731384277e+00 -7.743905484676361084e-02 -2.397040277719497681e-01
