7.103469371795654297e-01
1.053087562322616577e-01
5.252081751823425293e-01
8.340234160423278809e-01
6.444207429885864258e-01
-1.070752218365669250e-01
6.827449798583984375e-01
8.127515912055969238e-01
-8.349087834358215332e-01
3.630203008651733398e-01
6.459473371505737305e-01
6.132075786590576172e-01
9.795717597007751465e-01
6.875574588775634766e-01
-1.266160309314727783e-01
-3.323794603347778320e-01
-1.377144753932952881e-01
4.138961434364318848e-01
6.202890276908874512e-01
-7.640246748924255371e-01
2.980275154113769531e-01
3.007210195064544678e-01
6.130773425102233887e-01
5.459771156311035156e-01
3.091743588447570801e-01
8.116316199302673340e-01
-5.061041936278343201e-02
-1.103223443031311035e+00
7.833741903305053711e-01
-1.634121686220169067e-01
-7.330461144447326660e-01
3.101699054241180420e-01
