-4.187664091587066650e-01 5.382173880934715271e-02 3.009445667266845703e-01 6.961317062377929688e-01 3.464312851428985596e-02 8.236956596374511719e-01 2.739930152893066406e-01 1.145110349170863628e-03
4.818888902664184570e-01 -4.295584559440612793e-01 -3.185571730136871338e-01 -6.027595400810241699e-01 -3.357038199901580811e-01 -9.688981771469116211e-01 -8.080322295427322388e-02 -1.402244865894317627e-01
5.741585493087768555e-01 6.983204483985900879e-01 7.654672861099243164e-01 4.499523043632507324e-01 2.474237978458404541e-01 -3.905208408832550049e-01 2.345513701438903809e-01 9.475588798522949219e-03
-8.800922632217407227e-01 2.317959219217300415e-01 -7.715260982513427734e-01 -1.455493569374084473e-01 -6.346868872642517090e-01 -2.670921981334686279e-01 1.116546913981437683e-01 1.188553124666213989e-02
-3.074609301984310150e-02 2.798501253128051758e-01 1.216931082308292389e-02 -1.657237708568572998e-01 -2.933287024497985840e-01 -2.914051115512847900e-01 -6.753186881542205811e-02 2.028756588697433472e-01
3.851173222064971924e-01 -6.680883765220642090e-01 1.529193222522735596e-01 -8.636690378189086914e-01 -2.570768259465694427e-02 9.590316563844680786e-02 7.679985463619232178e-02 -2.716162614524364471e-02
-4.000939130783081055e-01 9.921967051923274994e-03 -5.494288206100463867e-01 -4.247106984257698059e-02 -3.405267000198364258e-01 7.104148622602224350e-03 1.279979646205902100e-01 -2.181579172611236572e-01
-9.865425825119018555e-01 2.795850634574890137e-01 8.505308628082275391e-02 3.682501316070556641e-01 1.386024355888366699e-01 7.061946392059326172e-01 1.795902401208877563e-01 -3.864787146449089050e-02
-9.066802263259887695e-01 3.373834490776062012e-01 -1.233912825584411621e+00 2.434675544500350952e-01 -9.851123392581939697e-02 1.128552705049514771e-01 2.930058725178241730e-02 -1.000166311860084534e-02
3.087961487472057343e-02 3.528804183006286621e-01 -8.939297199249267578e-01 -1.909166723489761353e-01 -6.625013351440429688e-01 -7.685558795928955078e-01 -1.243039593100547791e-01 -3.970831260085105896e-02
-8.150601983070373535e-01 2.240237444639205933e-01 4.809831827878952026e-02 1.647817790508270264e-01 -1.153098583221435547e+00 3.461656719446182251e-02 5.441492423415184021e-02 1.626848056912422180e-02
-1.604878783226013184e+00 7.729355245828628540e-02 -2.520425245165824890e-03 3.847200572490692139e-01 -4.645404592156410217e-02 9.909532219171524048e-02 1.243312656879425049e-01 1.564360427437350154e-04
6.722164154052734375e-01 -5.470969676971435547e-01 -2.111342191696166992e+00 -2.680141329765319824e-01 -4.672704041004180908e-01 2.587299942970275879e-01 -9.537455439567565918e-02 -4.362692683935165405e-02
-6.966168284416198730e-01 -3.790936172008514404e-01 -1.877976953983306885e-01 -4.416657090187072754e-01 -5.474776625633239746e-01 -4.513072967529296875e-02 1.310077160596847534e-01 8.762739598751068115e-03
6.826393604278564453e-01 -3.765415772795677185e-02 8.142997622489929199e-01 5.980647802352905273e-01 4.543589651584625244e-01 6.971648335456848145e-02 1.248461157083511353e-01 -3.154222294688224792e-02
7.986088395118713379e-01 -1.917870789766311646e-01 9.650245308876037598e-01 3.700735270977020264e-01 -1.029125213623046875e+00 -2.279155552387237549e-01 -4.055665433406829834e-01 -5.044478550553321838e-02
-4.895147085189819336e-01 1.731502115726470947e-01 9.582783281803131104e-02 -1.441836208105087280e-01 -4.068811833858489990e-01 -5.292685627937316895e-01 5.958753451704978943e-02 9.296535700559616089e-02
-5.535922646522521973e-01 2.883468866348266602e-01 2.413612902164459229e-01 1.430121362209320068e-01 -2.262297123670578003e-01 -4.641907811164855957e-01 3.016363680362701416e-01 -6.502225250005722046e-02
1.016418099403381348e+00 -3.034291267395019531e-01 2.053773850202560425e-01 -2.315424680709838867e-01 7.007368206977844238e-01 7.336821407079696655e-02 -4.843136072158813477e-01 1.166910957545042038e-02
-1.058169174939393997e-02 4.940864816308021545e-02 -3.162362277507781982e-01 -1.647405624389648438e-01 1.560250073671340942e-01 -1.990184187889099121e-01 -1.917205937206745148e-02 -5.364089086651802063e-02
-6.353069543838500977e-01 2.161630243062973022e-01 1.925925016403198242e-01 3.484959006309509277e-01 -2.083508372306823730e-01 1.261471509933471680e-01 2.979285120964050293e-01 3.901265095919370651e-03
-6.200563311576843262e-01 -3.931285142898559570e-01 -1.299606729298830032e-02 -3.265348672866821289e-01 -2.578752338886260986e-01 -3.184414207935333252e-01 -2.747457101941108704e-02 1.971552893519401550e-02
-6.287539601325988770e-01 7.140519022941589355e-01 -1.329840570688247681e-01 6.330894231796264648e-01 -3.190507292747497559e-01 -2.068978399038314819e-01 7.322549074888229370e-02 -4.340626671910285950e-02
-5.953986048698425293e-01 -1.134012937545776367e-01 -1.277521133422851562e+00 -1.213695202022790909e-02 -5.025943368673324585e-02 3.652825653553009033e-01 -1.703880429267883301e-01 1.670599915087223053e-02
5.644659399986267090e-01 5.106508135795593262e-01 -2.055995941162109375e+00 1.323102116584777832e-01 -2.018503904342651367e+00 -1.875844746828079224e-01 -3.453239202499389648e-01 9.607353247702121735e-03
-5.103791356086730957e-01 -1.672624261118471622e-03 -1.506529301404953003e-01 9.626173973083496094e-02 -8.445844054222106934e-02 -5.306950807571411133e-01 4.171672463417053223e-01 8.227439969778060913e-02
-6.402569413185119629e-01 7.143055796623229980e-01 3.132700622081756592e-01 2.593393921852111816e-01 2.567016482353210449e-01 9.345591664314270020e-01 1.005067080259323120e-01 -3.062113374471664429e-02
1.927759498357772827e-01 -1.406220495700836182e-01 -1.056051850318908691e+00 2.108533978462219238e-01 -5.532521605491638184e-01 -5.102658271789550781e-01 -4.454858601093292236e-01 -2.241471409797668457e-02
-2.080363184213638306e-01 7.846625894308090210e-02 4.140873253345489502e-01 4.993906021118164062e-01 -1.163933984935283661e-02 7.290099859237670898e-01 5.477906018495559692e-02 3.765195608139038086e-02
-8.043408393859863281e-01 3.801474273204803467e-01 6.727014551870524883e-04 2.719757258892059326e-01 2.505893111228942871e-01 9.583314657211303711e-01 2.046211957931518555e-01 -1.673374176025390625e-01
-3.036409616470336914e-01 2.872652411460876465e-01 -1.862719357013702393e-01 -2.920214831829071045e-01 -5.883753895759582520e-01 -1.694337725639343262e-01 4.722393117845058441e-03 9.020305005833506584e-04
-3.544318675994873047e-02 -7.556226104497909546e-02 5.595557093620300293e-01 -3.918133080005645752e-01 5.124559402465820312e-01 -2.349248677492141724e-01 3.776154816150665283e-01 -1.406335551291704178e-02
-8.476185798645019531e-02 -2.111929208040237427e-01 6.895013153553009033e-02 -2.838800847530364990e-01 3.712714612483978271e-01 -5.100389122962951660e-01 2.089208215475082397e-01 6.748181581497192383e-02
-9.270657300949096680e-01 1.593185216188430786e-01 -1.044927835464477539e+00 4.257966876029968262e-01 -1.527549028396606445e-01 2.113589644432067871e-01 -1.264397203922271729e-01 -3.489102004095911980e-03
-3.988124057650566101e-02 -1.233605593442916870e-01 -1.358797848224639893e-01 1.478855609893798828e-01 1.127118691802024841e-01 5.182799417525529861e-03 3.581289947032928467e-02 8.558935485780239105e-03
1.148237466812133789e+00 -3.328260481357574463e-01 8.158156871795654297e-01 2.411286830902099609e-01 5.408712029457092285e-01 -2.206287235021591187e-01 -1.130099967122077942e-01 -9.028578177094459534e-03
-1.012267351150512695e+00 6.662694364786148071e-02 -5.733477473258972168e-01 2.475173473358154297e-01 -3.305397629737854004e-01 5.469291210174560547e-01 4.765911027789115906e-02 1.069970652461051941e-01
2.252608060836791992e+00 3.267131000757217407e-02 -7.211276292800903320e-01 -2.300192601978778839e-02 4.134485721588134766e-01 -4.515421390533447266e-01 -1.325095593929290771e-01 -7.752566598355770111e-03
-9.597802162170410156e-02 -9.292480945587158203e-01 -2.975638806819915771e-01 -8.996717929840087891e-01 -1.528802812099456787e-01 -7.518531084060668945e-01 2.392138838768005371e-01 3.603863343596458435e-02
6.169873476028442383e-01 1.742772310972213745e-01 -1.567049473524093628e-01 -6.727629154920578003e-02 7.572962343692779541e-02 4.715132527053356171e-03 -2.241382449865341187e-01 2.656088769435882568e-01
1.665847301483154297e-01 -7.605792284011840820e-01 1.970347464084625244e-01 -6.755238771438598633e-01 -1.282263696193695068e-01 -1.147931888699531555e-01 -1.175974383950233459e-01 -4.261940717697143555e-03
1.261230260133743286e-01 -5.894154906272888184e-01 1.251023449003696442e-02 -6.735101938247680664e-01 3.346053883433341980e-02 -9.631483256816864014e-02 -1.721531450748443604e-01 -4.308783449232578278e-03
-3.005464971065521240e-01 9.116008132696151733e-02 -2.386391311883926392e-01 -8.528928458690643311e-02 -2.304361760616302490e-01 -7.730042189359664917e-02 6.947867572307586670e-02 -6.508590653538703918e-03
-2.919356524944305420e-01 -2.537808418273925781e-01 6.846708059310913086e-02 7.947583496570587158e-02 -3.457990884780883789e-01 -5.219762921333312988e-01 9.701616130769252777e-03 3.970684483647346497e-03
9.618286490440368652e-01 -3.158511817455291748e-01 3.554109334945678711e-01 -2.851414978504180908e-01 6.155234575271606445e-01 -1.459564417600631714e-01 -8.604316711425781250e-01 -3.574841190129518509e-03
-1.263753890991210938e+00 5.120155215263366699e-01 -1.162948012351989746e+00 3.085385262966156006e-01 -2.852675914764404297e-01 1.636131852865219116e-01 -2.422826364636421204e-02 1.665145042352378368e-03
-8.306415081024169922e-01 5.294868350028991699e-02 2.624679915606975555e-02 3.642320036888122559e-01 -3.430892229080200195e-01 -1.241441145539283752e-01 -1.423479318618774414e-01 3.947157040238380432e-02
-7.170081138610839844e-02 -5.913632048759609461e-05 -1.372220218181610107e-01 -7.444600760936737061e-02 2.861802577972412109e-01 9.738925099372863770e-02 -1.491507794708013535e-02 -4.336431920528411865e-01
-3.311127051711082458e-02 9.316762685775756836e-01 -5.763892084360122681e-02 8.407431244850158691e-01 1.691505908966064453e-01 -5.447087809443473816e-02 -5.696146488189697266e-01 2.912071347236633301e-02
1.482983529567718506e-01 -5.450717806816101074e-01 -8.962013572454452515e-02 -6.616975665092468262e-01 8.586888015270233154e-02 5.156641826033592224e-02 -2.095588445663452148e-01 -7.571636815555393696e-04
1.146727707237005234e-03 -1.390233985148370266e-03 -1.521937698125839233e-01 -3.651387095451354980e-01 -1.147051751613616943e-01 -1.314589083194732666e-01 -2.427306622266769409e-01 -4.768761992454528809e-02
-6.093734502792358398e-01 3.347339108586311340e-02 -4.216613769531250000e-01 1.241482049226760864e-01 1.975515112280845642e-02 -4.510541558265686035e-01 2.000963538885116577e-01 2.747912332415580750e-02
2.734779119491577148e-01 -9.627903997898101807e-02 -1.192869186401367188e+00 3.277856707572937012e-01 -2.717732787132263184e-01 -3.600794374942779541e-01 -2.733056545257568359e-01 -1.562437508255243301e-02
-7.395830005407333374e-03 4.622088074684143066e-01 -1.092499256134033203e+00 -8.434702455997467041e-02 -7.116801142692565918e-01 -1.927925944328308105e-01 -4.902209341526031494e-01 1.159479096531867981e-02
-3.551160097122192383e-01 -1.407732367515563965e-01 -2.181408405303955078e-01 1.252117455005645752e-01 -8.978062123060226440e-02 -3.633063733577728271e-01 2.352740988135337830e-02 2.003476768732070923e-02
-1.897950917482376099e-01 -1.969987154006958008e-01 -5.390073657035827637e-01 -2.904826998710632324e-01 -8.741754889488220215e-01 -4.563421010971069336e-01 -5.917168855667114258e-01 -1.569687202572822571e-02
-2.648608684539794922e-01 1.597831398248672485e-01 3.637165725231170654e-01 3.337434828281402588e-01 8.928048610687255859e-02 -6.540443748235702515e-02 3.476840555667877197e-01 1.478813029825687408e-02
1.635663211345672607e-01 3.236112892627716064e-01 6.437529921531677246e-01 1.396543234586715698e-01 1.208812817931175232e-01 -4.513740167021751404e-02 2.753253877162933350e-01 -1.170254945755004883e-01
-5.854566693305969238e-01 9.589009732007980347e-02 -7.003032565116882324e-01 1.383220404386520386e-01 -1.875406861305236816e+00 -1.206511408090591431e-01 -1.135624721646308899e-01 2.481559850275516510e-02
-7.424297928810119629e-01 -2.514182589948177338e-02 5.773578882217407227e-01 8.160249888896942139e-02 5.950086712837219238e-01 -7.223782688379287720e-02 1.422089338302612305e-01 -1.202047918923199177e-03
7.314339280128479004e-01 -1.049422398209571838e-01 4.384692609310150146e-01 -2.513219416141510010e-01 7.957341074943542480e-01 1.525816917419433594e-01 -4.750583171844482422e-01 -3.506958112120628357e-02
-4.984336197376251221e-01 -2.839218974113464355e-01 -1.037195622920989990e-01 -1.953900605440139771e-01 1.558778062462806702e-02 -2.194886654615402222e-01 5.010727420449256897e-02 3.956690896302461624e-03
-1.153695210814476013e-01 -7.517621517181396484e-01 1.977162202820181847e-03 -4.206572175025939941e-01 -3.629188239574432373e-02 -9.371796250343322754e-02 -4.926768690347671509e-02 -9.472209960222244263e-03
-4.399488866329193115e-01 6.601793318986892700e-02 -3.397391140460968018e-01 -5.830073356628417969e-02 -5.602418184280395508e-01 -1.153910756111145020e-01 -2.381268516182899475e-02 -4.385145753622055054e-02
