3.949225544929504395e-01
2.629145085811614990e-01
1.080995798110961914e-01
5.139574408531188965e-01
1.677372008562088013e-01
-1.553848683834075928e-01
-2.172201126813888550e-01
-2.493502944707870483e-01
6.223621964454650879e-01
7.801608182489871979e-03
-1.713606417179107666e-01
1.170776039361953735e-01
9.513892978429794312e-02
7.103520035743713379e-01
-5.216267704963684082e-01
-4.165697693824768066e-01
3.738134503364562988e-01
5.337784886360168457e-01
-7.422814965248107910e-01
2.608727812767028809e-01
-2.962133884429931641e-01
7.273792624473571777e-01
-2.048327624797821045e-01
3.345010876655578613e-01
-2.195907235145568848e-01
7.589030265808105469e-01
-2.871010079979896545e-02
1.375738531351089478e-01
3.258560597896575928e-01
3.539307117462158203e-01
-1.049742698669433594e-01
2.791664898395538330e-01
6.205354928970336914e-01
4.541915655136108398e-01
-1.337069123983383179e-01
-3.522731363773345947e-01
4.944523051381111145e-02
-5.705035328865051270e-01
9.039264917373657227e-01
-5.615480542182922363e-01
-1.770986020565032959e-01
-1.363010704517364502e-01
1.110914796590805054e-01
4.476332962512969971e-01
-4.480437934398651123e-02
4.353246986865997314e-01
2.747496962547302246e-01
-2.561364769935607910e-01
9.471564292907714844e-01
-5.766650661826133728e-02
4.638876020908355713e-01
4.245960712432861328e-01
4.888712763786315918e-01
7.080837488174438477e-01
2.753688395023345947e-01
5.520951151847839355e-01
-1.673931605182588100e-03
-4.976829290390014648e-01
-9.109647572040557861e-02
2.836096882820129395e-01
-4.598309099674224854e-02
4.223747551441192627e-01
-2.614568769931793213e-01
-5.997157655656337738e-03
