3.747090697288513184e-01 3.147526979446411133e-01 2.595467269420623779e-01 3.597810566425323486e-01 1.558517366647720337e-01 -5.392198562622070312e-01 2.662968933582305908e-01 3.443897366523742676e-01 1.022706776857376099e-01 3.195265531539916992e-01 2.869053483009338379e-01 5.110470950603485107e-02 -3.243537247180938721e-01 7.314033061265945435e-02 5.517764762043952942e-02 -2.263137996196746826e-01 1.359032392501831055e-01 2.630064487457275391e-01 -1.211138129234313965e+00 1.374260336160659790e-02 -3.349839150905609131e-02 3.643883019685745239e-02 -4.986366331577301025e-01 1.059267893433570862e-01 3.980577588081359863e-01 2.289831936359405518e-01 4.736295044422149658e-01 -3.498432636260986328e-01 3.334590196609497070e-01 3.515118956565856934e-01 2.495526969432830811e-01 3.119003400206565857e-02 2.848241329193115234e-01 -4.156313836574554443e-01 -5.629507452249526978e-02 4.344958961009979248e-01 4.036189317703247070e-01 -2.458703666925430298e-01 3.065888881683349609e-01 6.317540258169174194e-02 -4.339634776115417480e-01 -3.232224285602569580e-01 1.631482988595962524e-01 2.575789690017700195e-01 5.320919305086135864e-02 -1.286902874708175659e-01 1.272399276494979858e-01 7.256663590669631958e-02 3.358068466186523438e-01 -1.296899318695068359e-01 1.182220131158828735e-01 1.722182482481002808e-01 -3.337148427963256836e-01 -5.311095714569091797e-01 -2.606072463095188141e-02 1.706734150648117065e-01 3.602262958884239197e-02 -1.413360238075256348e-02 1.439646439393982291e-04 2.938155531883239746e-01 1.582161635160446167e-01 4.366621375083923340e-02 -3.714188933372497559e-01 4.276364147663116455e-01
2.047896981239318848e-01 5.862786769866943359e-01 -1.200932487845420837e-01 -1.486548185348510742e-01 8.864448964595794678e-02 -1.059452891349792480e+00 -3.873800039291381836e-01 4.101907014846801758e-01 -8.948229998350143433e-02 5.004373192787170410e-01 -4.224110245704650879e-01 -5.065573453903198242e-01 2.155879437923431396e-01 1.378649473190307617e-01 -6.470929980278015137e-01 -2.838295102119445801e-01 1.403953433036804199e-01 3.119578212499618530e-02 -6.755486130714416504e-01 2.995443046092987061e-01 -1.000858768820762634e-01 5.439513921737670898e-02 -1.554087698459625244e-01 -2.726792693138122559e-01 -5.815519690513610840e-01 2.835478782653808594e-01 7.178486138582229614e-02 1.790410727262496948e-01 1.044596955180168152e-01 4.729029536247253418e-01 -2.856955528259277344e-01 -1.239142846316099167e-02 3.764668703079223633e-01 2.403251230716705322e-01 2.307499498128890991e-01 5.852537155151367188e-01 3.456035554409027100e-01 3.125651180744171143e-02 -5.594992265105247498e-02 -1.736910492181777954e-01 -1.564698576927185059e+00 2.603900134563446045e-01 6.800981611013412476e-02 1.434453725814819336e-01 -6.711760163307189941e-02 2.183084934949874878e-01 5.252991989254951477e-02 6.647143959999084473e-01 -5.994176864624023438e-02 2.529526948928833008e-01 9.955805540084838867e-02 2.209360897541046143e-01 1.196307465434074402e-01 2.095888406038284302e-01 3.808297961950302124e-02 5.253742337226867676e-01 -1.078445911407470703e-01 -2.618302702903747559e-01 -2.701558172702789307e-02 -5.525513887405395508e-01 -1.114426493644714355e+00 -4.113781079649925232e-02 8.392503857612609863e-01 -5.134475231170654297e-01
8.724553883075714111e-02 4.474943280220031738e-01 -6.774469017982482910e-01 8.075419664382934570e-01 1.972183287143707275e-01 2.959223091602325439e-01 -4.275370836257934570e-01 4.801221191883087158e-01 8.027079701423645020e-01 7.910945415496826172e-01 1.515774279832839966e-01 -3.337437212467193604e-01 9.250504970550537109e-01 -1.026667281985282898e-02 -7.559028863906860352e-01 -1.403511501848697662e-03 6.704080104827880859e-02 1.103335767984390259e-01 1.487667560577392578e+00 1.321878582239151001e-01 2.467354759573936462e-02 5.796664208173751831e-02 6.629965305328369141e-01 5.729381442070007324e-01 -1.816180586814880371e+00 2.084889262914657593e-01 3.007539808750152588e-01 -2.701044380664825439e-01 2.917729616165161133e-01 2.617042064666748047e-01 -9.233027696609497070e-02 1.679366230964660645e-01 -5.911862943321466446e-03 9.289758205413818359e-01 8.808299899101257324e-02 -1.538903355598449707e+00 6.337345242500305176e-01 -5.508913993835449219e+00 1.741745322942733765e-01 -6.784734129905700684e-01 2.003175318241119385e-01 2.333416491746902466e-01 1.083813956938683987e-03 1.096114888787269592e-01 6.028185486793518066e-01 1.131190657615661621e+00 1.993256807327270508e-01 -7.888224907219409943e-03 -3.841761052608489990e-01 3.926024213433265686e-02 1.335496734827756882e-02 1.318460553884506226e-01 -2.907658517360687256e-01 2.491090595722198486e-01 -1.103270649909973145e-01 8.738058060407638550e-02 -1.290333122014999390e-01 -1.639510244131088257e-01 2.413594350218772888e-02 -1.347665339708328247e-01 2.574718594551086426e-01 -9.293243288993835449e-02 1.113753840327262878e-01 -2.361735999584197998e-01
4.656300246715545654e-01 4.102798104286193848e-01 1.496911197900772095e-01 1.981844455003738403e-01 9.710735082626342773e-02 -4.741685390472412109e-01 1.819642037153244019e-01 4.640047848224639893e-01 -5.676657706499099731e-02 1.575421094894409180e-01 1.119035854935646057e-01 3.004504144191741943e-01 -1.825538724660873413e-01 2.118040621280670166e-01 -7.003794610500335693e-02 5.294334888458251953e-02 2.477229833602905273e-01 3.005616962909698486e-01 -1.139187932014465332e+00 1.548119783401489258e-01 1.680672317743301392e-01 2.444560825824737549e-01 -3.096042871475219727e-01 1.827857494354248047e-01 4.213990867137908936e-01 2.443852424621582031e-01 3.751690387725830078e-01 -1.620432585477828979e-01 3.976516127586364746e-01 4.801887571811676025e-01 1.175055503845214844e-01 2.745954394340515137e-01 3.550800681114196777e-01 -2.672192156314849854e-01 -5.251684412360191345e-02 4.939833283424377441e-01 3.511838614940643311e-01 -2.035162001848220825e-01 4.478982388973236084e-01 -1.028034612536430359e-01 -2.788187861442565918e-01 -4.214195907115936279e-01 7.524038851261138916e-02 1.920600682497024536e-01 2.710097655653953552e-02 -7.306770980358123779e-02 2.506387531757354736e-01 3.023039363324642181e-02 2.905934154987335205e-01 -2.510106861591339111e-01 1.205536350607872009e-02 4.155822396278381348e-01 -1.789424866437911987e-01 -5.276613831520080566e-01 -8.110648021101951599e-03 4.011601209640502930e-01 3.520631417632102966e-02 2.253648340702056885e-01 -9.127642959356307983e-02 2.209162861108779907e-01 6.417777389287948608e-02 1.239247545599937439e-01 -3.177245557308197021e-01 2.997685968875885010e-01
1.338388025760650635e-01 8.922305703163146973e-01 1.960923224687576294e-01 1.070782765746116638e-01 3.228122591972351074e-01 -1.340034842491149902e+00 -1.266947239637374878e-01 3.594967424869537354e-01 5.469415336847305298e-02 8.130201101303100586e-01 7.677884697914123535e-01 -2.766568183898925781e+00 2.137814044952392578e+00 -2.912689685821533203e+00 -3.970479667186737061e-01 5.523452907800674438e-02 6.706238985061645508e-01 2.953285574913024902e-01 -1.078555509448051453e-01 3.424002230167388916e-02 -1.460577100515365601e-01 4.008404910564422607e-01 5.527205765247344971e-02 -6.616660207509994507e-02 -6.577212214469909668e-01 2.769088745117187500e-01 1.917016655206680298e-01 1.554688513278961182e-01 2.786909788846969604e-02 1.138612180948257446e-01 1.237003058195114136e-01 -2.692332506179809570e+00 -5.250334739685058594e-01 1.343256086111068726e-01 -3.368803858757019043e-02 3.837112188339233398e-01 3.866227567195892334e-01 -1.809619516134262085e-01 -1.984869599342346191e+00 -1.624893844127655029e-01 9.315437078475952148e-01 6.710278391838073730e-01 -6.973170489072799683e-02 7.047527432441711426e-01 1.915209293365478516e+00 2.027453035116195679e-01 3.478817343711853027e-01 1.935510784387588501e-01 3.671848773956298828e-01 5.842263698577880859e-01 9.074385464191436768e-02 2.606681883335113525e-01 2.292511239647865295e-02 2.376988977193832397e-01 3.799310326576232910e-01 8.058836460113525391e-01 -7.323180139064788818e-02 -1.162343397736549377e-01 2.674768269062042236e-01 -1.786533594131469727e+00 -6.962167620658874512e-01 -4.719351232051849365e-01 7.012346386909484863e-01 9.852578490972518921e-02
5.593366622924804688e-01 3.853918910026550293e-01 2.179724574089050293e-01 1.800765544176101685e-01 2.093087583780288696e-01 -3.118430972099304199e-01 3.626786470413208008e-01 3.901603519916534424e-01 -1.401629596948623657e-01 2.624622285366058350e-01 1.030986830592155457e-01 1.924092620611190796e-01 -3.743748068809509277e-01 2.810451984405517578e-01 1.427325159311294556e-01 -6.066880747675895691e-02 1.735099554061889648e-01 1.398655623197555542e-01 -1.183445692062377930e+00 1.461559385061264038e-01 4.615774005651473999e-02 2.668783962726593018e-01 -4.002697467803955078e-01 3.052759356796741486e-02 4.626377224922180176e-01 3.786025941371917725e-01 3.799550533294677734e-01 -2.189642488956451416e-01 3.644069731235504150e-01 3.790798485279083252e-01 2.149815410375595093e-01 9.167218953371047974e-02 3.194669187068939209e-01 -3.218049705028533936e-01 6.263593584299087524e-02 5.097593665122985840e-01 4.875761866569519043e-01 -2.744888067245483398e-01 2.533016800880432129e-01 4.992710426449775696e-02 -4.323788285255432129e-01 -4.528913199901580811e-01 4.384632036089897156e-02 2.208235114812850952e-01 2.401566132903099060e-02 -1.982623487710952759e-01 3.628863021731376648e-02 2.575803697109222412e-01 3.046988248825073242e-01 -1.688910275697708130e-01 1.033681333065032959e-01 2.946997284889221191e-01 -2.778985202312469482e-01 -5.772739648818969727e-01 1.379507929086685181e-01 4.359683990478515625e-01 7.403720915317535400e-02 1.775250136852264404e-01 -1.013838648796081543e-01 1.444500684738159180e-01 2.235117703676223755e-01 1.821569800376892090e-01 -3.009032309055328369e-01 5.262677073478698730e-01
5.645400881767272949e-01 4.790230095386505127e-01 2.796377241611480713e-01 2.160820513963699341e-01 1.020180247724056244e-02 -4.752233028411865234e-01 2.464717030525207520e-01 3.291003108024597168e-01 4.023623093962669373e-02 2.607379853725433350e-01 1.920426785945892334e-01 2.262009382247924805e-01 -1.813289970159530640e-01 2.490512728691101074e-01 8.005136996507644653e-02 -1.751531809568405151e-01 7.211290299892425537e-02 2.478605508804321289e-01 -1.260481595993041992e+00 1.831333711743354797e-02 1.883173882961273193e-01 3.320661187171936035e-01 -4.943622648715972900e-01 8.688391745090484619e-02 4.705638587474822998e-01 4.288317561149597168e-01 5.865642428398132324e-01 -2.063136249780654907e-01 2.447474747896194458e-01 5.193403959274291992e-01 2.074784338474273682e-01 8.767016977071762085e-02 3.575077354907989502e-01 -3.185006380081176758e-01 8.377420157194137573e-02 5.099449157714843750e-01 4.126585721969604492e-01 -1.306526213884353638e-01 4.189272224903106689e-01 -7.446438819169998169e-02 -4.079424142837524414e-01 -4.330744445323944092e-01 1.457896530628204346e-01 1.462096124887466431e-01 8.317925781011581421e-02 -3.634889051318168640e-02 2.237335741519927979e-01 2.343198210000991821e-01 3.551734089851379395e-01 -2.542940378189086914e-01 5.715231597423553467e-02 3.310138881206512451e-01 -3.105413317680358887e-01 -5.302172303199768066e-01 1.335099246352910995e-02 2.674926817417144775e-01 2.130218744277954102e-01 1.380668133497238159e-01 -1.678396463394165039e-01 3.132641017436981201e-01 1.046701371669769287e-01 6.628325581550598145e-02 -2.454608231782913208e-01 3.749633729457855225e-01
4.063908159732818604e-01 5.749792456626892090e-01 1.971538960933685303e-01 2.648298144340515137e-01 8.398669213056564331e-02 -4.509412944316864014e-01 2.498541176319122314e-01 4.005538225173950195e-01 4.574454575777053833e-02 2.275556921958923340e-01 2.234144210815429688e-01 3.299894034862518311e-01 -2.383506447076797485e-01 3.776180446147918701e-01 -2.808895707130432129e-02 -1.564154326915740967e-01 2.653012275695800781e-01 3.176306188106536865e-01 -1.178477406501770020e+00 1.345886439085006714e-01 7.416857033967971802e-02 2.611441016197204590e-01 -2.864038646221160889e-01 1.716308593750000000e-01 5.166239142417907715e-01 4.495742321014404297e-01 5.924072861671447754e-01 -2.796100378036499023e-01 2.758649587631225586e-01 4.863490164279937744e-01 3.136910796165466309e-01 3.203915655612945557e-01 2.229262143373489380e-01 -3.404776751995086670e-01 5.436006467789411545e-03 5.085473060607910156e-01 5.761594176292419434e-01 -2.955891191959381104e-01 4.936104118824005127e-01 -5.006668344140052795e-02 -3.506113290786743164e-01 -2.263212502002716064e-01 2.426069527864456177e-01 2.887499332427978516e-01 9.778806567192077637e-02 -7.970694452524185181e-02 3.948367014527320862e-02 8.241607993841171265e-02 3.083595931529998779e-01 -1.164058893918991089e-01 6.258929520845413208e-02 3.623648285865783691e-01 -1.920028179883956909e-01 -4.048385918140411377e-01 4.561598971486091614e-02 2.924566864967346191e-01 1.112282872200012207e-01 3.724555298686027527e-02 -7.456976920366287231e-02 2.774637341499328613e-01 3.179745078086853027e-01 3.033301830291748047e-01 -2.172687202692031860e-01 3.265184164047241211e-01
4.356361925601959229e-01 5.523319244384765625e-01 2.371130138635635376e-01 3.339343369007110596e-01 2.480811439454555511e-02 -3.923785090446472168e-01 3.011027872562408447e-01 3.156794607639312744e-01 5.125195533037185669e-02 1.085083857178688049e-01 2.337750643491744995e-01 3.142261803150177002e-01 -1.656249910593032837e-01 2.360072135925292969e-01 4.439195245504379272e-02 5.760626867413520813e-02 2.001007348299026489e-01 3.231067359447479248e-01 -1.327754020690917969e+00 2.186332494020462036e-01 3.285638056695461273e-03 2.402598559856414795e-01 -4.478039443492889404e-01 1.501500755548477173e-01 4.140584766864776611e-01 2.463293373584747314e-01 4.073095023632049561e-01 -2.512589991092681885e-01 3.439153730869293213e-01 5.147665143013000488e-01 8.096566796302795410e-02 2.235666364431381226e-01 2.180386632680892944e-01 -1.970522850751876831e-01 1.293932925909757614e-02 4.007880687713623047e-01 4.842991828918457031e-01 -2.168476432561874390e-01 2.960234582424163818e-01 -7.627487927675247192e-02 -3.154813349246978760e-01 -4.583253562450408936e-01 1.664026528596878052e-01 1.102768108248710632e-01 -5.445903167128562927e-03 -6.967782974243164062e-02 1.347629725933074951e-01 1.673308461904525757e-01 2.137657105922698975e-01 -1.960191130638122559e-01 5.256397649645805359e-02 1.903598159551620483e-01 -4.419780671596527100e-01 -5.282610654830932617e-01 -2.796393446624279022e-02 3.294394612312316895e-01 1.050930097699165344e-01 1.846807450056076050e-01 -1.316061764955520630e-01 1.852944195270538330e-01 2.318843454122543335e-01 2.530831694602966309e-01 -1.976039260625839233e-01 4.966240227222442627e-01
1.487225741147994995e-01 3.444322645664215088e-01 -7.902519106864929199e-01 4.702244102954864502e-01 2.289006710052490234e-01 1.999440938234329224e-01 -5.352799296379089355e-01 4.686635732650756836e-01 8.131660223007202148e-01 6.569269299507141113e-01 2.087408602237701416e-01 -3.108743727207183838e-01 1.167789697647094727e+00 4.733235761523246765e-02 -5.990014076232910156e-01 1.757688373327255249e-01 -4.499037563800811768e-02 5.216517671942710876e-02 1.447986841201782227e+00 4.212475195527076721e-02 2.764207869768142700e-02 -1.040666177868843079e-02 3.932992219924926758e-01 3.416521251201629639e-01 -1.657057881355285645e+00 2.218612730503082275e-01 4.360680282115936279e-01 -3.482477664947509766e-01 1.770862340927124023e-01 1.826913505792617798e-01 -1.772864907979965210e-01 -2.324001304805278778e-02 1.270781904458999634e-01 9.907494187355041504e-01 1.623097062110900879e-02 -1.699495077133178711e+00 5.732595920562744141e-01 -4.578222751617431641e+00 2.102926522493362427e-01 -6.504014730453491211e-01 1.919446140527725220e-01 6.646712869405746460e-02 -2.301877923309803009e-02 2.239880263805389404e-01 5.166252255439758301e-01 1.124454617500305176e+00 3.089062869548797607e-01 2.382092624902725220e-01 -3.803444802761077881e-01 2.302586473524570465e-02 1.561086326837539673e-01 3.615329265594482422e-01 -4.720644950866699219e-01 1.959896981716156006e-01 3.412128984928131104e-02 3.532367646694183350e-01 2.181906811892986298e-02 -9.718518704175949097e-02 1.588403433561325073e-01 -1.464992910623550415e-01 2.624130547046661377e-01 -4.536513239145278931e-02 -1.221607476472854614e-01 -3.522851169109344482e-01
-1.686009466648101807e-01 -8.936426639556884766e-01 2.346630096435546875e-01 5.161533132195472717e-02 1.698041707277297974e-01 4.057043492794036865e-01 7.099871635437011719e-01 3.743691742420196533e-02 1.670427173376083374e-01 1.670086383819580078e-02 3.841598331928253174e-01 1.030011847615242004e-01 6.505720615386962891e-01 -1.002260327339172363e+00 4.022315144538879395e-01 -7.808791846036911011e-02 8.692031353712081909e-02 4.258067309856414795e-01 4.708639979362487793e-01 3.406713008880615234e-01 5.080075860023498535e-01 -2.959445714950561523e-01 2.463627904653549194e-01 5.652911961078643799e-02 -5.035477280616760254e-01 5.659003555774688721e-02 -4.955160431563854218e-03 2.216779291629791260e-01 -1.785366982221603394e-01 3.004841804504394531e-01 1.801906526088714600e-01 -6.964126974344253540e-02 -1.817064434289932251e-01 6.750299781560897827e-02 -2.748311683535575867e-02 2.255948036909103394e-01 -2.555165886878967285e-01 1.943970797583460808e-03 -1.216378688812255859e+00 -1.146032884716987610e-01 2.670159339904785156e-01 4.706670641899108887e-01 2.041879296302795410e-01 -8.646992035210132599e-03 -9.725052118301391602e-02 -1.244036778807640076e-01 3.845159411430358887e-01 5.816426873207092285e-01 1.023651883006095886e-01 1.369457542896270752e-01 3.827215358614921570e-02 2.610977888107299805e-01 1.551759093999862671e-01 2.727292478084564209e-01 -1.404782235622406006e-01 -2.788805663585662842e-01 5.588739514350891113e-01 7.007029056549072266e-01 1.028203129768371582e+00 1.483599282801151276e-02 1.404677145183086395e-02 -1.499495953321456909e-01 5.831649899482727051e-01 1.103116720914840698e-01
4.847446680068969727e-01 4.848625659942626953e-01 2.095372378826141357e-01 3.437019884586334229e-01 9.176534414291381836e-02 -4.188916683197021484e-01 3.078662157058715820e-01 4.241619706153869629e-01 1.168015040457248688e-02 1.119638010859489441e-01 2.144821286201477051e-01 1.572017520666122437e-01 -1.578106135129928589e-01 3.146744072437286377e-01 6.225425750017166138e-02 6.313818693161010742e-02 1.291503012180328369e-01 3.227927386760711670e-01 -1.327929615974426270e+00 1.504723876714706421e-01 1.420970559120178223e-01 3.294321298599243164e-01 -3.831202089786529541e-01 1.109790429472923279e-01 4.873345494270324707e-01 3.210856020450592041e-01 5.576224327087402344e-01 -1.332221180200576782e-01 3.876480460166931152e-01 4.325761795043945312e-01 1.908847987651824951e-01 2.323392182588577271e-01 3.698178231716156006e-01 -3.250150680541992188e-01 8.885325491428375244e-02 5.678738951683044434e-01 5.030786991119384766e-01 -1.973218023777008057e-01 3.218129873275756836e-01 -1.218246594071388245e-01 -4.569538235664367676e-01 -1.717999428510665894e-01 2.493846416473388672e-01 2.554533779621124268e-01 1.707549542188644409e-01 -1.408069133758544922e-01 2.383955568075180054e-01 2.070236057043075562e-01 3.099412322044372559e-01 -2.352830581367015839e-02 2.053343653678894043e-01 3.848361670970916748e-01 -3.194866478443145752e-01 -4.681864678859710693e-01 1.597924381494522095e-01 2.556456625461578369e-01 1.335546523332595825e-01 1.332775503396987915e-01 -2.434884756803512573e-01 1.302859485149383545e-01 1.182566061615943909e-01 2.096983641386032104e-01 -1.146765574812889099e-01 4.427487850189208984e-01
-2.492990903556346893e-02 -8.939607143402099609e-01 5.068752169609069824e-01 8.019914478063583374e-02 2.428171336650848389e-01 4.634247124195098877e-01 4.548797905445098877e-01 -4.020439982414245605e-01 -4.873036220669746399e-02 2.905034422874450684e-01 2.384406775236129761e-01 2.022226005792617798e-01 7.294264435768127441e-01 -1.502109885215759277e+00 9.109498858451843262e-01 2.005499452352523804e-01 1.448657214641571045e-01 1.668010205030441284e-01 2.999813258647918701e-01 6.459991633892059326e-02 5.577498674392700195e-01 -4.996096789836883545e-01 2.669804692268371582e-01 -1.498287823051214218e-02 -5.465317964553833008e-01 2.656594216823577881e-01 -1.634884029626846313e-01 7.649005204439163208e-02 -2.088018357753753662e-01 -1.222576126456260681e-01 2.951256036758422852e-01 -1.552494894713163376e-02 -2.285931557416915894e-01 -1.992234773933887482e-02 1.758865267038345337e-01 9.167640209197998047e-01 -1.715813577175140381e-01 4.942557215690612793e-01 -1.628097653388977051e+00 2.078962177038192749e-01 1.726442813873291016e+00 1.437999129295349121e+00 2.108089327812194824e-01 1.883349716663360596e-01 -2.105055004358291626e-01 -2.635380625724792480e-01 3.363325595855712891e-01 5.827462673187255859e-01 1.559745222330093384e-01 5.715529322624206543e-01 -2.204994112253189087e-01 3.148053586483001709e-01 2.940920293331146240e-01 3.053638935089111328e-01 -1.806942522525787354e-01 -4.194671660661697388e-02 4.742498993873596191e-01 7.124015092849731445e-01 9.024903774261474609e-01 6.122417282313108444e-03 -1.014243736863136292e-01 -4.347346723079681396e-01 1.167624592781066895e+00 -6.492929905652999878e-02
1.298411935567855835e-01 7.901184558868408203e-01 -5.125021934509277344e-01 6.000585556030273438e-01 1.190467923879623413e-01 2.404187023639678955e-01 -1.743822395801544189e-01 1.718773692846298218e-01 8.307092785835266113e-01 5.813271403312683105e-01 8.761806786060333252e-02 -2.915974557399749756e-01 8.018855452537536621e-01 -5.855690687894821167e-02 -5.848487019538879395e-01 4.324570000171661377e-01 1.401395946741104126e-01 1.548357754945755005e-01 1.497623443603515625e+00 8.165923506021499634e-02 4.371250793337821960e-02 -9.976200759410858154e-02 2.126977294683456421e-01 1.011017709970474243e-01 -9.194959402084350586e-01 2.713555991649627686e-01 2.513368725776672363e-01 -2.579849362373352051e-01 1.023719161748886108e-01 1.784108728170394897e-01 -7.433730363845825195e-02 2.148955687880516052e-02 1.401164978742599487e-01 7.430207729339599609e-01 -7.952696830034255981e-02 -1.227332234382629395e+00 3.399928212165832520e-01 -1.823470711708068848e+00 2.277913689613342285e-01 -7.009956520050764084e-03 2.487465888261795044e-01 2.618786394596099854e-01 1.551350057125091553e-01 1.941128373146057129e-01 8.129989504814147949e-01 1.016877651214599609e+00 -2.002798914909362793e-01 7.693134248256683350e-02 -6.952328681945800781e-01 7.552217692136764526e-02 7.900562137365341187e-02 2.846709489822387695e-01 -1.312414705753326416e-01 1.542077660560607910e-01 -1.122484076768159866e-02 1.781983375549316406e-01 1.910019107162952423e-02 4.268411081284284592e-03 8.095521330833435059e-01 -6.514018867164850235e-03 2.617255151271820068e-01 1.481533944606781006e-01 6.414324790239334106e-02 -3.421292603015899658e-01
1.061650887131690979e-01 -1.887370586395263672e+00 7.225310057401657104e-02 3.937530517578125000e-01 3.260691165924072266e-01 -7.867776751518249512e-01 3.887196183204650879e-01 5.142024755477905273e-01 2.661077976226806641e-01 -2.258596569299697876e-01 8.230853676795959473e-01 -3.686306715011596680e+00 1.188437581062316895e+00 -1.128202319145202637e+00 -1.300352364778518677e-01 -3.539475202560424805e-01 5.267015695571899414e-01 3.625471889972686768e-01 1.787323951721191406e-01 4.756952449679374695e-02 6.248266249895095825e-02 1.127631187438964844e+00 1.262441277503967285e-01 1.539539098739624023e-01 -4.133442938327789307e-01 1.970348209142684937e-01 2.373519837856292725e-01 -4.436394870281219482e-01 1.471755653619766235e-01 1.856898069381713867e-01 1.962830275297164917e-01 -2.920595645904541016e+00 -1.089857697486877441e+00 4.424380362033843994e-01 -2.020933292806148529e-02 5.982769727706909180e-01 4.357820153236389160e-01 -2.054617404937744141e-01 -1.168985843658447266e+00 -2.287278473377227783e-01 1.926072537899017334e-01 2.905404940247535706e-02 2.583445794880390167e-02 4.121686220169067383e-01 1.158321261405944824e+00 6.169014573097229004e-01 3.059609234333038330e-01 4.388650953769683838e-01 3.271141350269317627e-01 -3.297544717788696289e-01 3.216538429260253906e-01 2.337746173143386841e-01 5.786055326461791992e-02 3.707016408443450928e-01 7.695400118827819824e-01 9.226492047309875488e-01 5.418424680829048157e-02 3.900291025638580322e-02 5.790217518806457520e-01 -2.997713804244995117e+00 -8.432743549346923828e-01 -3.596083819866180420e-01 1.644954271614551544e-02 6.256566047668457031e-01
2.870283648371696472e-02 6.033459901809692383e-01 -7.851772308349609375e-01 2.691766619682312012e-01 -1.296701095998287201e-02 2.136187553405761719e-01 -5.822220444679260254e-02 -1.379896104335784912e-01 1.092606067657470703e+00 -4.182733893394470215e-01 -1.163811802864074707e+00 9.228669852018356323e-02 5.358557105064392090e-01 1.341578364372253418e-01 -4.666586518287658691e-01 -2.334904670715332031e-01 1.793254017829895020e-01 -4.694361984729766846e-02 1.632346749305725098e+00 1.977972388267517090e-01 -1.278651207685470581e-01 2.062133252620697021e-01 2.877234220504760742e-01 5.601080060005187988e-01 1.504554748535156250e+00 4.801742359995841980e-02 2.792052691802382469e-03 -7.663340568542480469e-01 3.657221496105194092e-01 -9.782146662473678589e-02 2.070476859807968140e-01 3.091358244419097900e-01 3.307512402534484863e-01 8.157771229743957520e-01 1.931122988462448120e-01 -1.067546844482421875e+00 -3.625871837139129639e-01 1.710589379072189331e-01 3.297894299030303955e-01 5.019171237945556641e-01 1.887552589178085327e-01 1.921014189720153809e-01 8.965060114860534668e-02 3.265363872051239014e-01 4.571891427040100098e-01 6.568124890327453613e-01 -6.851764917373657227e-01 1.636210642755031586e-02 -1.729075074195861816e+00 1.788872182369232178e-01 1.451036334037780762e-01 -3.805871307849884033e-02 1.135327696800231934e+00 9.338670969009399414e-01 3.936206102371215820e-01 -5.333664417266845703e-01 -2.056382149457931519e-01 5.855312570929527283e-02 6.380828022956848145e-01 3.468743264675140381e-01 3.701911866664886475e-01 1.890289485454559326e-01 2.779833413660526276e-02 1.923187673091888428e-01
5.432158708572387695e-01 5.300500392913818359e-01 2.134802043437957764e-01 2.936944067478179932e-01 9.837009757757186890e-02 -2.729341685771942139e-01 2.403994500637054443e-01 4.327599108219146729e-01 -8.979553729295730591e-02 3.429099023342132568e-01 2.065497040748596191e-01 1.540184020996093750e-01 -1.178738027811050415e-01 3.683686852455139160e-01 1.262864023447036743e-01 -1.402433514595031738e-01 1.697554588317871094e-01 3.316797912120819092e-01 -1.353680968284606934e+00 2.233730554580688477e-01 1.567732691764831543e-01 3.324829041957855225e-01 -4.188282787799835205e-01 -2.131528453901410103e-03 3.880496025085449219e-01 4.730905890464782715e-01 5.742295384407043457e-01 -3.307422995567321777e-01 3.114167451858520508e-01 4.620796144008636475e-01 1.027483940124511719e-01 2.749148011207580566e-01 2.314378172159194946e-01 -2.702167034149169922e-01 -6.774648278951644897e-02 4.964691102504730225e-01 3.385010659694671631e-01 -2.241343706846237183e-01 3.995537161827087402e-01 -8.543550968170166016e-02 -2.845470011234283447e-01 -3.284821212291717529e-01 8.507685363292694092e-02 1.449191719293594360e-01 4.537186399102210999e-02 -8.847681432962417603e-02 2.599442005157470703e-01 1.640397012233734131e-01 2.903360724449157715e-01 -2.539686560630798340e-01 1.547928154468536377e-01 2.667484581470489502e-01 -1.428058594465255737e-01 -3.573145866394042969e-01 1.033188626170158386e-01 3.026284873485565186e-01 9.482188522815704346e-02 9.997878968715667725e-02 -3.664260730147361755e-02 1.664012968540191650e-01 1.429006308317184448e-01 1.478212326765060425e-01 -7.005415111780166626e-02 5.250632166862487793e-01
1.946280449628829956e-01 -5.069092512130737305e-01 -5.971941947937011719e-01 4.565357267856597900e-01 -6.470773816108703613e-01 -8.297429233789443970e-02 2.722294926643371582e-01 1.850405335426330566e-01 4.175469577312469482e-01 -3.952426463365554810e-02 -1.006240129470825195e+00 -4.627244949340820312e+00 1.294094800949096680e+00 -3.461519479751586914e-01 -8.718727827072143555e-01 -1.519995570182800293e+00 -1.897525787353515625e-01 -9.378605335950851440e-02 2.433649152517318726e-01 1.571460515260696411e-01 -3.416317999362945557e-01 -2.860002517700195312e-01 -4.452822804450988770e-01 6.684430241584777832e-01 5.124911069869995117e-01 1.936851590871810913e-01 -2.216086387634277344e-01 -1.972812460735440254e-03 9.165412932634353638e-02 3.675197362899780273e-01 5.014637485146522522e-02 -1.178224161267280579e-01 3.269700407981872559e-01 6.198508143424987793e-01 -9.536187350749969482e-02 -1.429958224296569824e+00 6.272236108779907227e-01 2.237230725586414337e-02 -5.064027849584817886e-03 3.139874339103698730e-01 4.515635669231414795e-01 3.495484292507171631e-01 7.964554429054260254e-02 1.259638667106628418e-01 -2.727180957794189453e+00 8.142489790916442871e-01 -3.320508301258087158e-01 1.853269636631011963e-01 -6.854426860809326172e-01 -5.135795101523399353e-02 3.814519941806793213e-01 2.776175737380981445e-01 2.498770952224731445e-01 2.390245050191879272e-01 -2.800052464008331299e-01 3.421773314476013184e-01 -5.131134763360023499e-02 -5.940178036689758301e-01 5.186176300048828125e-02 -1.332007169723510742e+00 1.514256000518798828e+00 -1.829699724912643433e-01 2.590495347976684570e-01 -3.947602510452270508e-01
-6.747137755155563354e-02 -1.081022247672080994e-02 -9.439069032669067383e-02 -2.447434663772583008e-01 8.742498606443405151e-02 1.978719234466552734e-01 8.091129362583160400e-02 -2.082436680793762207e-01 1.113910600543022156e-02 2.890997566282749176e-03 1.204425003379583359e-02 1.302916705608367920e-01 2.009078413248062134e-01 3.257841467857360840e-01 -7.489581704139709473e-01 4.320428371429443359e-01 4.467483460903167725e-01 2.717045843601226807e-01 -4.280664443969726562e+00 3.843726813793182373e-01 4.628436863422393799e-01 1.909098774194717407e-01 2.575975358486175537e-01 -1.593665778636932373e-01 -5.689902901649475098e-01 4.862470626831054688e-01 -1.753567457199096680e-01 3.679358363151550293e-01 -9.141319245100021362e-02 1.657136678695678711e-01 3.459387421607971191e-01 -4.610319808125495911e-02 -1.190114393830299377e-01 1.458936780691146851e-01 5.565033107995986938e-02 -9.966775178909301758e-01 -3.784267902374267578e-01 1.201632991433143616e-01 -1.593664139509201050e-01 1.362660676240921021e-01 4.229620397090911865e-01 5.599798560142517090e-01 6.668885946273803711e-01 4.723767638206481934e-01 -1.014533281326293945e+00 1.385760307312011719e-01 3.897881209850311279e-01 4.677635431289672852e-01 -7.441378384828567505e-02 3.813974261283874512e-01 3.331162929534912109e-01 5.329196453094482422e-01 1.946589648723602295e-01 2.188357114791870117e-01 8.273598551750183105e-02 -1.861331909894943237e-01 2.390808463096618652e-01 9.598800539970397949e-02 2.583666741847991943e-01 -3.283164501190185547e-01 -5.570256710052490234e-01 4.889970645308494568e-03 5.120539665222167969e-01 4.107974097132682800e-02
-4.614517092704772949e-01 -5.199531316757202148e-01 -2.588126659393310547e-01 -2.636336684226989746e-01 -9.666732698678970337e-02 4.448529779911041260e-01 -1.631439626216888428e-01 -2.956702709197998047e-01 -1.472711563110351562e-02 -2.606404721736907959e-01 -1.527816206216812134e-01 -1.726492792367935181e-01 2.630675137042999268e-01 -1.837504953145980835e-01 1.174978241324424744e-01 1.523328423500061035e-01 -1.055078133940696716e-01 -3.203155696392059326e-01 1.245184659957885742e+00 -9.063072502613067627e-02 -5.255332216620445251e-03 -1.648739129304885864e-01 4.316327869892120361e-01 -1.556459516286849976e-01 -3.899233639240264893e-01 -2.179275453090667725e-01 -3.307208418846130371e-01 2.929823994636535645e-01 -3.167950809001922607e-01 -2.808128595352172852e-01 -1.718550026416778564e-01 -1.785990893840789795e-01 -1.615968495607376099e-01 4.264630377292633057e-01 1.189995259046554565e-01 -4.673592746257781982e-01 -3.793679773807525635e-01 1.954537034034729004e-01 -3.752306401729583740e-01 5.449304357171058655e-02 4.422848522663116455e-01 3.746470808982849121e-01 -1.805537492036819458e-01 -2.499809265136718750e-01 -1.245493814349174500e-01 4.290936142206192017e-02 -1.414155364036560059e-01 -1.830327212810516357e-01 -3.505859076976776123e-01 1.247481480240821838e-01 -1.628493666648864746e-01 -1.397744566202163696e-01 1.415745615959167480e-01 4.025882184505462646e-01 -1.056594029068946838e-01 -4.335143268108367920e-01 -1.279786527156829834e-01 1.452735718339681625e-02 -6.531631946563720703e-02 -2.136834263801574707e-01 -6.943859905004501343e-02 -1.721617430448532104e-01 9.327909350395202637e-02 -3.074759542942047119e-01
5.351527929306030273e-01 5.762999653816223145e-01 2.353229671716690063e-01 2.938047945499420166e-01 2.251308113336563110e-01 -4.115847647190093994e-01 1.936585605144500732e-01 3.854867517948150635e-01 -9.518566727638244629e-02 1.094113662838935852e-01 1.214646846055984497e-01 2.330161780118942261e-01 -2.335122227668762207e-01 3.124840557575225830e-01 5.928691476583480835e-02 -1.247882768511772156e-01 1.915278285741806030e-01 1.464112699031829834e-01 -1.236345529556274414e+00 1.663122177124023438e-01 -3.988878428936004639e-02 1.611178815364837646e-01 -3.487215042114257812e-01 4.653433803468942642e-03 3.575291931629180908e-01 3.563653826713562012e-01 3.953875601291656494e-01 -2.378881126642227173e-01 2.824672162532806396e-01 5.563428401947021484e-01 2.513157427310943604e-01 7.539764791727066040e-02 2.258102744817733765e-01 -3.140206336975097656e-01 6.049916520714759827e-02 5.036085844039916992e-01 3.265972733497619629e-01 -2.319708764553070068e-01 3.462204337120056152e-01 2.216930966824293137e-03 -4.884774386882781982e-01 -3.192804157733917236e-01 1.873398721218109131e-01 3.062050938606262207e-01 1.332095172256231308e-02 -6.963702384382486343e-03 1.264616549015045166e-01 1.031771451234817505e-01 2.988073229789733887e-01 -1.326185017824172974e-01 2.061750143766403198e-01 3.269178867340087891e-01 -3.144283294677734375e-01 -4.909559488296508789e-01 1.071645617485046387e-01 3.363509774208068848e-01 1.908818632364273071e-01 1.586968004703521729e-01 -2.981469407677650452e-02 2.248146533966064453e-01 1.562992632389068604e-01 9.902953356504440308e-02 -1.654185652732849121e-01 4.217979013919830322e-01
-1.390069536864757538e-02 1.386826157569885254e+00 1.966342516243457794e-02 5.189267173409461975e-02 3.962738513946533203e-01 -4.545432701706886292e-02 3.124312758445739746e-01 5.547099113464355469e-01 2.282297313213348389e-01 3.179696500301361084e-01 1.053681135177612305e+00 -3.234311580657958984e+00 1.123812198638916016e+00 -1.452342152595520020e+00 -3.853144645690917969e-01 1.379222720861434937e-01 3.186086416244506836e-01 3.209921121597290039e-01 1.984857320785522461e-01 -2.118858881294727325e-02 2.070407271385192871e-01 -1.142429187893867493e-02 1.051059439778327942e-01 7.037659175693988800e-03 -6.180555820465087891e-01 1.375150680541992188e-01 1.407866179943084717e-01 3.200562670826911926e-02 1.516750007867813110e-01 1.496887356042861938e-01 3.106169104576110840e-01 -1.213794708251953125e+00 -2.970652282238006592e-01 2.553744912147521973e-01 4.279291629791259766e-02 8.363372683525085449e-01 6.187157630920410156e-01 3.378724157810211182e-01 -1.199696958065032959e-01 -1.789361983537673950e-01 2.436819076538085938e-01 3.665973842144012451e-01 -5.848027765750885010e-03 3.988679647445678711e-01 2.092133045196533203e+00 4.346756637096405029e-01 4.669149518013000488e-01 -1.267315298318862915e-01 3.552490472793579102e-01 -2.701939046382904053e-01 1.860285699367523193e-01 2.818279564380645752e-01 2.300793230533599854e-01 3.093729913234710693e-01 2.021114975214004517e-01 1.214497566223144531e+00 -4.774114117026329041e-02 -9.868323057889938354e-02 -6.922142952680587769e-02 -2.551751852035522461e+00 -1.169712781906127930e+00 -9.158380031585693359e-01 2.193404138088226318e-01 -5.103041231632232666e-02
5.534052252769470215e-01 5.062531828880310059e-01 3.564096689224243164e-01 2.263941168785095215e-01 1.456518918275833130e-01 -3.145459592342376709e-01 2.590991854667663574e-01 3.588786125183105469e-01 -6.956882774829864502e-02 1.286047548055648804e-01 2.996929287910461426e-01 2.709354162216186523e-01 -2.838179171085357666e-01 2.019488513469696045e-01 1.773923635482788086e-01 -1.417080760002136230e-01 1.228725463151931763e-01 2.421063631772994995e-01 -1.320226192474365234e+00 2.107803076505661011e-01 7.103102654218673706e-02 1.851670593023300171e-01 -4.735936820507049561e-01 7.280523329973220825e-02 4.976353943347930908e-01 4.788849055767059326e-01 4.466408193111419678e-01 -1.795906424522399902e-01 3.915166556835174561e-01 4.664985537528991699e-01 1.026767566800117493e-01 1.842720657587051392e-01 2.227098345756530762e-01 -1.770039796829223633e-01 6.592911481857299805e-02 4.888603389263153076e-01 4.163993597030639648e-01 -1.924180984497070312e-01 5.159142613410949707e-01 -6.634802371263504028e-02 -4.369977712631225586e-01 -2.790785133838653564e-01 2.971519529819488525e-01 2.247878760099411011e-01 8.444874733686447144e-02 -9.065961092710494995e-02 1.759704798460006714e-01 1.732846796512603760e-01 3.496960401535034180e-01 -2.044387310743331909e-01 4.850795492529869080e-02 2.378583103418350220e-01 -3.034284412860870361e-01 -4.892122745513916016e-01 6.227262318134307861e-02 3.140525519847869873e-01 2.450948804616928101e-01 2.540395855903625488e-01 -1.052391678094863892e-01 3.765223026275634766e-01 2.518019676208496094e-01 1.341542452573776245e-01 -2.549352347850799561e-01 3.576589822769165039e-01
8.979119360446929932e-02 7.760955691337585449e-01 -6.910766363143920898e-01 6.513024568557739258e-01 -7.594361156225204468e-02 1.067302823066711426e-01 -3.511879742145538330e-01 1.403568089008331299e-01 1.165586113929748535e+00 7.382836937904357910e-01 8.251608908176422119e-02 -3.183615505695343018e-01 1.020707964897155762e+00 9.554988890886306763e-02 -4.735552072525024414e-01 2.753078937530517578e-01 5.511104688048362732e-02 1.632286459207534790e-01 1.244811058044433594e+00 9.904642403125762939e-02 9.473972022533416748e-02 1.729202866554260254e-01 2.147302329540252686e-01 5.659389495849609375e-01 -1.736593484878540039e+00 2.321446985006332397e-01 3.208182156085968018e-01 -4.702536761760711670e-01 1.683697402477264404e-01 6.141621246933937073e-02 -1.903771907091140747e-01 -1.840042136609554291e-02 8.613538742065429688e-02 1.154657244682312012e+00 -2.657937072217464447e-02 -1.333739638328552246e+00 5.294545888900756836e-01 -4.769367218017578125e+00 4.437258243560791016e-01 -1.562921553850173950e-01 1.620873957872390747e-01 2.722057402133941650e-01 1.696998178958892822e-01 8.986812084913253784e-02 5.681807994842529297e-01 1.176057577133178711e+00 7.143805921077728271e-02 1.455656141042709351e-01 -5.511043071746826172e-01 1.765270382165908813e-01 8.264838159084320068e-02 1.499382257461547852e-01 -1.186665613204240799e-02 4.725043773651123047e-01 8.529141545295715332e-02 3.907502628862857819e-03 1.641343533992767334e-01 1.059982255101203918e-01 1.298956274986267090e-01 -9.248526394367218018e-02 3.107548356056213379e-01 1.362698972225189209e-01 1.294180154800415039e-01 -2.321566343307495117e-01
5.057414174079895020e-01 4.599663615226745605e-01 1.543241143226623535e-01 4.360874593257904053e-01 2.544181346893310547e-01 -3.163281381130218506e-01 2.350939214229583740e-01 3.804421722888946533e-01 -1.232511848211288452e-01 1.619538962841033936e-01 2.402453273534774780e-01 1.217202320694923401e-01 -2.617591321468353271e-01 3.216674625873565674e-01 -6.387089937925338745e-02 -4.566758126020431519e-02 1.320384293794631958e-01 2.324491441249847412e-01 -1.224559068679809570e+00 1.858170032501220703e-01 1.823431253433227539e-01 2.839337587356567383e-01 -4.373333454132080078e-01 8.586845546960830688e-02 3.926194012165069580e-01 2.869187891483306885e-01 6.285133957862854004e-01 -4.025367796421051025e-01 3.148273527622222900e-01 4.032227993011474609e-01 2.752102315425872803e-01 1.368288993835449219e-01 1.473999321460723877e-01 -1.429093778133392334e-01 1.080738902091979980e-01 4.229615628719329834e-01 4.613355696201324463e-01 -3.036520481109619141e-01 2.630941867828369141e-01 -3.153028339147567749e-02 -3.484744727611541748e-01 -3.737199008464813232e-01 1.192657575011253357e-01 2.551355361938476562e-01 2.176287770271301270e-01 -1.594028919935226440e-01 1.565921753644943237e-01 1.124085560441017151e-01 4.073326587677001953e-01 -2.190360873937606812e-01 1.389289349317550659e-01 2.442862838506698608e-01 -3.800201714038848877e-01 -5.173773765563964844e-01 2.176162451505661011e-01 3.009855151176452637e-01 1.883888393640518188e-01 5.812599882483482361e-02 -2.439944893121719360e-01 1.862914264202117920e-01 2.150899171829223633e-01 8.510788530111312866e-02 -2.211074680089950562e-01 3.019610643386840820e-01
5.928799510002136230e-01 4.425264000892639160e-01 1.840057373046875000e-01 3.335711956024169922e-01 2.135853469371795654e-01 -4.296261668205261230e-01 1.821708530187606812e-01 4.737547636032104492e-01 -1.296523213386535645e-01 1.596174389123916626e-01 1.344695240259170532e-01 2.225850820541381836e-01 -2.222383171319961548e-01 3.876690864562988281e-01 -3.325358405709266663e-02 2.358680218458175659e-02 2.469967603683471680e-01 3.726817071437835693e-01 -1.355401158332824707e+00 2.535164058208465576e-01 2.012925595045089722e-01 3.472243249416351318e-01 -4.894599914550781250e-01 8.334175683557987213e-03 5.759936571121215820e-01 4.350896179676055908e-01 5.874025225639343262e-01 -2.868483662605285645e-01 3.958016633987426758e-01 5.689471364021301270e-01 2.427604496479034424e-01 3.034026324748992920e-01 3.598971962928771973e-01 -2.725906968116760254e-01 -2.564332820475101471e-02 6.124790310859680176e-01 5.421202182769775391e-01 -8.139915019273757935e-02 4.077415168285369873e-01 2.167079038918018341e-02 -3.637009561061859131e-01 -2.923510670661926270e-01 9.573227167129516602e-02 2.564425170421600342e-01 3.789613023400306702e-02 -6.867484748363494873e-02 4.691288620233535767e-02 1.826352626085281372e-01 3.123053610324859619e-01 -2.384141273796558380e-02 9.965052455663681030e-02 2.371386289596557617e-01 -2.581067979335784912e-01 -4.088228642940521240e-01 7.846477627754211426e-02 2.985221147537231445e-01 1.062257885932922363e-01 1.702980548143386841e-01 -2.573280632495880127e-01 2.693726122379302979e-01 1.981229335069656372e-01 1.197623386979103088e-01 -2.313094735145568848e-01 5.177298784255981445e-01
-2.311696298420429230e-02 3.918464481830596924e-01 -2.090557366609573364e-01 -1.050643995404243469e-01 -1.376514416188001633e-02 -9.546788334846496582e-01 -5.536817312240600586e-01 5.992119312286376953e-01 3.374494239687919617e-02 4.497779607772827148e-01 -5.083907246589660645e-01 -5.610557794570922852e-01 1.736115068197250366e-01 6.304528564214706421e-02 -4.210695922374725342e-01 -2.934128344058990479e-01 1.202526390552520752e-01 2.473281770944595337e-01 -4.420185983180999756e-01 1.932918727397918701e-01 3.269043564796447754e-02 1.219498962163925171e-01 -1.600416600704193115e-01 -4.005683064460754395e-01 -6.144219636917114258e-01 2.235437333583831787e-01 2.743624746799468994e-01 2.642433047294616699e-01 -3.346726298332214355e-02 3.214310407638549805e-01 -1.157654821872711182e-01 6.180705502629280090e-02 2.280491888523101807e-01 2.053433060646057129e-01 5.716810375452041626e-02 7.737082839012145996e-01 5.614636540412902832e-01 1.318075060844421387e-01 -1.766931414604187012e-01 -6.129942368716001511e-03 -1.489668369293212891e+00 2.396534383296966553e-01 4.012675583362579346e-02 1.799748986959457397e-01 5.661601573228836060e-02 2.649557292461395264e-01 5.367375910282135010e-02 7.430596351623535156e-01 -2.048999369144439697e-01 3.259201347827911377e-01 1.170000135898590088e-01 2.667088210582733154e-01 1.053045243024826050e-01 2.309749871492385864e-01 1.973938792943954468e-01 4.593769907951354980e-01 3.218366950750350952e-02 -3.283571898937225342e-01 -5.178364366292953491e-02 -6.922115087509155273e-01 -8.660059571266174316e-01 4.512944445013999939e-02 8.342121839523315430e-01 -5.408943891525268555e-01
4.007445573806762695e-01 5.605930089950561523e-01 3.085212111473083496e-01 2.243529409170150757e-01 1.580317616462707520e-01 -3.958523273468017578e-01 3.458350598812103271e-01 3.542401492595672607e-01 -2.303821407258510590e-02 2.731023430824279785e-01 2.134666144847869873e-01 2.966100573539733887e-01 -1.396090537309646606e-01 3.276196122169494629e-01 -5.259024351835250854e-02 -6.820432841777801514e-02 2.189151197671890259e-01 3.815933763980865479e-01 -1.169030785560607910e+00 6.668625026941299438e-02 5.142882466316223145e-02 1.866387575864791870e-01 -2.832148671150207520e-01 5.903495009988546371e-03 4.849379360675811768e-01 4.603573679924011230e-01 4.534848332405090332e-01 -3.715257942676544189e-01 4.269455969333648682e-01 3.581939339637756348e-01 1.212773621082305908e-01 1.827243119478225708e-01 3.291377425193786621e-01 -3.033805489540100098e-01 2.595750382170081139e-03 5.343609452247619629e-01 5.525028705596923828e-01 -2.849301099777221680e-01 2.955419421195983887e-01 -1.293074786663055420e-01 -3.522726595401763916e-01 -2.271243929862976074e-01 1.658888310194015503e-01 3.341107666492462158e-01 1.013634651899337769e-01 2.088720351457595825e-02 1.069935038685798645e-01 1.395317465066909790e-01 2.276025563478469849e-01 8.116978220641613007e-03 7.640290260314941406e-02 4.289694130420684814e-01 -1.977002024650573730e-01 -5.037527680397033691e-01 1.194371506571769714e-01 3.048586845397949219e-01 1.175060272216796875e-01 1.466483622789382935e-01 -6.384684145450592041e-02 3.211871087551116943e-01 7.935164123773574829e-02 2.696706056594848633e-01 -2.388383746147155762e-01 3.526355624198913574e-01
4.665940701961517334e-01 4.260495007038116455e-01 2.626858949661254883e-01 4.092800319194793701e-01 1.886318624019622803e-01 -5.020298957824707031e-01 2.755283415317535400e-01 4.915918111801147461e-01 2.155170217156410217e-02 2.674341797828674316e-01 3.759530186653137207e-02 3.389213979244232178e-01 -2.518625259399414062e-01 2.966158688068389893e-01 -4.378256574273109436e-02 1.661523245275020599e-02 3.247314989566802979e-01 2.209972590208053589e-01 -1.231806755065917969e+00 1.314354091882705688e-01 1.835534125566482544e-01 2.909876108169555664e-01 -4.669806063175201416e-01 2.275986410677433014e-02 3.617450296878814697e-01 2.894991338253021240e-01 5.952841043472290039e-01 -2.941579818725585938e-01 2.506091296672821045e-01 5.385856628417968750e-01 9.615363180637359619e-02 2.797841131687164307e-01 2.464162409305572510e-01 -3.711675107479095459e-01 1.006222590804100037e-01 4.628259837627410889e-01 3.302173316478729248e-01 -2.520900964736938477e-01 3.963190019130706787e-01 2.837508916854858398e-02 -2.726623117923736572e-01 -2.134558409452438354e-01 1.583327203989028931e-01 3.285040855407714844e-01 7.427629083395004272e-02 -3.250937536358833313e-02 2.475538104772567749e-01 1.646328419446945190e-01 2.491481602191925049e-01 -1.232361495494842529e-01 2.665354609489440918e-01 3.751915693283081055e-01 -1.481341123580932617e-01 -3.937460184097290039e-01 2.141554951667785645e-01 2.720785140991210938e-01 2.148645371198654175e-01 1.228112727403640747e-01 -1.616217195987701416e-01 3.684386610984802246e-01 1.562109887599945068e-01 1.888931840658187866e-01 -1.071772947907447815e-01 4.374427795410156250e-01
3.754906728863716125e-02 4.063011109828948975e-01 -2.964797914028167725e-01 -2.235653400421142578e-01 -2.164950966835021973e-02 -1.220759391784667969e+00 -4.750572741031646729e-01 4.255261421203613281e-01 -1.795779019594192505e-01 3.015379309654235840e-01 -3.411873877048492432e-01 -4.716342687606811523e-01 7.980258017778396606e-02 -1.199659630656242371e-01 -4.571584165096282959e-01 -2.893939316272735596e-01 -1.217225007712841034e-02 2.659916877746582031e-01 -4.685837924480438232e-01 1.577359139919281006e-01 -8.993354439735412598e-02 3.876811265945434570e-02 -2.544653713703155518e-01 -2.811480164527893066e-01 -7.199691534042358398e-01 2.791818678379058838e-01 2.981113195419311523e-01 8.313950151205062866e-02 1.431967616081237793e-01 3.268990516662597656e-01 -1.915144324302673340e-01 -3.049254231154918671e-02 4.799803793430328369e-01 1.618898212909698486e-01 5.682301893830299377e-02 6.892520785331726074e-01 4.031756520271301270e-01 1.169212758541107178e-01 -1.187453642487525940e-01 -5.310159176588058472e-02 -1.619400262832641602e+00 2.732195258140563965e-01 1.237761899828910828e-01 1.048412397503852844e-01 2.795255556702613831e-02 2.505158185958862305e-01 2.036221474409103394e-01 8.072093129158020020e-01 -2.560628056526184082e-01 2.452425807714462280e-01 1.155319660902023315e-01 2.190536260604858398e-01 4.177415370941162109e-02 1.951140314340591431e-01 1.207207590341567993e-01 5.436168313026428223e-01 -2.014320641756057739e-01 -8.809971064329147339e-02 7.090879976749420166e-02 -6.073069572448730469e-01 -7.704412937164306641e-01 -5.211138352751731873e-02 7.903486490249633789e-01 -5.699757933616638184e-01
1.424359679222106934e-01 7.376211881637573242e-01 -7.001851797103881836e-01 5.594512820243835449e-01 2.021930217742919922e-01 2.619186937808990479e-01 -9.176618605852127075e-02 1.303372234106063843e-01 8.417653441429138184e-01 4.382773041725158691e-01 -5.358225107192993164e-02 -2.481646388769149780e-01 1.098752617835998535e+00 1.010769605636596680e-01 -8.885072469711303711e-01 7.285577058792114258e-01 -1.266702171415090561e-02 3.128803893923759460e-02 1.107683897018432617e+00 2.880549728870391846e-01 7.446948438882827759e-02 2.784366309642791748e-01 2.582069039344787598e-01 1.557227671146392822e-01 -9.159693717956542969e-01 9.433485567569732666e-02 9.857132285833358765e-02 1.317881643772125244e-01 8.881143480539321899e-02 1.737931817770004272e-01 1.450848877429962158e-01 1.754439771175384521e-01 2.604110836982727051e-01 6.024289131164550781e-01 -2.362821996212005615e-02 -1.199958205223083496e+00 3.472650051116943359e-01 -2.012764215469360352e+00 1.339846104383468628e-01 -9.045912325382232666e-02 3.762874901294708252e-01 8.287181705236434937e-02 1.216112673282623291e-01 1.137740537524223328e-01 8.761349320411682129e-01 8.851519823074340820e-01 9.348969906568527222e-02 2.087134867906570435e-01 -6.965603232383728027e-01 1.227192673832178116e-02 9.603884816169738770e-02 1.126413345336914062e-01 1.288689225912094116e-01 3.605146408081054688e-01 2.743879258632659912e-01 5.682321786880493164e-01 -4.816992208361625671e-02 5.967243108898401260e-03 9.545253515243530273e-01 3.700631484389305115e-02 2.977721989154815674e-01 1.871631741523742676e-01 1.410572826862335205e-01 -1.968381553888320923e-01
6.864280998706817627e-02 -1.028111577033996582e+00 1.647721529006958008e-01 -1.350345313549041748e-01 8.406656980514526367e-02 1.564021408557891846e-01 -1.415384747087955475e-02 2.405507266521453857e-01 2.056703902781009674e-02 3.831690642982721329e-03 -2.336006164550781250e-01 6.866063922643661499e-02 3.125552833080291748e-01 -2.945337891578674316e-01 5.698778480291366577e-02 -5.509721580892801285e-03 -8.249284699559211731e-03 3.275373578071594238e-01 -1.821583956480026245e-01 3.112729489803314209e-01 3.996969461441040039e-01 -3.087382018566131592e-01 2.538200318813323975e-01 -2.931024134159088135e-01 -4.897545278072357178e-01 2.942737340927124023e-01 1.206874400377273560e-01 1.722053736448287964e-01 1.299427002668380737e-01 3.216225802898406982e-01 1.376705020666122437e-01 4.274525865912437439e-02 -2.099619060754776001e-01 1.439317911863327026e-01 5.858156830072402954e-03 -4.503916203975677490e-02 -2.945437431335449219e-01 2.804394960403442383e-01 -8.251602649688720703e-01 2.465665340423583984e-03 -2.125618420541286469e-02 2.600620687007904053e-01 3.252763450145721436e-01 -9.035366028547286987e-02 -3.020851910114288330e-01 -4.028415679931640625e-02 4.748985469341278076e-01 4.404869079589843750e-01 -6.915857642889022827e-02 1.201157271862030029e-01 2.600201964378356934e-01 3.365917801856994629e-01 2.490169852972030640e-01 3.378423154354095459e-01 4.628551006317138672e-02 -1.467566639184951782e-01 4.256996214389801025e-01 4.496757686138153076e-01 2.783797681331634521e-02 4.167260602116584778e-02 -1.077825203537940979e-01 -2.279070168733596802e-01 3.873672485351562500e-01 8.306784555315971375e-03
