6.416780352592468262e-01
1.179027557373046875e-01
8.312580734491348267e-02
6.659620404243469238e-01
3.087264895439147949e-01
7.181900739669799805e-01
6.163302063941955566e-01
8.131110072135925293e-01
5.709749460220336914e-01
1.428384333848953247e-01
-2.569365501403808594e-01
7.474850416183471680e-01
-1.982891857624053955e-01
4.748387262225151062e-02
2.662270069122314453e-01
-5.355458706617355347e-03
6.961362361907958984e-01
3.116333782672882080e-01
-2.957502193748950958e-02
-6.960626840591430664e-01
6.188353300094604492e-01
2.669146358966827393e-01
7.663602828979492188e-01
-2.023040130734443665e-02
5.815946459770202637e-01
6.386309266090393066e-01
2.290755957365036011e-01
7.397180199623107910e-01
7.808728814125061035e-01
2.123257964849472046e-01
-9.942436963319778442e-02
-1.116911023855209351e-01
