-9.487707018852233887e-01
-1.749462723731994629e+00
-7.185894995927810669e-02
-5.641186833381652832e-01
-5.691814422607421875e-01
2.482440918684005737e-01
-1.525415301322937012e+00
2.107941806316375732e-01
-8.523877263069152832e-01
-7.810577750205993652e-01
-8.774686455726623535e-01
-2.483821868896484375e+00
-1.127431511878967285e+00
-3.588616251945495605e-01
-3.582285642623901367e-01
-6.017313003540039062e-01
6.996563076972961426e-02
-7.175490856170654297e-01
4.266554415225982666e-01
-8.654656410217285156e-01
-6.548643112182617188e-01
-3.631650507450103760e-01
-1.035573720932006836e+00
-2.961693108081817627e-01
-1.255231201648712158e-01
-7.489030361175537109e-01
5.136332511901855469e-01
-7.313755154609680176e-01
-3.146089613437652588e-01
-9.417986869812011719e-01
-1.413342118263244629e+00
-6.125090122222900391e-01
-1.341499924659729004e+00
-2.291872054338455200e-01
-9.857767224311828613e-01
-1.243516564369201660e+00
-4.736723601818084717e-01
-2.342311739921569824e-01
2.460088729858398438e-01
-2.816785275936126709e-01
-5.036329030990600586e-01
-1.238958954811096191e+00
-4.815835654735565186e-01
-4.587295055389404297e-01
-1.320171952247619629e+00
-9.660568237304687500e-01
-9.680617451667785645e-01
-6.255915015935897827e-02
-1.104140400886535645e+00
4.734330177307128906e-01
-2.142031431198120117e+00
-2.030856907367706299e-01
-7.167964577674865723e-01
4.087297618389129639e-02
2.570645809173583984e-01
-1.145288109779357910e+00
-7.248876690864562988e-01
-2.207387611269950867e-02
-4.484201669692993164e-01
-4.409132897853851318e-01
-2.723091244697570801e-01
-1.206677675247192383e+00
-3.038016855716705322e-01
-8.449252247810363770e-01
