-1.006413340568542480e+00 7.246624827384948730e-01 2.308186739683151245e-01 6.993598341941833496e-01 -3.051065504550933838e-01 3.402181565761566162e-01 -4.692551679909229279e-03 -1.619636081159114838e-02
2.203534096479415894e-01 3.228560388088226318e-01 1.138835549354553223e-01 3.370881378650665283e-01 3.215382397174835205e-01 3.750512376427650452e-02 -3.835320100188255310e-02 9.917604178190231323e-02
1.603234171867370605e+00 2.236125320196151733e-01 -2.810069620609283447e-01 1.160545870661735535e-01 -1.025031283497810364e-01 -1.431638360023498535e+00 -2.157967165112495422e-02 4.495569970458745956e-03
-9.780828952789306641e-01 -9.676290750503540039e-01 5.477550029754638672e-01 -9.539365768432617188e-01 -6.195635348558425903e-02 4.829894900321960449e-01 -2.661657333374023438e-01 -2.165924815926700830e-04
-2.028688907623291016e+00 -3.918636962771415710e-02 -1.378548145294189453e-01 5.597808957099914551e-01 -1.427549570798873901e-01 3.664009273052215576e-01 5.022350549697875977e-01 -1.501290826126933098e-03
-5.686321258544921875e-01 8.765444904565811157e-02 8.904838562011718750e-02 -3.452651202678680420e-02 -3.595774471759796143e-01 -6.202582716941833496e-01 -5.075445175170898438e-01 -1.081540016457438469e-03
-7.073882818222045898e-01 7.842411994934082031e-01 -5.881922841072082520e-01 5.238721966743469238e-01 2.086037248373031616e-01 -2.730433046817779541e-01 -6.210957467555999756e-02 -2.246454209089279175e-01
-6.018471121788024902e-01 2.623266577720642090e-01 -4.713827073574066162e-01 6.883133053779602051e-01 -1.666093319654464722e-01 -7.942973971366882324e-01 -2.030426412820816040e-01 -3.594747930765151978e-02
1.047397971153259277e+00 1.411813944578170776e-01 6.510100960731506348e-01 2.291032820940017700e-01 -7.156926989555358887e-01 -6.806682050228118896e-02 -6.551917195320129395e-01 -7.179794833064079285e-03
8.586994409561157227e-01 -8.474280685186386108e-02 3.574891686439514160e-01 5.754845738410949707e-01 -3.515465855598449707e-01 5.502139031887054443e-02 1.972868442535400391e-01 -9.920277632772922516e-03
-2.144211977720260620e-01 -4.288536906242370605e-01 -2.578166723251342773e+00 -5.507380962371826172e-01 1.019829392433166504e+00 -3.803587853908538818e-01 2.522781193256378174e-01 1.181146595627069473e-02
9.627860784530639648e-02 4.336497187614440918e-01 8.104879856109619141e-01 6.154925823211669922e-01 -1.125821024179458618e-01 2.319419942796230316e-02 5.027480125427246094e-01 -5.455777794122695923e-02
-3.258930444717407227e-01 7.737053632736206055e-01 3.085380494594573975e-01 4.264498949050903320e-01 1.472330540418624878e-01 3.395509123802185059e-01 -2.063627690076828003e-01 5.865028873085975647e-02
-7.014286518096923828e-01 -5.832558870315551758e-01 2.904094755649566650e-01 -7.763517498970031738e-01 1.014456674456596375e-01 5.004433989524841309e-01 -1.938070058822631836e-01 1.811076700687408447e-02
6.390216201543807983e-02 -5.376185104250907898e-02 4.498370885848999023e-01 -7.168023288249969482e-02 -3.299022018909454346e-01 1.154183670878410339e-01 5.854152441024780273e-01 6.012563779950141907e-02
-5.596469640731811523e-01 -2.033611088991165161e-01 -1.111669063568115234e+00 -5.804106593132019043e-01 -1.291477084159851074e+00 -6.195808649063110352e-01 -3.995316028594970703e-01 1.281595556065440178e-03
-8.527164459228515625e-01 1.008009016513824463e-01 -1.552985012531280518e-01 1.214225143194198608e-01 -6.314505934715270996e-01 4.776000380516052246e-01 -2.011938095092773438e-01 8.781112730503082275e-02
2.541418187320232391e-02 1.572017371654510498e-02 4.940937459468841553e-01 5.708113685250282288e-02 -5.479033589363098145e-01 -8.782978355884552002e-02 -1.050311401486396790e-01 -1.096486330032348633e+00
-2.194380283355712891e+00 7.327619940042495728e-03 -4.772014543414115906e-02 -3.616970181465148926e-01 1.513211131095886230e-01 1.461515903472900391e+00 -3.696128726005554199e-01 2.597927581518888474e-03
-2.301636151969432831e-02 7.861577719449996948e-02 -2.493833065032958984e+00 2.681195037439465523e-03 5.068746209144592285e-01 -2.163230776786804199e-01 2.315942198038101196e-01 -8.423616178333759308e-03
-1.720334172248840332e+00 2.097634971141815186e-01 3.715280592441558838e-01 3.571490645408630371e-01 -3.049269504845142365e-02 5.070195794105529785e-01 7.002394795417785645e-01 7.405888289213180542e-03
-2.437190413475036621e-01 -2.721666395664215088e-01 -8.305134177207946777e-01 1.182687655091285706e-01 -9.011656641960144043e-01 3.031061887741088867e-01 -2.766606211662292480e-01 -1.510652527213096619e-02
1.388143658638000488e+00 -4.743730649352073669e-02 1.024145781993865967e-01 -4.511175453662872314e-01 -1.375968009233474731e-01 -5.219907760620117188e-01 6.548677086830139160e-01 1.155152078717947006e-02
4.205014556646347046e-02 -6.109960675239562988e-01 -1.389811635017395020e-01 -4.817264080047607422e-01 -1.182526722550392151e-01 -5.921345353126525879e-01 -4.272419959306716919e-02 -3.460377827286720276e-02
1.538933366537094116e-01 -2.475616484880447388e-01 -2.556879997253417969e+00 1.511008739471435547e-01 -1.338119149208068848e+00 -7.084473371505737305e-01 -1.306586414575576782e-01 -2.441183477640151978e-02
-1.255524873733520508e+00 -7.084884643554687500e-01 1.255094408988952637e-01 -5.151256322860717773e-01 2.375069260597229004e-01 9.315025061368942261e-02 -1.972969472408294678e-01 -6.755258888006210327e-03
-1.919574975967407227e+00 -1.967652589082717896e-01 4.942544400691986084e-01 3.259820938110351562e-01 2.129921317100524902e-01 4.072271585464477539e-01 4.473296180367469788e-02 2.547433134168386459e-03
-1.043439507484436035e+00 3.194849491119384766e-01 -1.246046125888824463e-01 8.898615241050720215e-01 -3.564641773700714111e-01 -5.819743275642395020e-01 -1.005250811576843262e+00 8.480775170028209686e-03
7.578799128532409668e-02 -1.262282878160476685e-01 -6.122586727142333984e-01 -3.578185662627220154e-02 6.482411026954650879e-01 7.392786210402846336e-04 3.825869353022426367e-04 5.132636521011590958e-03
-1.046864271163940430e+00 -2.593027651309967041e-01 -1.906682729721069336e+00 -2.052818834781646729e-01 2.268660366535186768e-01 -6.569268554449081421e-02 1.147933080792427063e-01 7.165238261222839355e-03
4.140156805515289307e-01 4.324870407581329346e-01 -7.253293991088867188e-01 3.471358716487884521e-01 9.087542891502380371e-01 3.736116737127304077e-02 -2.254771590232849121e-01 -3.779457136988639832e-02
5.571693181991577148e-01 3.218622207641601562e-01 7.486382722854614258e-01 5.241964459419250488e-01 -9.072571247816085815e-02 -2.774190306663513184e-01 -1.401068449020385742e+00 -2.002293244004249573e-02
-1.051016688346862793e+00 1.507044881582260132e-01 2.086136639118194580e-01 -1.336154043674468994e-01 -2.793940305709838867e-01 -4.279966056346893311e-01 5.897545069456100464e-02 7.476662285625934601e-03
-6.480984091758728027e-01 -5.015999674797058105e-01 -1.360739111900329590e+00 -4.961706399917602539e-01 -2.934419214725494385e-01 8.194776624441146851e-02 -4.711188673973083496e-01 1.554103288799524307e-02
4.177611321210861206e-02 2.242847979068756104e-01 4.986032545566558838e-01 2.079291045665740967e-01 -3.444783389568328857e-01 3.325459063053131104e-01 2.188175022602081299e-01 -4.540097713470458984e-01
-1.311722159385681152e+00 4.024661183357238770e-01 -4.994712769985198975e-01 8.364915847778320312e-01 5.620994567871093750e-01 -2.275106310844421387e-01 2.384283393621444702e-01 2.080810070037841797e-02
-4.773594439029693604e-02 1.435228884220123291e-01 2.687250971794128418e-01 1.817372739315032959e-01 8.248809725046157837e-02 2.382462471723556519e-01 2.426415085792541504e-01 -5.074815824627876282e-02
-4.808431863784790039e-01 6.849074959754943848e-01 -4.993190765380859375e-01 5.344325900077819824e-01 1.547089517116546631e-01 -3.367290198802947998e-01 -1.795674115419387817e-01 -4.212841391563415527e-02
-3.802204877138137817e-02 -4.401816129684448242e-01 -7.614076137542724609e-01 -2.870630621910095215e-01 -1.445099949836730957e+00 4.761221408843994141e-01 6.986665129661560059e-01 4.833095706999301910e-03
1.643178939819335938e+00 -2.150952666997909546e-01 -1.256223022937774658e-01 3.104420304298400879e-01 -9.346938133239746094e-02 -3.853414654731750488e-01 -5.209782123565673828e-01 -2.377863042056560516e-03
-1.402360107749700546e-02 -3.610283881425857544e-02 -1.235295414924621582e+00 -2.430316060781478882e-02 1.757997274398803711e-01 -1.347960084676742554e-01 -5.361778140068054199e-01 -5.913444757461547852e-01
8.901743292808532715e-01 -5.949095264077186584e-02 -9.612206220626831055e-01 -9.155745059251785278e-02 5.544514656066894531e-01 -4.032366573810577393e-01 7.493158578872680664e-01 -6.732690148055553436e-03
4.257889986038208008e-01 2.935872673988342285e-01 7.692451477050781250e-01 -1.703913956880569458e-01 2.854673862457275391e-01 7.043236494064331055e-02 -1.601265221834182739e-01 6.043247412890195847e-03
9.993162751197814941e-01 3.388999700546264648e-01 3.823057115077972412e-01 6.160230636596679688e-01 3.959722518920898438e-01 3.296088874340057373e-01 6.874866485595703125e-01 1.493788138031959534e-02
8.199340701103210449e-01 -3.070970773696899414e-01 6.408611536026000977e-01 3.432134985923767090e-01 7.132880687713623047e-01 -5.920789837837219238e-01 7.647930383682250977e-01 -1.864890195429325104e-02
-1.205052733421325684e+00 5.545836091041564941e-01 -8.261702060699462891e-01 5.071622133255004883e-01 6.280133128166198730e-02 8.715876191854476929e-02 -2.455948740243911743e-01 2.086117491126060486e-02
3.439231514930725098e-01 2.016517966985702515e-01 -3.597221672534942627e-01 5.004532262682914734e-02 -6.414114236831665039e-01 2.110150009393692017e-01 -8.085313439369201660e-01 4.144864380359649658e-01
2.016785144805908203e-01 1.907456815242767334e-01 -2.620820999145507812e+00 -1.759441941976547241e-01 -5.158694833517074585e-02 7.544414401054382324e-01 -9.327224493026733398e-01 2.311327494680881500e-02
3.639553189277648926e-01 3.801344931125640869e-01 -7.799213528633117676e-01 2.389544099569320679e-01 1.003220081329345703e+00 -9.817928820848464966e-02 -2.894243597984313965e-01 2.066222717985510826e-03
-6.205623149871826172e-01 2.235395163297653198e-01 -2.745041251182556152e-01 -2.990157604217529297e-01 4.387844800949096680e-01 -6.046051383018493652e-01 -8.645510077476501465e-01 -3.344396827742457390e-05
7.784150242805480957e-01 -1.676780283451080322e-01 3.580460250377655029e-01 -1.471971720457077026e-01 6.531152725219726562e-01 1.670649349689483643e-01 2.332717776298522949e-01 6.132737733423709869e-03
1.480173587799072266e+00 3.697857856750488281e-01 7.742447257041931152e-01 -8.224349468946456909e-02 1.613429039716720581e-01 -1.253932833671569824e+00 -4.712516069412231445e-02 -1.654176041483879089e-03
5.267452597618103027e-01 1.345721930265426636e-01 -3.148926734924316406e+00 2.229102104902267456e-01 3.323992490768432617e-01 2.826877534389495850e-01 -4.544148221611976624e-02 5.217879079282283783e-03
7.581069469451904297e-01 1.907073706388473511e-01 4.986887276172637939e-01 -4.309200868010520935e-02 4.008396565914154053e-01 -5.818663835525512695e-01 -1.812430769205093384e-01 -4.337671678513288498e-03
-4.655916690826416016e-01 2.448776513338088989e-01 -2.964112674817442894e-03 1.753139644861221313e-01 -7.904683798551559448e-02 -2.103607356548309326e-01 -1.696288213133811951e-02 5.367711558938026428e-02
1.416595458984375000e+00 1.971933841705322266e-01 3.150347471237182617e-01 2.458086311817169189e-01 -6.838897615671157837e-02 1.404297947883605957e-01 -5.655283331871032715e-01 -4.723500460386276245e-03
7.178800553083419800e-02 -2.204569429159164429e-01 -1.908520162105560303e-01 -1.238342747092247009e-01 3.696157634258270264e-01 -1.654677540063858032e-01 -2.776115834712982178e-01 -7.298785448074340820e-01
-1.267578482627868652e+00 3.183175623416900635e-01 -1.089658141136169434e+00 -1.147863417863845825e-01 -3.438957035541534424e-01 3.833670616149902344e-01 -1.315264701843261719e+00 -1.352672092616558075e-02
6.496200561523437500e-01 4.712783098220825195e-01 1.844245940446853638e-01 3.543899357318878174e-01 2.975007891654968262e-01 1.830877810716629028e-01 6.548792719841003418e-01 1.192648801952600479e-02
1.225222826004028320e+00 4.482319355010986328e-01 7.861235737800598145e-01 9.968022257089614868e-02 4.770676419138908386e-02 4.008561074733734131e-01 2.521349787712097168e-01 4.632961377501487732e-02
-1.359569877386093140e-01 -1.401538103818893433e-01 1.796604841947555542e-01 2.254202216863632202e-01 -3.700884580612182617e-01 -6.620410084724426270e-02 -1.394808739423751831e-01 -9.857417317107319832e-04
-6.818007230758666992e-01 1.309494674205780029e-01 -2.733976840972900391e+00 6.614246964454650879e-01 -5.586808919906616211e-01 3.764383792877197266e-01 -3.292804360389709473e-01 -5.097080022096633911e-02
-1.876598000526428223e+00 -4.085331037640571594e-02 -1.173717617988586426e+00 4.109809994697570801e-01 -5.330840945243835449e-01 4.328914880752563477e-01 -1.860545873641967773e-01 6.312815006822347641e-03
4.147480130195617676e-01 9.403032064437866211e-02 5.870344638824462891e-01 2.242738008499145508e-01 4.415256083011627197e-01 -4.119871258735656738e-01 3.159515559673309326e-01 2.261645626276731491e-03
