4.448886811733245850e-01 -9.349613785743713379e-01 1.561404764652252197e-01 -2.225659191608428955e-01 2.858729362487792969e-01 1.383012682199478149e-01 6.462357640266418457e-01 -2.865216434001922607e-01 1.858423203229904175e-01 3.177597224712371826e-01 4.179514572024345398e-02 -1.560706734657287598e+00 1.842936575412750244e-01 -1.678556501865386963e-01 3.170011341571807861e-01 -5.582132562994956970e-02 1.715649366378784180e-01 3.602091968059539795e-01 1.180700734257698059e-01 -3.839219808578491211e-01 8.606539666652679443e-02 1.629230231046676636e-01 -5.871531367301940918e-01 -1.251483261585235596e-01 2.857089415192604065e-02 9.411716461181640625e-02 5.517695546150207520e-01 2.630335390567779541e-01 1.218784414231777191e-02 2.998204901814460754e-03 -3.196720778942108154e-01 -2.409826777875423431e-02 -1.795745491981506348e+00 -1.818972826004028320e-01 5.190633535385131836e-01 1.683481484651565552e-01 2.251584231853485107e-01 4.490812495350837708e-02 1.426033824682235718e-01 2.073614895343780518e-01 2.068171501159667969e-01 -1.074150800704956055e+00 6.853181123733520508e-02 4.874969124794006348e-01 4.041217863559722900e-01 2.144186049699783325e-01 -1.079684868454933167e-01 7.005575299263000488e-01 1.690767407417297363e-01 1.016023159027099609e-01 -1.349616765975952148e+00 5.302840471267700195e-01 -7.694897241890430450e-03 3.660859167575836182e-01 9.212145954370498657e-02 -1.516283601522445679e-01 3.158572614192962646e-01 -9.612053036689758301e-01 4.219430088996887207e-01 5.258941650390625000e-01 7.151928544044494629e-02 -2.068800330162048340e-01 -1.937950402498245239e-01 1.390433013439178467e-01
-3.780552744865417480e-02 2.409731745719909668e-01 -7.526574611663818359e+00 3.084729015827178955e-01 -1.350847333669662476e-01 -1.789467483758926392e-01 -5.948490500450134277e-01 -3.147281110286712646e-01 -2.235167264938354492e+00 2.317068576812744141e-01 6.422059535980224609e-01 -1.369360685348510742e+00 1.720854938030242920e-01 2.426446378231048584e-01 -1.279494315385818481e-01 9.254841506481170654e-02 7.497501373291015625e-02 2.605467438697814941e-01 -2.298925966024398804e-01 1.715385198593139648e+00 -5.775545835494995117e-01 -9.683946371078491211e-01 -8.574263453483581543e-01 -2.445463463664054871e-02 8.705801516771316528e-02 3.160668909549713135e-01 -1.605269461870193481e-01 4.651711285114288330e-01 8.381449431180953979e-02 5.201565623283386230e-01 -2.585659980773925781e+00 3.929055333137512207e-01 1.660985350608825684e+00 1.421848237514495850e-01 1.669703274965286255e-01 -1.252261281013488770e+00 -4.951677285134792328e-03 -3.406532406806945801e-01 2.223270982503890991e-01 -2.404702186584472656e+00 4.553250074386596680e-01 8.592453002929687500e-01 1.491518914699554443e-01 3.818956911563873291e-01 1.046601772308349609e+00 -1.608349084854125977e+00 -2.939362823963165283e-01 -8.980324268341064453e-01 -3.234907612204551697e-02 2.768405675888061523e-01 2.126915454864501953e+00 -3.967278718948364258e+00 1.719503998756408691e-01 -9.446514248847961426e-01 1.625517159700393677e-01 -2.468330144882202148e+00 1.569997072219848633e-01 7.285488843917846680e-01 4.872367978096008301e-01 6.268263459205627441e-01 1.851036101579666138e-01 -1.690091609954833984e+00 -1.255825534462928772e-02 -1.017287969589233398e+00
-2.017733752727508545e-01 -4.483328759670257568e-02 -4.545074328780174255e-02 4.379518330097198486e-01 1.429013162851333618e-01 4.487236142158508301e-01 2.940502464771270752e-01 4.839390516281127930e-01 5.737614035606384277e-01 3.948732092976570129e-02 7.090501189231872559e-01 8.753919005393981934e-01 -5.285585522651672363e-01 -1.129562258720397949e+00 4.678167700767517090e-01 -2.410767674446105957e-01 4.799781739711761475e-01 -5.289346575736999512e-01 -3.514930009841918945e-01 1.689252257347106934e+00 -1.265430450439453125e+00 4.467186033725738525e-01 7.185891270637512207e-01 -6.831949353218078613e-01 2.199277579784393311e-01 7.472953796386718750e-01 -5.491690635681152344e-01 2.086547613143920898e-01 -8.951217681169509888e-02 -8.986741304397583008e-01 1.848552823066711426e+00 -8.516677021980285645e-01 -4.932606220245361328e+00 -1.433107554912567139e-01 7.073442637920379639e-02 5.593314766883850098e-01 -1.488537043333053589e-01 1.371296048164367676e-01 3.638992309570312500e-01 -9.147123098373413086e-01 9.520903229713439941e-01 1.320569992065429688e+00 -2.920032262802124023e+00 -1.557232141494750977e-01 9.643777608871459961e-01 -1.115740895271301270e+00 1.764876395463943481e-01 7.344179749488830566e-01 -3.988842666149139404e-01 2.035278826951980591e-01 8.249591588973999023e-01 -4.532800316810607910e-01 8.107448220252990723e-01 -6.294035911560058594e-01 6.027467250823974609e-01 4.662339985370635986e-01 3.487598001956939697e-01 1.427920579910278320e+00 1.448357254266738892e-01 -4.571064114570617676e-01 1.161018460988998413e-01 -1.387175559997558594e+00 -2.030259132385253906e+00 5.174466371536254883e-01
5.105464458465576172e-01 -8.333562016487121582e-01 4.769299551844596863e-02 -1.739256381988525391e-01 4.911999702453613281e-01 3.472193479537963867e-01 9.779372215270996094e-01 -2.167265713214874268e-01 7.069037556648254395e-01 1.603594571352005005e-01 4.062623381614685059e-01 -1.613988518714904785e+00 3.150558769702911377e-01 8.478955924510955811e-02 4.451980888843536377e-01 4.249991476535797119e-01 3.501286506652832031e-01 7.587210834026336670e-02 1.513498276472091675e-01 2.848425507545471191e-02 2.139179110527038574e-01 7.614022493362426758e-02 -5.177302360534667969e-01 2.439372837543487549e-01 3.788388669490814209e-01 8.897115476429462433e-03 4.368662238121032715e-01 5.155462622642517090e-01 7.366948574781417847e-02 6.740878224372863770e-01 -1.109652876853942871e+00 -1.772451400756835938e-01 -1.619942188262939453e+00 7.309468090534210205e-02 3.098939657211303711e-01 5.873611196875572205e-02 1.729412227869033813e-01 -1.882851570844650269e-01 4.004088342189788818e-01 1.079355552792549133e-01 -1.498720794916152954e-01 -9.486150741577148438e-01 1.740470379590988159e-01 4.902622997760772705e-01 3.592453896999359131e-01 -1.995157003402709961e-01 -1.469382405281066895e+00 -1.549167037010192871e+00 -4.928086102008819580e-01 3.704998493194580078e-01 -1.343555927276611328e+00 5.573070049285888672e-01 -9.963198751211166382e-02 3.426857292652130127e-01 3.086876869201660156e-01 -1.615049242973327637e-01 3.709299862384796143e-01 -1.655413627624511719e+00 4.301680326461791992e-01 4.247487485408782959e-01 -3.350507840514183044e-02 -2.269431591033935547e+00 -1.102282881736755371e+00 9.653443098068237305e-02
-2.582696080207824707e-01 -2.827844349667429924e-03 -4.159345149993896484e+00 -1.864947676658630371e-01 -5.808528661727905273e-01 9.874665737152099609e-01 -5.838281512260437012e-01 -5.125790834426879883e-01 2.391199171543121338e-01 2.854916155338287354e-01 3.971258103847503662e-01 8.450617194175720215e-01 4.996948540210723877e-01 7.500530779361724854e-02 -8.581527471542358398e-01 8.331546783447265625e-01 4.645246639847755432e-02 -1.182844638824462891e-01 1.818229198455810547e+00 7.658442258834838867e-01 -2.429273128509521484e-01 -5.061001777648925781e-01 3.475761711597442627e-01 -5.030815005302429199e-01 2.116390615701675415e-01 -8.877868652343750000e-01 -2.158327102661132812e+00 4.940256476402282715e-02 -3.149208053946495056e-02 8.105151653289794922e-01 -6.924238204956054688e-01 5.747578740119934082e-01 5.371345877647399902e-01 -1.097966264933347702e-02 -3.576650619506835938e-01 5.402483344078063965e-01 -2.247785806655883789e+00 7.671464979648590088e-02 -3.935838639736175537e-01 2.642078138887882233e-02 -1.351283341646194458e-01 7.450051903724670410e-01 -2.710963785648345947e-01 -2.016945600509643555e+00 -3.187903389334678650e-02 -5.434117913246154785e-01 3.414459526538848877e-01 2.356197685003280640e-01 -1.222346723079681396e-01 7.651838064193725586e-01 1.743854999542236328e+00 -1.892199397087097168e+00 2.826979875564575195e+00 2.707149088382720947e-01 1.751531958580017090e-01 4.618932008743286133e-01 -4.268988668918609619e-01 9.016039967536926270e-01 -1.605161190032958984e+00 -4.036077558994293213e-01 1.562372744083404541e-01 9.502983838319778442e-02 -1.137506723403930664e+00 1.015051528811454773e-01
-4.434587061405181885e-01 5.209313631057739258e-01 8.653772622346878052e-02 -6.341483592987060547e-01 -3.964221239089965820e+00 -7.679336518049240112e-02 5.454604700207710266e-02 6.236621364951133728e-02 -3.332704007625579834e-01 -7.018938064575195312e-01 2.632039785385131836e-01 -1.532288044691085815e-01 -5.297933220863342285e-01 -1.314700841903686523e-01 -5.012267734855413437e-03 9.827502369880676270e-01 3.370644748210906982e-01 1.827418357133865356e-01 -3.723595142364501953e+00 1.263616800308227539e+00 -5.407444238662719727e-01 3.464041948318481445e-01 -7.191891670227050781e-01 2.506079971790313721e-01 2.420295029878616333e-01 -4.381986141204833984e+00 3.963827192783355713e-01 4.839592278003692627e-01 2.915132790803909302e-03 8.997321724891662598e-01 1.496812701225280762e-01 -6.472491264343261719e+00 -3.093073666095733643e-01 7.640509605407714844e-01 -6.345780491828918457e-01 -3.070041418075561523e+00 -1.343375086784362793e+00 -4.159902334213256836e-01 3.258441388607025146e-01 2.386365979909896851e-01 4.830763041973114014e-01 -8.061355948448181152e-01 -3.997092843055725098e-01 -7.407319545745849609e-01 5.962265729904174805e-01 8.383279293775558472e-02 -3.089533448219299316e-01 -1.605011820793151855e-01 7.765154242515563965e-01 9.681806713342666626e-02 8.398503065109252930e-01 2.681457400321960449e-01 -1.076519250869750977e+00 2.937383055686950684e-01 -2.419645339250564575e-01 3.042202889919281006e-01 -9.592789225280284882e-03 -2.536671757698059082e-01 -8.458794355392456055e-01 5.192896127700805664e-01 -5.157832987606525421e-03 -1.763942241668701172e+00 -4.614448070526123047e+00 3.159346580505371094e-01
3.193760216236114502e-01 8.778390288352966309e-02 2.371552884578704834e-01 -5.235384106636047363e-01 1.023839935660362244e-01 -9.387454390525817871e-02 5.247920155525207520e-01 -5.318570733070373535e-01 7.131652534008026123e-02 -4.232982397079467773e-01 -1.035341992974281311e-01 -1.695987701416015625e+00 -7.400791347026824951e-02 -8.772002458572387695e-01 -1.019511222839355469e+00 6.423789262771606445e-01 -1.712736859917640686e-02 7.478463053703308105e-01 1.771028637886047363e-01 -1.732431948184967041e-01 -2.504319846630096436e-01 1.042868718504905701e-01 -4.803496599197387695e-01 2.927707731723785400e-01 -3.050329089164733887e-01 -1.188836991786956787e-01 -1.722940206527709961e-01 5.645497888326644897e-02 5.130811929702758789e-01 3.776988685131072998e-01 1.444470435380935669e-01 -5.407333970069885254e-01 -8.536775112152099609e-01 9.285205602645874023e-01 -1.983255520462989807e-02 -8.915627002716064453e-02 -2.099027633666992188e-01 -7.232318520545959473e-01 -4.874040186405181885e-01 5.951511859893798828e-01 1.234557986259460449e+00 -1.544596195220947266e+00 -1.876520663499832153e-01 -7.698031514883041382e-02 -1.916780024766921997e-01 3.224026877433061600e-03 4.392582178115844727e-01 4.072859287261962891e-01 1.912095993757247925e-01 -1.223191767930984497e-01 -1.173769593238830566e+00 2.127207517623901367e-01 -3.381365239620208740e-01 -2.028318680822849274e-02 -4.360327720642089844e-01 -1.170292377471923828e+00 -3.790145814418792725e-01 -9.190126061439514160e-01 -1.358705908060073853e-01 -2.862971127033233643e-01 -5.422127842903137207e-01 2.387251257896423340e-01 3.121463954448699951e-01 -3.493393957614898682e-01
-1.765724658966064453e+00 -6.976673603057861328e-01 8.488274365663528442e-02 -1.625525355339050293e+00 3.164595365524291992e-01 1.750696077942848206e-02 -5.463535338640213013e-02 -1.667916774749755859e-01 2.697602510452270508e+00 -5.136746168136596680e-02 2.664737105369567871e-01 2.892965078353881836e-01 -2.406481355428695679e-01 6.471256911754608154e-02 4.638449549674987793e-01 8.509732037782669067e-02 -1.628734230995178223e+00 2.248668819665908813e-01 -3.779727518558502197e-01 6.713938713073730469e-01 -4.075663089752197266e-01 8.943932503461837769e-02 8.342453837394714355e-01 8.453904837369918823e-02 1.478541344404220581e-01 1.759629607200622559e+00 2.014303803443908691e-01 -5.923713684082031250e+00 4.764105379581451416e-01 4.964055120944976807e-01 3.534464836120605469e-01 -7.316498160362243652e-01 4.044899344444274902e-01 8.067892193794250488e-01 -7.960169911384582520e-01 -4.592391252517700195e-01 -1.570541739463806152e+00 -3.223644495010375977e+00 7.710956931114196777e-01 -9.480354189872741699e-01 -2.507260739803314209e-01 1.467456459999084473e+00 -1.027803063392639160e+00 -3.084375619888305664e+00 -4.615016579627990723e-01 -2.924745976924896240e-01 5.991663932800292969e-01 1.072534620761871338e-01 -1.122056484222412109e+00 1.141850590705871582e+00 1.369630694389343262e+00 -7.159630060195922852e-01 4.167002737522125244e-01 -1.577310085296630859e+00 3.765896558761596680e-01 1.087571382522583008e+00 1.437866926193237305e+00 -2.512080907821655273e+00 -1.081957817077636719e+00 -4.785210192203521729e-01 -1.228813171386718750e+00 -1.454463243484497070e+00 -2.015613764524459839e-01 -1.829312562942504883e+00
-2.774694748222827911e-02 -8.539714217185974121e-01 1.303502917289733887e-01 -2.256149798631668091e-01 9.617578238248825073e-02 1.318091750144958496e-01 -2.050679475069046021e-01 -3.487415611743927002e-01 1.217560887336730957e+00 3.058784902095794678e-01 6.704550981521606445e-01 -1.521304607391357422e+00 -9.236339479684829712e-03 3.379991650581359863e-02 6.289036870002746582e-01 6.883484125137329102e-01 -8.307173103094100952e-02 -2.989082597196102142e-02 5.807030946016311646e-02 2.152415364980697632e-02 -2.904377579689025879e-01 -1.198062524199485779e-01 -5.256214737892150879e-01 4.394867718219757080e-01 7.414363026618957520e-01 1.817047744989395142e-01 4.180958569049835205e-01 -3.163341805338859558e-02 2.581611275672912598e-02 7.529783248901367188e-01 -9.653636217117309570e-01 2.750029601156711578e-02 -1.748193979263305664e+00 -5.511114001274108887e-01 3.667899370193481445e-01 -3.201603591442108154e-01 1.091437414288520813e-01 -3.759763836860656738e-01 6.349852085113525391e-01 2.332264035940170288e-01 9.535969048738479614e-02 -9.012289047241210938e-01 2.636253237724304199e-01 7.419544458389282227e-01 6.104301214218139648e-01 -1.879144430160522461e+00 -1.336395859718322754e+00 -1.204631090164184570e+00 -5.246180295944213867e-01 2.518842220306396484e-01 -1.514518260955810547e+00 7.257050871849060059e-01 1.107319518923759460e-01 5.935254693031311035e-01 3.144542872905731201e-01 -9.997247904539108276e-02 1.967616975307464600e-01 -2.944324731826782227e+00 4.931644499301910400e-01 7.197933197021484375e-01 -2.099613547325134277e-01 -2.121970415115356445e+00 -2.502134799957275391e+00 4.012908339500427246e-01
-1.542935371398925781e+00 -2.305381536483764648e+00 3.570820391178131104e-01 5.461369156837463379e-01 1.208149269223213196e-01 5.053337216377258301e-01 -1.870719552040100098e+00 7.884330749511718750e-01 -5.645024403929710388e-02 -3.882393613457679749e-02 3.091163039207458496e-01 -6.480421543121337891e+00 -1.231643080711364746e+00 5.822253823280334473e-01 5.519431233406066895e-01 -6.053638458251953125e-02 -9.121329784393310547e-01 -6.635835170745849609e-01 -5.407927036285400391e-01 1.393730878829956055e+00 -1.897857546806335449e+00 -5.571253895759582520e-01 1.725518107414245605e-01 -5.455797314643859863e-01 -1.175152510404586792e-01 2.826629579067230225e-01 -4.348103404045104980e-01 1.713356673717498779e-01 6.938319206237792969e-01 -3.425733745098114014e-01 -1.137519001960754395e+00 -1.670458465814590454e-01 1.914316713809967041e-01 -1.593623012304306030e-01 -8.925471901893615723e-01 -4.301764536648988724e-03 1.555259525775909424e-01 1.366121023893356323e-01 4.587694257497787476e-02 2.509997598826885223e-02 -1.007346034049987793e+00 5.737149715423583984e-01 8.736430853605270386e-02 7.850399613380432129e-02 5.644123554229736328e-01 -1.851517796516418457e+00 -2.139137499034404755e-02 -1.298358440399169922e-01 -1.835518121719360352e+00 4.282518327236175537e-01 -4.043914794921875000e+00 1.883825808763504028e-01 2.697513103485107422e-01 1.740242391824722290e-01 5.175119638442993164e-01 -6.657212376594543457e-01 -1.026030182838439941e-01 1.132780313491821289e+00 2.095407992601394653e-01 -9.939952939748764038e-02 1.446205973625183105e-01 -1.781054019927978516e+00 -1.107350826263427734e+00 3.996309340000152588e-01
7.309211492538452148e-01 -8.426566720008850098e-01 3.656356036663055420e-01 -2.741771638393402100e-01 3.758025765419006348e-01 1.607428938150405884e-01 7.747145295143127441e-01 -2.841781973838806152e-01 5.778245925903320312e-01 3.590353727340698242e-01 4.248028695583343506e-01 -1.622771978378295898e+00 3.404074013233184814e-01 -6.101400777697563171e-02 4.327538609504699707e-01 3.343733251094818115e-01 1.034434065222740173e-01 3.754587844014167786e-02 2.679074108600616455e-01 -9.739800542593002319e-02 1.520749367773532867e-02 -7.221493124961853027e-02 -4.599535167217254639e-01 4.063325524330139160e-01 5.173063874244689941e-01 -9.407524019479751587e-02 6.517937779426574707e-01 1.103157922625541687e-01 -1.351744830608367920e-01 5.466365814208984375e-01 -9.553611874580383301e-01 1.098124161362648010e-01 -1.608898282051086426e+00 -4.180450439453125000e-01 3.834452629089355469e-01 1.139592230319976807e-01 2.723294198513031006e-01 -1.552285104990005493e-01 4.492559134960174561e-01 2.055680155754089355e-01 -2.172537446022033691e-01 -1.104840397834777832e+00 3.039164543151855469e-01 6.230666637420654297e-01 4.937352836132049561e-01 -4.217478334903717041e-01 -1.995642185211181641e+00 -1.079864144325256348e+00 -3.274903595447540283e-01 4.493681788444519043e-01 -1.359920740127563477e+00 5.145760178565979004e-01 4.896377027034759521e-02 4.080765247344970703e-01 3.531912565231323242e-01 1.153450757265090942e-01 4.025394320487976074e-01 -2.321187257766723633e+00 5.818275809288024902e-01 8.018219470977783203e-01 1.891228556632995605e-01 -2.562191486358642578e+00 -1.829819321632385254e+00 2.333494722843170166e-01
7.524726986885070801e-01 9.515372514724731445e-01 3.757959604263305664e-01 -4.657200336456298828e+00 4.709551110863685608e-02 -4.750033840537071228e-02 1.375693559646606445e+00 -7.292506694793701172e-01 3.430062830448150635e-01 -2.215310037136077881e-01 1.017322093248367310e-01 -1.114847064018249512e+00 -8.654041290283203125e-01 -2.745114326477050781e+00 7.699321955442428589e-02 1.193630173802375793e-01 -2.410614788532257080e-01 -1.109719425439834595e-01 5.570872426033020020e-01 -8.423808813095092773e-01 -1.183723509311676025e-01 6.352365016937255859e-03 -7.597049713134765625e+00 -2.086400091648101807e-01 1.028205305337905884e-01 -2.761115074157714844e+00 3.948137164115905762e-01 -3.062790632247924805e+00 9.733773767948150635e-02 4.138637185096740723e-01 1.228173077106475830e-02 4.625885747373104095e-03 -7.652949690818786621e-01 -1.064635634422302246e+00 -2.734445333480834961e-01 -7.023198604583740234e-01 -3.016862273216247559e-01 -7.104635238647460938e-01 7.126265168190002441e-01 1.215525865554809570e+00 -5.283258482813835144e-02 -4.394817829132080078e+00 3.179674223065376282e-02 3.784962370991706848e-02 4.204663634300231934e-01 -8.131319880485534668e-01 -6.384579539299011230e-01 -1.993816643953323364e-01 1.125854328274726868e-01 -8.083882927894592285e-02 -2.372495651245117188e+00 3.047477304935455322e-01 -3.533523678779602051e-01 5.447505787014961243e-02 -5.449158325791358948e-02 -8.359185457229614258e-01 -6.282436251640319824e-01 -1.934628248214721680e+00 -2.570632696151733398e-01 -1.732286512851715088e-01 -1.141546815633773804e-01 -1.317085027694702148e+00 -1.464686632156372070e+00 -3.210125491023063660e-02
1.356267929077148438e-01 6.324042677879333496e-01 1.626323312520980835e-01 -9.509738534688949585e-02 1.769741475582122803e-01 1.762089729309082031e-01 5.157477259635925293e-01 -2.738082110881805420e-01 2.479013800621032715e-01 1.417688746005296707e-02 5.576110631227493286e-02 -9.643173217773437500e-01 -4.962897300720214844e-02 -3.480533882975578308e-02 -4.016458094120025635e-01 7.446485757827758789e-01 7.265566289424896240e-02 -1.395333558320999146e-01 3.072107769548892975e-02 -6.082779169082641602e-02 -8.268672227859497070e-02 1.312389224767684937e-01 -2.841586172580718994e-01 -2.423035055398941040e-01 -4.021032750606536865e-01 1.707142144441604614e-01 5.127479508519172668e-02 1.560977250337600708e-01 7.798210382461547852e-01 5.891176462173461914e-01 4.852245002985000610e-02 -1.241380348801612854e-01 -3.427879214286804199e-01 -1.373074948787689209e-01 4.060008525848388672e-01 -1.295562237501144409e-01 -2.405355572700500488e-01 -2.968674898147583008e-01 -3.023452311754226685e-02 3.847886621952056885e-02 7.259649038314819336e-01 -6.470886468887329102e-01 -2.143941372632980347e-01 4.787234961986541748e-02 3.392810821533203125e-01 -1.815285980701446533e-01 3.098748922348022461e-01 3.809859454631805420e-01 3.533854186534881592e-01 -3.471629321575164795e-01 -6.875085830688476562e-01 1.819021701812744141e-01 -9.551572054624557495e-02 -3.824808821082115173e-02 -2.460877597332000732e-01 -8.940603584051132202e-02 -1.725664287805557251e-01 -6.528757214546203613e-01 4.611466079950332642e-02 8.690476417541503906e-02 -3.810797631740570068e-01 -5.425719171762466431e-02 3.405093252658843994e-01 -7.389848679304122925e-02
1.318913549184799194e-01 1.542353034019470215e-01 1.477292478084564209e-01 -1.249447315931320190e-01 1.447623670101165771e-01 9.112325496971607208e-03 6.634084582328796387e-01 -2.062534242868423462e-01 3.639032542705535889e-01 -2.172228097915649414e-01 1.804111003875732422e-01 -6.846820712089538574e-01 -2.004890441894531250e-01 -1.117045059800148010e-01 -9.938864409923553467e-02 5.065501332283020020e-01 2.211042046546936035e-01 9.486308693885803223e-02 1.952097266912460327e-01 -8.937005698680877686e-02 -1.401006281375885010e-01 4.985520839691162109e-01 -2.028095424175262451e-01 -1.658788025379180908e-01 -6.605637818574905396e-02 -7.020597159862518311e-02 -5.112214758992195129e-02 2.991698384284973145e-01 9.948213696479797363e-01 3.446424305438995361e-01 3.828768432140350342e-01 -1.616907268762588501e-01 -5.377961993217468262e-01 7.061224430799484253e-02 2.871719896793365479e-01 -1.671819947659969330e-02 -3.437891006469726562e-01 -1.973463147878646851e-01 -1.758952438831329346e-01 1.490648537874221802e-01 6.459906697273254395e-01 -8.033338785171508789e-01 -8.719993382692337036e-02 -1.777420379221439362e-02 2.003811448812484741e-01 7.487913221120834351e-02 6.093768030405044556e-02 2.162969410419464111e-01 7.976769208908081055e-01 -6.396009027957916260e-02 -7.833988666534423828e-01 2.906832098960876465e-02 -7.561970502138137817e-02 -6.499144434928894043e-02 -2.579087018966674805e-01 -3.773503601551055908e-01 2.514774501323699951e-01 -8.702981472015380859e-01 -1.470620036125183105e-01 1.400111317634582520e-01 -1.106419190764427185e-01 -2.394752651453018188e-01 1.350301504135131836e-02 -2.368130721151828766e-02
3.633013069629669189e-01 8.938444852828979492e-01 1.863844394683837891e-01 -7.357157468795776367e-01 4.571280628442764282e-02 -7.116843461990356445e-01 2.234668135643005371e-01 -7.963128685951232910e-01 4.930801987648010254e-01 -1.497147232294082642e-01 -7.011715206317603588e-05 -1.734313070774078369e-01 -5.426281094551086426e-01 -1.213136017322540283e-01 -3.433455228805541992e-01 5.717612504959106445e-01 1.134550809860229492e+00 -5.139167904853820801e-01 6.646490097045898438e-01 2.280740067362785339e-02 -8.286540210247039795e-02 -9.813550710678100586e-01 -7.458796501159667969e-01 -6.263566017150878906e-01 7.009900808334350586e-01 -2.457439452409744263e-01 -1.982725411653518677e-02 -1.701823621988296509e-01 5.536818504333496094e-01 3.074625730514526367e-01 7.724369168281555176e-01 -6.119764447212219238e-01 -1.525907963514328003e-01 3.286821842193603516e-01 -6.166210174560546875e-01 -5.474942922592163086e-01 -3.247169852256774902e-01 -4.901626706123352051e-01 1.948817372322082520e-01 -6.840359419584274292e-02 3.911014199256896973e-01 -1.304579615592956543e+00 -5.728590488433837891e-01 -3.273609578609466553e-01 2.224989831447601318e-01 9.363224357366561890e-02 7.254086136817932129e-01 -1.104891061782836914e+00 6.766031384468078613e-01 -4.011799097061157227e-01 -1.099504113197326660e+00 7.167730480432510376e-02 -4.082493484020233154e-02 -4.557989239692687988e-01 -5.594216585159301758e-01 3.564072549343109131e-01 -6.339641213417053223e-01 -4.053022861480712891e-01 -4.143470823764801025e-01 -2.595546841621398926e-01 -8.626090288162231445e-01 -2.408765554428100586e+00 2.422300279140472412e-01 -4.092506468296051025e-01
4.999552667140960693e-01 -9.300339221954345703e-01 6.922078877687454224e-02 -3.389312922954559326e-01 1.567356139421463013e-01 -4.926443472504615784e-02 8.181182742118835449e-01 -1.429319530725479126e-01 1.733837276697158813e-01 1.201359406113624573e-01 -4.621477797627449036e-02 -1.636810421943664551e+00 2.153910696506500244e-01 -4.489474892616271973e-01 -7.484483718872070312e-02 -8.419782668352127075e-02 -2.393185198307037354e-01 1.291306689381599426e-02 -1.230760961771011353e-01 -2.231086343526840210e-01 2.494704350829124451e-02 -3.005494475364685059e-01 -6.412761807441711426e-01 8.555656671524047852e-02 -1.702928729355335236e-02 1.295747309923171997e-01 3.139735460281372070e-01 3.241845667362213135e-01 4.564497470855712891e-01 -2.771040201187133789e-01 -5.548294782638549805e-01 -1.472490876913070679e-01 -1.789558172225952148e+00 -6.620693206787109375e-01 3.854207098484039307e-01 3.334392011165618896e-01 -1.256227865815162659e-02 1.362854335457086563e-02 1.454474478960037231e-01 9.679482877254486084e-02 3.303297162055969238e-01 -1.250757813453674316e+00 -8.728354237973690033e-03 3.403967916965484619e-01 3.912684321403503418e-01 2.697194516658782959e-01 1.152944341301918030e-01 3.481230139732360840e-01 7.835911214351654053e-02 -5.607403814792633057e-02 -6.728374958038330078e-01 3.778982460498809814e-01 1.353677511215209961e-01 2.714104950428009033e-02 2.037334293127059937e-01 -3.352192342281341553e-01 4.074696600437164307e-01 -1.305801033973693848e+00 2.397963106632232666e-01 5.544365048408508301e-01 1.108707673847675323e-02 -4.728288948535919189e-01 -2.975094318389892578e-01 2.238010242581367493e-02
4.312110841274261475e-01 -9.032596945762634277e-01 2.060878127813339233e-01 -1.491302251815795898e-01 4.361944496631622314e-01 5.059228539466857910e-01 1.275218486785888672e+00 -1.116765663027763367e-01 1.905229389667510986e-01 1.414497792720794678e-01 2.692428529262542725e-01 -1.339475989341735840e+00 3.005605936050415039e-01 -1.525359111838042736e-04 3.168908655643463135e-01 5.485090613365173340e-01 2.519208490848541260e-01 6.329079866409301758e-01 2.089195102453231812e-01 -5.016800761222839355e-01 3.523366451263427734e-01 -5.885024666786193848e-01 -5.753409862518310547e-01 4.805478826165199280e-02 2.198047339916229248e-01 2.252215147018432617e-01 7.675278782844543457e-01 5.967760682106018066e-01 2.783096767961978912e-02 4.070098400115966797e-01 -8.943151831626892090e-01 -5.192930996417999268e-02 -1.584316492080688477e+00 5.431969091296195984e-02 9.451599121093750000e-01 4.224087595939636230e-01 1.464512795209884644e-01 -4.684488475322723389e-02 -2.021657675504684448e-01 -2.089819125831127167e-02 -1.768252849578857422e-01 -1.033448338508605957e+00 3.724895715713500977e-01 6.636755466461181641e-01 4.647255837917327881e-01 -3.139855265617370605e-01 1.941456496715545654e-01 -3.474288940429687500e+00 -1.727066189050674438e-01 5.796245932579040527e-01 -1.401749134063720703e+00 6.749541759490966797e-01 -1.016064524650573730e+00 5.635133385658264160e-01 3.521721065044403076e-01 -1.024529933929443359e+00 3.799851834774017334e-01 -2.118792533874511719e+00 4.179286658763885498e-01 3.548461198806762695e-01 2.630310058593750000e-01 -4.761587619781494141e+00 -1.141668081283569336e+00 4.027146697044372559e-01
8.209629058837890625e-01 -1.231143623590469360e-01 -3.581494987010955811e-01 -3.595287725329399109e-02 -5.745343565940856934e-01 -3.608225882053375244e-01 -8.784912824630737305e-01 4.884533584117889404e-01 -2.428158074617385864e-01 7.044644095003604889e-03 1.213907524943351746e-01 -4.757437229156494141e+00 6.431461572647094727e-01 -1.166989281773567200e-01 -7.721709460020065308e-02 -3.517865538597106934e-01 1.185164079070091248e-01 -2.822046875953674316e-01 -1.350623011589050293e+00 -8.932489752769470215e-01 -4.951967239379882812e+00 -1.290503144264221191e-01 1.315943121910095215e+00 -8.908480405807495117e-01 -8.995214700698852539e-01 1.077692881226539612e-01 -1.858342170715332031e+00 -6.828107833862304688e-01 4.747631400823593140e-02 3.918929398059844971e-01 -4.175656735897064209e-01 3.371170461177825928e-01 1.072650998830795288e-01 -5.361146926879882812e-01 3.207077682018280029e-01 -3.935098946094512939e-01 3.375112712383270264e-01 5.267181396484375000e-01 -1.423673510551452637e+00 -1.346625685691833496e-01 4.232045114040374756e-01 2.061097145080566406e+00 -1.294691801071166992e+00 1.015910580754280090e-01 -3.109166920185089111e-01 -4.484400153160095215e-01 1.615084260702133179e-01 9.868748188018798828e-01 -1.215324550867080688e-01 -2.042366981506347656e+00 1.301783919334411621e+00 -6.076416969299316406e-01 -1.760439723730087280e-01 -4.477322995662689209e-01 2.595137059688568115e-01 3.868849277496337891e-01 3.882534205913543701e-01 4.768327176570892334e-01 2.505409419536590576e-01 6.810235232114791870e-02 1.247821748256683350e-01 8.657225370407104492e-01 -3.285575866699218750e+00 -3.248347640037536621e-01
9.433129429817199707e-02 5.108280777931213379e-01 1.335525214672088623e-01 -8.132509887218475342e-02 4.573158919811248779e-03 1.151056364178657532e-01 4.620774686336517334e-01 -1.571728438138961792e-01 5.210838317871093750e-01 -1.911867558956146240e-01 7.639735937118530273e-02 -5.922897458076477051e-01 -9.807211905717849731e-02 -1.655838638544082642e-01 -2.663249969482421875e-01 5.253564715385437012e-01 9.000315517187118530e-02 1.143889203667640686e-01 2.733656466007232666e-01 -1.886900067329406738e-01 -1.637999564409255981e-01 -4.266271740198135376e-02 3.454267606139183044e-02 -2.922901511192321777e-01 3.982516005635261536e-03 1.075214520096778870e-01 -1.185630336403846741e-01 2.377348691225051880e-01 6.887395381927490234e-01 4.840314388275146484e-01 7.762720435857772827e-02 -7.000272721052169800e-02 1.632388532161712646e-01 -3.612178191542625427e-02 1.142978221178054810e-01 2.459283322095870972e-01 -4.078518450260162354e-01 -3.675345778465270996e-01 1.089710444211959839e-01 -3.657729551196098328e-02 6.967087984085083008e-01 -7.271062135696411133e-01 -5.377865955233573914e-02 1.041676849126815796e-01 4.564597308635711670e-01 -3.119058161973953247e-02 3.328561782836914062e-01 2.323323041200637817e-01 3.581405878067016602e-01 -1.581832170486450195e-01 -5.900362730026245117e-01 9.274292737245559692e-02 2.131765633821487427e-01 -4.405477270483970642e-02 -2.515672445297241211e-01 -5.867567658424377441e-02 -9.174618124961853027e-02 -3.648090660572052002e-01 2.778874337673187256e-02 5.163881555199623108e-02 -3.586870133876800537e-01 -5.043548345565795898e-01 1.509264260530471802e-01 -2.767739119008183479e-03
5.916653871536254883e-01 -2.115681886672973633e+00 -4.321401715278625488e-01 7.760829478502273560e-02 2.148208767175674438e-01 2.315058708190917969e-01 -5.628809332847595215e-01 4.605941772460937500e-01 1.336652636528015137e-01 -1.548015236854553223e+00 2.504841089248657227e-01 -6.703173160552978516e+00 -3.020893037319183350e-01 3.255135416984558105e-01 4.944926202297210693e-01 -9.963077902793884277e-01 2.578110098838806152e-01 5.067262053489685059e-02 -4.843736171722412109e+00 8.963359594345092773e-01 -1.233203649520874023e+00 6.594252586364746094e-02 -5.230181813240051270e-01 -2.310398340225219727e+00 -2.600902915000915527e-01 4.346052110195159912e-01 -2.038735151290893555e-01 -1.125404611229896545e-01 -4.198218286037445068e-01 3.325175046920776367e-01 -5.054439306259155273e-01 2.947331666946411133e-01 -4.199478626251220703e-01 -1.362751603126525879e+00 1.398752480745315552e-01 -5.221323370933532715e-01 5.032781958580017090e-01 3.295523524284362793e-01 -3.112323954701423645e-02 -2.278633356094360352e+00 2.186495810747146606e-01 1.740037679672241211e+00 7.082543969154357910e-01 -5.214208737015724182e-02 1.402435898780822754e-01 -1.428516954183578491e-01 -1.590417027473449707e-01 3.572017848491668701e-01 -1.135265231132507324e+00 5.613513588905334473e-01 -4.341332435607910156e+00 -4.288806617259979248e-01 9.843057394027709961e-02 8.572237193584442139e-02 4.053240716457366943e-01 -3.254393577575683594e+00 8.288020640611648560e-02 -1.302852183580398560e-01 9.221421182155609131e-02 -4.139306843280792236e-01 1.924674808979034424e-01 -9.147093296051025391e-01 -8.999829292297363281e-01 1.896786242723464966e-01
1.919002681970596313e-01 -2.507627904415130615e-01 -4.044344723224639893e-01 3.266531229019165039e-02 -5.987303853034973145e-01 4.152783751487731934e-01 3.849791362881660461e-02 2.682419419288635254e-01 -6.786929909139871597e-03 -1.693446755409240723e+00 -2.310153245925903320e-01 8.412783145904541016e-01 3.298636376857757568e-01 -3.577612936496734619e-01 -3.460057079792022705e-01 -2.169689178466796875e+00 4.577910006046295166e-01 3.152365386486053467e-01 6.620319485664367676e-01 -2.321373224258422852e-01 -1.052332371473312378e-01 -1.234287545084953308e-01 2.052985578775405884e-01 -3.154835700988769531e-01 -1.641407251358032227e+00 -2.590037882328033447e-01 -5.945205092430114746e-01 4.434945285320281982e-01 -2.361530661582946777e-01 -5.238498449325561523e-01 -1.024345874786376953e+00 4.193804860115051270e-01 3.212229967117309570e+00 -7.021371722221374512e-01 1.426165819168090820e+00 -1.212651133537292480e+00 1.446779966354370117e-01 2.673312723636627197e-01 -2.515569210052490234e+00 -1.241924881935119629e+00 1.778731644153594971e-01 5.349569916725158691e-01 -6.273735761642456055e-01 -1.382511615753173828e+00 -1.982667446136474609e-01 -1.861989051103591919e-01 6.453898549079895020e-02 5.284940004348754883e-01 -9.482972025871276855e-01 2.033731192350387573e-01 1.086659073829650879e+00 -6.699177026748657227e-01 -2.749775648117065430e-01 -2.127700597047805786e-01 3.571510612964630127e-01 -3.989691734313964844e-01 -9.681365489959716797e-01 9.403892159461975098e-01 -1.243573307991027832e+00 -3.861796557903289795e-01 1.570254415273666382e-01 -1.830641388893127441e+00 -1.202089667320251465e+00 -3.430626094341278076e-01
9.475466795265674591e-04 -1.135707274079322815e-01 -8.296154022216796875e+00 3.414005935192108154e-01 -7.256428711116313934e-03 -4.989431500434875488e-01 -1.889183223247528076e-01 5.112991854548454285e-02 -4.220567941665649414e-01 1.145176887512207031e-01 3.505094647407531738e-01 -5.354467391967773438e+00 1.166312023997306824e-03 1.657984852790832520e-01 6.369022727012634277e-01 2.502587735652923584e-01 7.923962920904159546e-02 -2.313835173845291138e-01 1.832432150840759277e-01 8.317891508340835571e-02 -2.844088375568389893e-01 -5.404312163591384888e-02 -1.056546330451965332e+00 -2.067705541849136353e-01 -4.762934446334838867e-01 2.830031812191009521e-01 -1.117173135280609131e-01 3.883113563060760498e-01 2.242499738931655884e-01 5.750324726104736328e-01 1.150889843702316284e-01 5.533638596534729004e-01 1.733085751533508301e+00 -7.034949213266372681e-02 3.253626525402069092e-01 1.589205861091613770e-01 3.693066835403442383e-01 -2.714761793613433838e-01 3.399237692356109619e-01 -8.802530765533447266e-01 1.614127159118652344e-01 4.689375758171081543e-01 5.751733779907226562e-01 3.290600776672363281e-01 -4.329045772552490234e+00 1.730048954486846924e-01 -1.731340289115905762e-01 -2.839857339859008789e-01 1.033515572547912598e+00 1.182485222816467285e-01 1.753525137901306152e+00 -2.487146854400634766e+00 1.102652177214622498e-01 6.981985569000244141e-01 -1.856372058391571045e-01 -1.794140338897705078e-01 3.990887999534606934e-01 9.250744581222534180e-01 1.937061101198196411e-01 2.462985068559646606e-01 1.041752658784389496e-02 5.782345533370971680e-01 1.006611704826354980e+00 6.860837936401367188e-01
1.143498659133911133e+00 1.823579668998718262e-01 -8.705068230628967285e-01 3.015736639499664307e-01 -1.537614345550537109e+00 2.916601598262786865e-01 8.341161012649536133e-01 5.650933384895324707e-01 -4.804009944200515747e-02 -1.167141050100326538e-01 9.633343815803527832e-01 -8.474777936935424805e-01 5.300981998443603516e-01 1.495733708143234253e-01 -8.120736479759216309e-02 1.054936945438385010e-01 -3.221083581447601318e-01 -1.530693769454956055e+00 -7.656827569007873535e-02 8.694337010383605957e-01 3.542239964008331299e-01 -3.192395567893981934e-01 4.088735580444335938e-01 -5.366531014442443848e-01 -9.149861335754394531e-01 2.818564772605895996e-01 -1.675398468971252441e+00 9.686137735843658447e-02 1.296602934598922729e-02 1.309637904167175293e+00 1.302968025207519531e+00 -3.327124938368797302e-02 1.165517091751098633e+00 1.905288845300674438e-01 3.348840028047561646e-02 1.900156497955322266e+00 -7.985450327396392822e-02 8.268548250198364258e-01 -1.092412590980529785e+00 -2.005454778671264648e+00 8.647254109382629395e-01 1.830178618431091309e+00 -5.966234803199768066e-01 -6.756046414375305176e-02 -1.356644153594970703e+00 -2.579540312290191650e-01 3.467628955841064453e-01 4.873977303504943848e-01 7.838022112846374512e-01 3.141538202762603760e-01 1.610622644424438477e+00 -8.214602470397949219e-01 1.011549904942512512e-01 -5.912440419197082520e-01 3.195558786392211914e-01 -2.743654251098632812e-01 -1.929064095020294189e-01 6.015406250953674316e-01 1.416828781366348267e-01 -1.997427642345428467e-01 -5.284488201141357422e-02 1.033277034759521484e+00 -1.790262103080749512e+00 -1.893590961117297411e-04
-8.860589563846588135e-02 8.071399927139282227e-01 1.895004883408546448e-02 -2.326057851314544678e-01 8.909472823143005371e-02 2.773142457008361816e-01 3.058271110057830811e-01 -2.710943222045898438e-01 3.919105529785156250e-01 -1.085662916302680969e-01 3.363999351859092712e-02 -7.923488020896911621e-01 -3.106076419353485107e-01 -2.270406931638717651e-01 -4.137547910213470459e-01 3.718393445014953613e-01 1.556279063224792480e-01 -1.038272753357887268e-01 3.899516165256500244e-01 1.007844060659408569e-01 -1.323731541633605957e-01 -2.674081921577453613e-01 -4.325367510318756104e-02 -1.331019252538681030e-01 3.102494403719902039e-02 8.842616342008113861e-03 1.976104918867349625e-03 6.067255139350891113e-01 1.185717940330505371e+00 5.770039558410644531e-01 3.216792643070220947e-01 -1.802896261215209961e-01 4.165306389331817627e-01 1.371014714241027832e-01 1.445707380771636963e-01 2.665200643241405487e-02 -4.705792069435119629e-01 -7.836636900901794434e-02 -7.519816979765892029e-03 3.358121588826179504e-02 6.623719930648803711e-01 -6.908015608787536621e-01 -1.996548324823379517e-01 1.532166898250579834e-01 3.249220550060272217e-01 -5.998297035694122314e-02 2.769621312618255615e-01 2.706237137317657471e-02 2.993412017822265625e-01 -1.868128627538681030e-01 -2.245545685291290283e-01 2.081833034753799438e-01 1.742893010377883911e-01 -7.787388563156127930e-02 -3.007841706275939941e-01 9.338831901550292969e-02 -1.053896616213023663e-03 -5.734071731567382812e-01 9.200047701597213745e-02 4.070657119154930115e-02 -3.331006169319152832e-01 -5.834587812423706055e-01 -1.166879385709762573e-01 4.819404706358909607e-02
6.435469985008239746e-01 -8.050320744514465332e-01 2.098304033279418945e-01 -1.207656338810920715e-01 3.268223404884338379e-01 6.082745641469955444e-02 7.368979454040527344e-01 8.016825467348098755e-02 9.615749865770339966e-02 3.808863162994384766e-01 -4.408289432525634766e+00 -1.457631587982177734e+00 4.884370863437652588e-01 -2.505810856819152832e-01 1.078455448150634766e-01 -1.219807192683219910e-01 3.329157829284667969e-01 1.972982585430145264e-01 4.157769083976745605e-01 9.887114912271499634e-02 1.698380708694458008e-01 -1.232483983039855957e-01 -1.889805555343627930e+00 -1.471370458602905273e+00 8.259529471397399902e-01 7.758790999650955200e-02 4.212130010128021240e-01 3.895543515682220459e-01 -7.380923032760620117e-01 -2.305527925491333008e+00 -3.598308861255645752e-01 -1.603309065103530884e-02 -2.539021968841552734e+00 -1.546495109796524048e-01 6.184610128402709961e-01 3.482118248939514160e-01 4.300058186054229736e-01 1.754343658685684204e-01 -3.915491998195648193e-01 4.510330259799957275e-01 5.509028434753417969e-01 -1.868014574050903320e+00 3.314007818698883057e-01 8.569808602333068848e-01 5.866746902465820312e-01 4.579363167285919189e-01 -4.275436401367187500e-01 5.162419080734252930e-01 1.446739435195922852e-01 3.856282532215118408e-01 -2.137184619903564453e+00 6.234439015388488770e-01 -7.333984971046447754e-02 2.773266434669494629e-01 3.466851413249969482e-01 -5.612714886665344238e-01 5.073335170745849609e-01 -6.824105381965637207e-01 6.072717905044555664e-01 7.142475843429565430e-01 3.097207546234130859e-01 1.869574934244155884e-01 2.482403218746185303e-01 3.586094081401824951e-01
3.291596770286560059e-01 -8.183957934379577637e-01 -5.655678510665893555e-01 -2.204108685255050659e-01 2.062072157859802246e-01 -1.617038249969482422e-01 5.166368484497070312e-01 -5.315935611724853516e-01 4.619451165199279785e-01 -1.126927584409713745e-01 3.859224021434783936e-01 -1.728234767913818359e+00 -1.447922885417938232e-01 -1.633580029010772705e-01 -2.425732323899865150e-03 -9.471037238836288452e-02 2.226168513298034668e-01 8.058299422264099121e-01 2.734565548598766327e-02 -2.825247943401336670e-01 -3.359612226486206055e-01 2.578155398368835449e-01 -5.818374752998352051e-01 4.471914470195770264e-01 1.592538878321647644e-02 -2.758215926587581635e-02 2.016272991895675659e-01 1.429755538702011108e-01 5.513466000556945801e-01 8.640367984771728516e-01 -7.880571484565734863e-01 -3.834267854690551758e-01 -2.404908418655395508e+00 -2.571367621421813965e-01 2.144160270690917969e-01 -1.438766837120056152e+00 -1.420431852340698242e+00 -2.375286966562271118e-01 1.040217131376266479e-01 2.075299471616744995e-01 1.037667840719223022e-01 -9.740825295448303223e-01 -2.621640264987945557e-01 -7.789342403411865234e-01 3.332120776176452637e-01 -2.293660044670104980e-01 -1.135582208633422852e+00 -3.894369304180145264e-01 -5.183458924293518066e-01 -9.311761707067489624e-02 -1.467788100242614746e+00 4.196833819150924683e-02 -1.786566227674484253e-01 -8.488339930772781372e-02 -1.399015188217163086e-01 -8.118299394845962524e-02 8.824595808982849121e-01 -1.181569576263427734e+00 -3.129359483718872070e-01 -7.789272814989089966e-02 -2.296350151300430298e-01 -1.573562145233154297e+00 -1.104054927825927734e+00 5.828965827822685242e-02
6.475742459297180176e-01 -8.461530804634094238e-01 9.774840623140335083e-02 -1.913771629333496094e-01 3.662947714328765869e-01 2.865207195281982422e-01 7.063248753547668457e-01 -2.918941155076026917e-02 1.980578899383544922e-01 3.366009891033172607e-01 -4.182742118835449219e+00 -1.383132934570312500e+00 2.982526123523712158e-01 -2.617481350898742676e-01 1.291172802448272705e-01 -3.366949260234832764e-01 2.551370263099670410e-01 3.259583413600921631e-01 3.536238372325897217e-01 1.008731946349143982e-01 3.786762058734893799e-01 -9.020483493804931641e-02 -1.886866331100463867e+00 -1.262072682380676270e+00 7.673569917678833008e-01 1.522856205701828003e-01 4.089340567588806152e-01 4.507364630699157715e-01 -6.203070282936096191e-01 -2.192157745361328125e+00 -4.338859915733337402e-01 8.352845162153244019e-02 -2.082157135009765625e+00 -1.520882397890090942e-01 5.877854824066162109e-01 3.783233761787414551e-01 4.058428108692169189e-01 1.482691913843154907e-01 -2.633514106273651123e-01 4.947062432765960693e-01 5.465542674064636230e-01 -1.866003513336181641e+00 2.351805567741394043e-01 7.999495863914489746e-01 5.818108916282653809e-01 5.165768265724182129e-01 -3.748602569103240967e-01 6.348960399627685547e-01 1.879574805498123169e-01 3.416967988014221191e-01 -1.998761653900146484e+00 5.259221196174621582e-01 -8.514943718910217285e-02 3.209143579006195068e-01 3.068009614944458008e-01 -4.236036241054534912e-01 3.871428668498992920e-01 -4.926027655601501465e-01 6.681011915206909180e-01 8.333435058593750000e-01 1.674321442842483521e-01 2.233103811740875244e-01 3.284174799919128418e-01 4.170197844505310059e-01
1.732017993927001953e-01 -5.073495507240295410e-01 -3.673215210437774658e-01 -1.203047871589660645e+00 -1.690815210342407227e+00 2.301861047744750977e-01 1.275397241115570068e-01 1.824430674314498901e-01 -2.469307929277420044e-01 2.428876012563705444e-01 -2.353548407554626465e-01 -1.071767449378967285e+00 -3.908471167087554932e-01 -1.277796387672424316e+00 -2.490719035267829895e-02 -1.489210247993469238e+00 7.925600409507751465e-01 -1.408976018428802490e-01 -9.843774795532226562e+00 -4.747926890850067139e-01 -6.170935034751892090e-01 1.881190836429595947e-01 6.141756772994995117e-01 -2.011667340993881226e-01 -4.553572535514831543e-01 5.745052695274353027e-01 -1.865754365921020508e+00 -1.489264518022537231e-02 -1.862417012453079224e-01 1.027622938156127930e+00 1.442765712738037109e+00 -1.540768861770629883e+00 1.436184883117675781e+00 -8.850514292716979980e-01 -1.864214241504669189e-02 4.837004542350769043e-01 -2.231477014720439911e-02 -7.393466681241989136e-02 -3.825542032718658447e-01 -4.399603903293609619e-01 -3.267547786235809326e-01 5.791165232658386230e-01 -1.812743663787841797e+00 9.130197018384933472e-02 7.165974378585815430e-01 -2.927022278308868408e-01 3.287670016288757324e-01 5.183328986167907715e-01 2.663056850433349609e-01 1.005246520042419434e+00 9.445458650588989258e-01 -3.857835233211517334e-01 1.046085357666015625e+00 1.806515902280807495e-01 1.989442855119705200e-01 1.432901471853256226e-01 -6.622672080993652344e-02 1.058010578155517578e+00 1.133006811141967773e-01 8.938022702932357788e-02 1.008025482296943665e-01 -9.067083001136779785e-01 1.464069604873657227e+00 3.258238434791564941e-01
-1.452044695615768433e-01 1.222008943557739258e+00 1.893332004547119141e-01 -8.758186101913452148e-01 -1.489272713661193848e-01 -2.407661378383636475e-01 5.643730163574218750e-01 -3.671541512012481689e-01 5.787230134010314941e-01 3.670926019549369812e-02 5.554134398698806763e-02 -7.173424959182739258e-02 -2.774639427661895752e-01 -5.796185135841369629e-01 -3.546782433986663818e-01 7.300541996955871582e-01 1.240757107734680176e+00 -6.136802434921264648e-01 1.863578557968139648e-01 2.321558147668838501e-01 -3.172061145305633545e-01 -3.165317177772521973e-01 -8.039079308509826660e-01 -4.754344522953033447e-01 5.562189817428588867e-01 -3.419108688831329346e-01 -4.948875606060028076e-01 4.964093863964080811e-01 4.730599820613861084e-01 4.799757003784179688e-01 4.933203160762786865e-01 -1.014756113290786743e-01 -2.650624513626098633e-01 1.014677643775939941e+00 -8.181976675987243652e-01 -4.765022695064544678e-01 -2.615750432014465332e-01 -3.726824820041656494e-01 3.070994913578033447e-01 -1.543057709932327271e-01 5.521357059478759766e-01 -1.200331926345825195e+00 -2.178037539124488831e-03 1.099192500114440918e-01 6.795319169759750366e-02 3.704123198986053467e-01 3.720266520977020264e-01 -1.327637732028961182e-01 2.727874517440795898e-01 -2.887336909770965576e-01 -8.596057295799255371e-01 -1.856202185153961182e-01 3.337246477603912354e-01 -3.349867761135101318e-01 -3.879103362560272217e-01 2.368833720684051514e-01 -3.925140500068664551e-01 -6.937494277954101562e-01 -3.523850440979003906e-02 1.105432957410812378e-01 -1.776672005653381348e-01 -6.400204896926879883e-01 2.995209693908691406e-01 4.337294772267341614e-02
7.102727890014648438e-01 -9.840720891952514648e-01 2.313712984323501587e-01 -3.174139559268951416e-01 5.100795030593872070e-01 3.243357837200164795e-01 5.191866755485534668e-01 -9.671361744403839111e-02 3.056526780128479004e-01 3.744521141052246094e-01 6.524103134870529175e-02 -1.476443529129028320e+00 2.521544098854064941e-01 -1.859545409679412842e-01 3.976176083087921143e-01 -3.990472108125686646e-02 2.496642917394638062e-01 3.675827682018280029e-01 2.291962951421737671e-01 -3.327603340148925781e-01 1.829698234796524048e-01 1.862288862466812134e-01 -5.972558259963989258e-01 -5.240859091281890869e-02 1.844272464513778687e-01 1.781013906002044678e-01 6.720954179763793945e-01 3.359341025352478027e-01 -1.644608229398727417e-01 -2.652999386191368103e-02 -3.216330707073211670e-01 -3.525477647781372070e-02 -1.744111061096191406e+00 -2.416115999221801758e-01 6.234401464462280273e-01 1.436892747879028320e-01 2.440692186355590820e-01 1.054513752460479736e-01 1.998404711484909058e-01 2.833739817142486572e-01 1.822640448808670044e-01 -1.032505035400390625e+00 2.795534431934356689e-01 7.406294941902160645e-01 5.987828969955444336e-01 1.048717275261878967e-01 -4.728990793228149414e-02 5.630851984024047852e-01 -3.711040690541267395e-02 3.988208770751953125e-01 -1.511617660522460938e+00 5.629408359527587891e-01 -1.129034534096717834e-02 3.365178108215332031e-01 4.725561439990997314e-01 -2.138945460319519043e-01 3.822878599166870117e-01 -1.060323357582092285e+00 4.051494300365447998e-01 7.791308760643005371e-01 1.296132206916809082e-01 -4.537053704261779785e-01 -1.550849974155426025e-01 1.758665740489959717e-01
1.059270024299621582e+00 -7.635718584060668945e-01 -6.705139279365539551e-01 -1.246132135391235352e+00 5.140472948551177979e-02 -3.765158355236053467e-01 7.131929397583007812e-01 5.372267961502075195e-01 1.061002984642982483e-01 -5.318750739097595215e-01 5.393571853637695312e-01 -2.516189336776733398e+00 3.458968102931976318e-01 -3.410384058952331543e-01 -1.875046640634536743e-01 3.008138835430145264e-01 3.339150249958038330e-01 9.597624540328979492e-01 4.851153492927551270e-01 1.290282726287841797e+00 1.303860396146774292e-01 2.820200026035308838e-01 1.564991474151611328e-01 -2.734384536743164062e-01 -1.370879888534545898e+00 -1.220567822456359863e+00 -4.643614888191223145e-01 3.596768975257873535e-01 3.518933057785034180e-02 6.526806950569152832e-01 1.111258625984191895e+00 1.767601072788238525e-01 -3.192581534385681152e-01 -6.616901755332946777e-01 5.781240463256835938e-01 1.256971120834350586e+00 1.545407623052597046e-01 9.397307634353637695e-01 -1.042285561561584473e+00 -1.278840303421020508e+00 5.701258778572082520e-01 1.490953803062438965e+00 -5.659030675888061523e-01 3.198103234171867371e-02 -2.703534603118896484e+00 1.246996521949768066e-01 1.438529938459396362e-01 2.151724547147750854e-01 9.107630848884582520e-01 4.310891032218933105e-02 1.930355072021484375e+00 -4.457072913646697998e-01 3.474576175212860107e-01 -5.343739986419677734e-01 1.172539815306663513e-01 -2.819862067699432373e-01 7.619612216949462891e-01 7.354108095169067383e-01 5.135390162467956543e-02 -8.745916932821273804e-02 -9.465706348419189453e-02 1.712301969528198242e+00 1.593121886253356934e-01 -2.010442912578582764e-01
2.212891727685928345e-01 -6.033307909965515137e-01 -2.375204861164093018e-01 -8.315217494964599609e-02 -6.260399818420410156e+00 5.203122496604919434e-01 1.298238992691040039e+00 4.663048982620239258e-01 1.356828212738037109e+00 -6.282069534063339233e-02 -1.399367116391658783e-02 -2.986167430877685547e+00 3.591458797454833984e-01 -9.176278710365295410e-01 1.777132302522659302e-01 -3.144379556179046631e-01 -3.638831079006195068e-01 5.136048197746276855e-01 -1.385876369476318359e+01 3.562611341476440430e-01 -9.970910549163818359e-01 -2.450644075870513916e-01 1.501050442457199097e-01 1.512840688228607178e-01 4.409931898117065430e-01 -1.037874519824981689e-01 -1.656002044677734375e+00 4.914405345916748047e-01 -2.662456035614013672e-02 -1.347052335739135742e+00 2.912611007690429688e+00 -3.839891552925109863e-01 -1.115898370742797852e+00 -4.116110205650329590e-01 5.230009555816650391e-01 -4.153988063335418701e-01 2.979189157485961914e-01 1.086904201656579971e-02 -2.321223169565200806e-01 1.347382813692092896e-01 -2.681271135807037354e-01 2.314014434814453125e-01 -3.499662280082702637e-01 4.143605828285217285e-01 -4.672050178050994873e-01 1.033458709716796875e+00 -4.576358199119567871e-01 1.623956412076950073e-01 6.772044301033020020e-01 1.082355976104736328e+00 -3.101043999195098877e-01 3.112266212701797485e-02 5.936406850814819336e-01 2.035222649574279785e-01 4.180425405502319336e-01 4.649830460548400879e-01 3.398304283618927002e-01 -9.889523983001708984e-01 2.629640996456146240e-01 1.156778559088706970e-01 8.905719965696334839e-03 7.493773102760314941e-01 -4.593517258763313293e-02 -4.398403465747833252e-01
