8.751662373542785645e-01
2.152830660343170166e-01
4.224766194820404053e-01
7.997138500213623047e-01
-3.809404969215393066e-01
-9.259239770472049713e-03
-6.529868114739656448e-03
9.395314380526542664e-03
1.003361105918884277e+00
5.016397833824157715e-01
9.714972972869873047e-01
6.079146638512611389e-02
-4.502767920494079590e-01
-3.387905359268188477e-01
-4.299058616161346436e-01
6.664483547210693359e-01
8.447365164756774902e-01
-7.895172573626041412e-03
-5.408542156219482422e-01
6.589311957359313965e-01
3.343459069728851318e-01
-1.126493811607360840e-01
-1.063593924045562744e-01
-6.354725956916809082e-01
6.856877207756042480e-01
1.781350672245025635e-01
5.694957375526428223e-01
8.382494449615478516e-01
-6.373505592346191406e-01
1.018865346908569336e+00
-2.828234732151031494e-01
1.043530225753784180e+00
