-8.696319162845611572e-02
7.859475016593933105e-01
-1.043754696846008301e+00
-6.240799427032470703e-01
-4.149240553379058838e-01
-6.470391750335693359e-01
-2.322859466075897217e-01
1.231311082839965820e+00
2.342861592769622803e-01
-5.321570485830307007e-02
-1.477739810943603516e-01
-1.118075013160705566e+00
-6.678094267845153809e-01
-1.018532514572143555e+00
-6.096609830856323242e-01
-3.595073521137237549e-01
-5.053334832191467285e-01
1.616830080747604370e-01
1.412107646465301514e-01
-1.575328707695007324e+00
-1.311179399490356445e+00
-9.673766791820526123e-02
-1.765666604042053223e-01
-4.161871373653411865e-01
-1.514284014701843262e-01
-3.065381050109863281e-01
4.441343247890472412e-01
-1.298232793807983398e+00
-9.442702680826187134e-02
3.087123632431030273e-01
6.810679435729980469e-01
3.206174075603485107e-01
-1.427553534507751465e+00
-3.374536335468292236e-01
-4.577209353446960449e-01
-8.657786846160888672e-01
-6.299528479576110840e-01
-6.718209981918334961e-01
2.314903438091278076e-01
1.855308888480067253e-03
2.168565392494201660e-01
4.764406383037567139e-01
1.588608473539352417e-01
-1.085892915725708008e+00
-7.010753154754638672e-01
3.016116321086883545e-01
-2.497464865446090698e-01
-7.445351779460906982e-02
-1.423545956611633301e+00
-3.661520481109619141e-01
-9.468499422073364258e-01
-2.548828721046447754e-01
-1.802524685859680176e+00
-2.367222309112548828e-01
3.154752403497695923e-02
-4.152924120426177979e-01
-1.675392985343933105e-01
-3.699560761451721191e-01
-4.354024529457092285e-01
-3.724880218505859375e-01
9.607920050621032715e-01
-1.006256699562072754e+00
1.746650487184524536e-01
-8.545271754264831543e-01
