-8.572646975517272949e-01 -3.769216537475585938e-01 5.008235573768615723e-03 -3.431339561939239502e-02 -3.181489706039428711e-01 -5.051429271697998047e-01 -4.027381241321563721e-01 3.049962222576141357e-01
4.336041957139968872e-02 -2.650985419750213623e-01 9.497664123773574829e-02 -2.489485144615173340e-01 -1.066823482513427734e+00 -1.527538523077964783e-02 -4.684820473194122314e-01 2.092958241701126099e-02
4.968464672565460205e-01 -5.220760107040405273e-01 1.861215680837631226e-01 -9.138128757476806641e-01 -8.128476329147815704e-03 -4.164352267980575562e-02 -1.027242183685302734e+00 2.415815591812133789e-01
-9.338751435279846191e-01 -3.820655643939971924e-01 -3.341480970382690430e+00 -1.926445364952087402e-01 -1.556311368942260742e+00 -4.421878457069396973e-01 4.096201807260513306e-02 -3.419326990842819214e-02
-3.298257291316986084e-01 -2.171482592821121216e-01 -2.613819763064384460e-02 1.986832171678543091e-01 -4.488735198974609375e-01 3.267416357994079590e-01 -3.996871709823608398e-01 1.993151903152465820e-01
-6.815344095230102539e-02 2.074512094259262085e-01 3.522669672966003418e-01 1.115491017699241638e-01 3.506132066249847412e-01 -9.469281136989593506e-02 6.257375478744506836e-01 -1.491495817899703979e-01
-2.870623022317886353e-02 -7.052335888147354126e-02 -1.475458443164825439e-01 9.418976306915283203e-02 2.140556871891021729e-01 1.309878751635551453e-02 3.048799932003021240e-03 -3.376829996705055237e-02
-3.870642185211181641e-01 1.772664785385131836e-01 -2.220017164945602417e-01 -7.303622364997863770e-02 -2.701424956321716309e-01 8.590344339609146118e-02 -2.560974359512329102e-01 1.872062087059020996e-01
1.062843680381774902e+00 1.349126398563385010e-01 -5.716892480850219727e-01 2.972605228424072266e-01 -1.761191606521606445e+00 2.546570599079132080e-01 -8.003455400466918945e-01 1.332077682018280029e-01
4.232699275016784668e-01 -6.862757205963134766e-01 -1.355683684349060059e+00 -8.542936295270919800e-02 -4.188425838947296143e-01 -1.047670841217041016e-01 -6.485154628753662109e-01 -2.048991024494171143e-01
3.370679378509521484e+00 2.762832045555114746e-01 6.380550563335418701e-02 1.897394210100173950e-01 -3.152812719345092773e-01 -3.811994791030883789e-01 -3.628966808319091797e-01 -3.716968232765793800e-03
3.749933242797851562e-01 -7.913855314254760742e-01 -7.497334480285644531e-01 -7.131314277648925781e-01 5.156965255737304688e-01 -8.853155970573425293e-01 -3.879658877849578857e-01 1.105620618909597397e-02
4.673863351345062256e-01 -1.136896491050720215e+00 3.931895196437835693e-01 -1.168133020401000977e+00 -3.697777912020683289e-02 -5.762651562690734863e-01 -5.570274591445922852e-01 9.706738404929637909e-03
1.100654959678649902e+00 7.027869820594787598e-01 1.141555666923522949e+00 7.451478242874145508e-01 2.992271482944488525e-01 -3.576271831989288330e-01 4.800922274589538574e-01 1.150697171688079834e-01
-6.915380954742431641e-01 1.338591724634170532e-01 -6.586815416812896729e-02 5.306752026081085205e-02 -5.777434110641479492e-01 5.269954912364482880e-03 6.522920727729797363e-02 -2.225276082754135132e-02
1.309040095657110214e-02 2.771777212619781494e-01 5.012035965919494629e-01 -1.877297610044479370e-01 -3.493668138980865479e-01 -4.244869202375411987e-02 1.057758480310440063e-01 1.090219896286725998e-02
2.178295850753784180e+00 1.041681393980979919e-01 -5.564079284667968750e-01 -2.223042100667953491e-01 4.943805932998657227e-01 -1.815734356641769409e-01 -1.556993722915649414e-01 6.412875652313232422e-02
1.121724128723144531e+00 -5.552829504013061523e-01 -1.942457556724548340e+00 -6.831023693084716797e-01 3.846563771367073059e-02 -3.595116138458251953e-01 -6.807684302330017090e-01 3.490063846111297607e-01
-1.342694282531738281e+00 3.300440683960914612e-02 2.805822491645812988e-01 -3.082967177033424377e-02 -2.332362085580825806e-01 1.425969507545232773e-02 2.440432831645011902e-02 -1.568962782621383667e-01
-2.170456806197762489e-03 6.067532300949096680e-01 8.359071612358093262e-01 4.885942935943603516e-01 5.005686879158020020e-01 -1.635175347328186035e-01 5.319823026657104492e-01 -5.465432256460189819e-02
1.009849548339843750e+00 -1.017159074544906616e-01 8.052867650985717773e-01 -1.891307979822158813e-01 1.276727318763732910e+00 -7.042575478553771973e-01 5.214406847953796387e-01 -4.795371741056442261e-02
-9.225682616233825684e-01 5.943267345428466797e-01 1.445552110671997070e-01 4.448856115341186523e-01 5.620670318603515625e-02 9.290751814842224121e-01 -2.251561582088470459e-01 4.846222102642059326e-01
1.398096084594726562e+00 1.738571524620056152e-01 1.025264501571655273e+00 5.959952622652053833e-02 1.036697506904602051e+00 -2.758195996284484863e-02 8.046454191207885742e-01 1.777829676866531372e-01
-1.623886108398437500e+00 7.818380743265151978e-02 -6.704453229904174805e-01 1.595933884382247925e-01 -1.834229826927185059e-01 9.881708770990371704e-02 4.049624502658843994e-02 -5.905156582593917847e-02
9.996529221534729004e-01 -1.055172562599182129e+00 -1.139062941074371338e-01 -1.063411474227905273e+00 9.878209978342056274e-02 -8.326108008623123169e-02 8.655002713203430176e-01 1.149724796414375305e-02
-8.325179815292358398e-01 4.413273334503173828e-01 1.886959969997406006e-01 2.624059915542602539e-01 -3.577214106917381287e-02 -3.442909121513366699e-01 6.917077302932739258e-01 -4.907194897532463074e-02
1.287004351615905762e+00 -2.885575592517852783e-01 -8.366183638572692871e-01 2.158290706574916840e-02 1.026661992073059082e+00 7.502382248640060425e-02 -2.240906059741973877e-01 -2.015515565872192383e-01
5.509871616959571838e-02 1.031928136944770813e-01 5.410274863243103027e-01 2.008880861103534698e-02 2.897039055824279785e-01 -2.172483056783676147e-01 4.310928285121917725e-01 9.785307943820953369e-02
-4.006919264793395996e-01 1.189658418297767639e-01 -1.902111530303955078e+00 4.903591871261596680e-01 3.728286027908325195e-01 -9.546283632516860962e-02 -7.894502878189086914e-01 3.232741355895996094e-02
-5.806320905685424805e-01 -8.358446508646011353e-02 -1.632772564888000488e+00 -1.743884980678558350e-01 -1.663738846778869629e+00 6.916476488113403320e-01 -6.442521214485168457e-01 -3.030595779418945312e-01
-2.401332408189773560e-01 -3.844920396804809570e-01 -8.749164938926696777e-01 -2.415527701377868652e-01 -8.109772801399230957e-01 -7.251370698213577271e-02 6.905044615268707275e-02 -7.657533138990402222e-02
2.178408354520797729e-01 2.191119343042373657e-01 1.600659966468811035e+00 -9.651613421738147736e-03 9.841263890266418457e-01 3.227157890796661377e-01 -5.744282007217407227e-01 -7.653848081827163696e-02
-9.044428467750549316e-01 4.016362130641937256e-01 8.226841688156127930e-02 4.311091303825378418e-01 2.089506238698959351e-01 1.627675592899322510e-01 2.884721755981445312e-01 -2.388660907745361328e-01
-1.114309787750244141e+00 4.283204674720764160e-01 -1.118358254432678223e+00 3.974676430225372314e-01 4.100484251976013184e-01 1.019624620676040649e-01 -2.562424838542938232e-01 -1.038646996021270752e-01
2.770504236221313477e+00 1.212528049945831299e-01 3.608183264732360840e-01 5.693552643060684204e-02 -6.643528938293457031e-01 -2.616988718509674072e-01 -3.676595091819763184e-01 4.775873571634292603e-02
-1.011548280715942383e+00 7.738768458366394043e-01 2.536500394344329834e-01 5.822129845619201660e-01 -1.692047566175460815e-01 4.292933344841003418e-01 5.009692311286926270e-01 2.468122728168964386e-02
3.034935474395751953e+00 2.375511229038238525e-01 6.201236322522163391e-02 5.618932247161865234e-01 -3.401333093643188477e-01 8.858587592840194702e-02 -5.653475522994995117e-01 -1.442024391144514084e-02
-9.240183234214782715e-01 -6.171106547117233276e-02 8.073770254850387573e-02 5.531052350997924805e-01 9.584014862775802612e-02 -1.603138148784637451e-01 4.268764853477478027e-01 -2.278402000665664673e-01
-4.663008153438568115e-01 7.690269947052001953e-01 -2.062475442886352539e+00 2.396062165498733521e-01 5.157608985900878906e-01 -4.619665071368217468e-02 -4.558816850185394287e-01 -6.313056498765945435e-02
1.157344102859497070e+00 -6.905268430709838867e-01 7.591319084167480469e-01 -6.209108829498291016e-01 1.278423517942428589e-01 -3.762266132980585098e-03 2.230641096830368042e-01 6.988361477851867676e-02
2.261748313903808594e-01 -3.461942970752716064e-01 -8.977648615837097168e-01 -1.116871014237403870e-01 -1.063310280442237854e-01 7.444562911987304688e-01 -1.032770752906799316e+00 -1.453141272068023682e-01
-3.923569917678833008e-01 -3.655232489109039307e-01 -1.093372851610183716e-01 -3.458556830883026123e-01 -4.126487076282501221e-01 2.017562538385391235e-01 -7.249436974525451660e-01 -6.462629884481430054e-02
2.645222842693328857e-01 -3.636021614074707031e-01 -1.718407750129699707e+00 -6.802819371223449707e-01 -1.432785242795944214e-01 2.338942587375640869e-01 -6.277648210525512695e-01 3.553295508027076721e-02
-8.441213518381118774e-02 6.599072813987731934e-01 3.009519875049591064e-01 6.268161535263061523e-01 -1.701089590787887573e-01 4.199510812759399414e-01 -3.764541447162628174e-01 -9.164898097515106201e-02
6.672691702842712402e-01 -2.584741413593292236e-01 1.840083599090576172e-01 -8.467051386833190918e-02 7.340855151414871216e-02 -3.830714821815490723e-01 1.996553689241409302e-01 7.424672245979309082e-01
-9.936456084251403809e-01 -1.913841366767883301e-01 -8.460908532142639160e-01 2.659678831696510315e-02 -8.708317875862121582e-01 2.118765711784362793e-01 -1.073304116725921631e-01 -1.061446666717529297e+00
-4.485714733600616455e-01 4.160701930522918701e-01 -2.283940315246582031e-01 -1.064011231064796448e-01 -2.457481145858764648e+00 -3.899998664855957031e-01 -5.150879621505737305e-01 3.506476879119873047e-01
-8.180270791053771973e-01 2.805571444332599640e-02 -1.201528191566467285e+00 -9.766133129596710205e-02 -1.920501828193664551e+00 7.567448168992996216e-02 -8.240597248077392578e-01 2.911509275436401367e-01
-8.196635246276855469e-01 3.217082321643829346e-01 1.521111577749252319e-01 6.735411286354064941e-02 3.944356441497802734e-01 -1.898712813854217529e-01 3.373880982398986816e-01 -1.137785986065864563e-02
1.071154594421386719e+00 -8.057067394256591797e-01 6.118798255920410156e-01 -7.025335431098937988e-01 3.428355157375335693e-01 1.734490692615509033e-01 1.389951258897781372e-02 8.081580512225627899e-03
-1.996359348297119141e+00 3.637523651123046875e-01 -1.090506553649902344e+00 3.854316473007202148e-01 -4.795906841754913330e-01 2.216215580701828003e-01 4.761487245559692383e-01 1.056097000837326050e-01
-5.951328277587890625e-01 -9.738844633102416992e-02 2.172771394252777100e-01 -5.889266356825828552e-02 -5.791668891906738281e-01 1.085155680775642395e-01 -5.135852694511413574e-01 -1.697731018066406250e-01
-3.226003050804138184e-02 -6.821003556251525879e-02 1.235150098800659180e+00 4.750925302505493164e-01 3.073075413703918457e-01 1.005605086684226990e-01 -9.421758353710174561e-02 1.590879168361425400e-03
6.459076539613306522e-04 -1.427685171365737915e-01 1.518731471151113510e-02 1.823392212390899658e-01 9.152767062187194824e-02 -3.063795156776905060e-02 1.084426511079072952e-02 -2.190811187028884888e-02
3.499055385589599609e+00 9.542296826839447021e-02 -1.754444956779479980e+00 6.633602380752563477e-01 -5.463339686393737793e-01 -1.999518275260925293e-01 3.518573194742202759e-02 -8.915014564990997314e-03
3.618250787258148193e-01 9.139024466276168823e-02 -4.151915073394775391e+00 5.082874745130538940e-02 1.533879160881042480e+00 2.433175966143608093e-02 4.065605252981185913e-02 5.351287778466939926e-03
-2.076155394315719604e-01 -2.192486636340618134e-02 3.053849749267101288e-02 8.225181140005588531e-03 -9.053037315607070923e-02 6.403765082359313965e-01 -3.882068991661071777e-01 5.228805541992187500e-01
9.728823900222778320e-01 2.131447643041610718e-01 1.258869051933288574e+00 4.546346962451934814e-01 -2.588067650794982910e-01 -1.419493835419416428e-02 -9.432109445333480835e-02 4.896114394068717957e-02
-2.373260678723454475e-03 -8.414288610219955444e-02 2.989251315593719482e-01 1.233942955732345581e-01 3.211349993944168091e-02 -2.259963750839233398e-02 1.340902298688888550e-01 -5.981826409697532654e-02
-1.527750492095947266e-01 -4.744309186935424805e-02 1.538212180137634277e+00 2.510436177253723145e-01 6.254643201828002930e-01 1.084970757365226746e-01 -6.031185016036033630e-02 -5.592496320605278015e-02
3.372192680835723877e-01 -9.170574545860290527e-01 -4.864248931407928467e-01 -8.461788892745971680e-01 -1.213090643286705017e-01 -1.181195676326751709e-01 -1.281927704811096191e+00 7.541185710579156876e-03
-1.043862581253051758e+00 4.844762086868286133e-01 -9.471572935581207275e-02 4.044950306415557861e-01 3.662981986999511719e-01 -5.233646184206008911e-02 4.157212972640991211e-01 1.220489218831062317e-01
-4.596280455589294434e-01 3.071779310703277588e-01 -1.430440068244934082e+00 1.672344952821731567e-01 -1.031935289502143860e-01 -2.043867111206054688e-01 -4.046944156289100647e-02 3.088178038597106934e-01
1.587398648262023926e+00 3.883879482746124268e-01 5.598772168159484863e-01 3.784487545490264893e-01 9.541038423776626587e-02 -2.897408604621887207e-01 -5.416499376296997070e-01 1.445847749710083008e-01
