-1.617858409881591797e-01 4.660738706588745117e-01 7.804000973701477051e-01 -5.778733491897583008e-01 -4.631066620349884033e-01 1.177637353539466858e-01 3.142751157283782959e-01 -2.088691890239715576e-01 -2.765342593193054199e-01 1.091833412647247314e-01 -1.632003933191299438e-01 -6.411133408546447754e-01 -1.975872397422790527e+00 3.569222390651702881e-01 4.375297725200653076e-01 5.315253138542175293e-01 -2.360833406448364258e+00 6.633979082107543945e-02 -6.487613171339035034e-02 -1.565612405538558960e-01 6.618019342422485352e-01 -9.010490775108337402e-02 2.496673315763473511e-01 -6.383968591690063477e-01 -1.126490354537963867e+00 1.577453166246414185e-01 2.285697609186172485e-01 -1.599350333213806152e+00 -3.974830210208892822e-01 1.214942932128906250e+00 4.588417708873748779e-01 2.188521623611450195e-01 3.189541697502136230e-01 -6.931582093238830566e-02 -1.874201893806457520e-01 2.410428076982498169e-01 -1.005574837327003479e-01 4.286824464797973633e-01 -4.328173100948333740e-01 -7.242226600646972656e-01 -3.153522312641143799e-02 -1.204737350344657898e-01 3.767704665660858154e-01 -2.457927614450454712e-01 -1.505527019500732422e+00 2.497247606515884399e-01 2.976117283105850220e-02 -1.057531610131263733e-01 1.804418802261352539e+00 -7.959549315273761749e-03 3.700934723019599915e-02 -3.018012940883636475e-01 4.407952427864074707e-01 4.657166898250579834e-01 4.332847520709037781e-02 -1.142880439758300781e+00 -4.033909142017364502e-01 -3.921298980712890625e-01 3.297378420829772949e-01 2.340273931622505188e-02 5.074105039238929749e-02 1.216824352741241455e-01 8.947741240262985229e-02 5.323436856269836426e-02
6.561620160937309265e-03 1.302816569805145264e-01 2.091352790594100952e-01 -4.663386344909667969e-01 7.728327065706253052e-02 3.344100713729858398e-01 2.746695280075073242e-02 3.395717144012451172e-01 -2.378571629524230957e-01 1.714155077934265137e-01 1.172628067433834076e-02 -8.068192601203918457e-01 -9.266775250434875488e-01 4.298711717128753662e-01 1.354713737964630127e-01 -8.389927446842193604e-02 -1.724261879920959473e+00 6.596345305442810059e-01 4.179660677909851074e-01 3.181809782981872559e-01 8.694335222244262695e-01 3.157917857170104980e-01 2.832095921039581299e-01 9.096106141805648804e-02 -3.539618849754333496e-01 3.331114947795867920e-01 1.070172712206840515e-01 -7.069404125213623047e-01 -2.219263613224029541e-01 3.884528875350952148e-01 1.108372807502746582e-01 4.851397573947906494e-01 6.952603459358215332e-01 8.239909261465072632e-02 -1.649327725172042847e-01 3.666604459285736084e-01 -1.999843418598175049e-01 4.834448993206024170e-01 -3.384196758270263672e-01 -5.473852157592773438e-01 -8.767338842153549194e-02 2.035692781209945679e-01 5.142720341682434082e-01 -5.975275114178657532e-02 -4.406796097755432129e-01 4.105736315250396729e-02 6.653890013694763184e-02 -2.439427673816680908e-01 1.464005827903747559e+00 -4.051299095153808594e-01 -3.688770532608032227e-01 2.739786170423030853e-02 9.372034072875976562e-01 5.481721833348274231e-02 7.769997417926788330e-02 -1.186100482940673828e+00 7.365947961807250977e-02 1.797262430191040039e-01 7.535185664892196655e-02 4.183848798274993896e-01 2.733246982097625732e-01 1.942778378725051880e-01 -1.036296039819717407e-02 3.746692836284637451e-01
-6.904379725456237793e-01 -8.172175288200378418e-01 6.058051437139511108e-02 -2.924175560474395752e-01 -5.168200135231018066e-01 -2.698619365692138672e-01 1.599564254283905029e-01 -2.544463276863098145e-01 -3.014844357967376709e-01 2.014337331056594849e-01 1.133259683847427368e-01 5.235667228698730469e-01 2.454626411199569702e-01 -7.169234752655029297e-01 5.142198801040649414e-01 6.278962492942810059e-01 2.404928684234619141e+00 -2.109870672225952148e+00 -5.627846717834472656e-01 -3.247399348765611649e-03 -3.910079598426818848e-01 3.365653753280639648e-02 4.235639870166778564e-01 -4.064697325229644775e-01 -1.158565375953912735e-02 1.029602885246276855e-01 -6.295106559991836548e-02 6.933779716491699219e-01 -7.802568376064300537e-02 -6.987855434417724609e-01 -7.324375957250595093e-02 -2.039162367582321167e-01 -8.410258293151855469e-01 -2.397893816232681274e-01 1.504569407552480698e-02 -3.261625766754150391e-02 -8.151036500930786133e-01 2.977949976921081543e-01 4.093865752220153809e-01 -1.446237266063690186e-01 -2.512601613998413086e-01 -5.691993981599807739e-02 -6.335397362709045410e-01 2.096938639879226685e-01 6.766256093978881836e-01 -3.845207393169403076e-01 -6.709331274032592773e-01 -1.291679620742797852e+00 1.358698457479476929e-01 -3.422472253441810608e-02 -9.140489101409912109e-01 -3.325795233249664307e-01 -7.306103706359863281e-01 3.390124142169952393e-01 -2.642874419689178467e-01 1.254426598548889160e+00 1.458282321691513062e-01 -9.305156767368316650e-02 4.015705585479736328e-01 1.932006888091564178e-02 7.827619463205337524e-02 -2.008955553174018860e-02 2.904742658138275146e-01 -4.820742011070251465e-01
5.155748873949050903e-02 7.319761067628860474e-02 3.439832329750061035e-01 -6.899066567420959473e-01 1.210410147905349731e-01 3.280674517154693604e-01 1.098055988550186157e-01 3.489092290401458740e-01 -5.635164380073547363e-01 1.190825253725051880e-01 -8.010379970073699951e-02 -7.476416826248168945e-01 -1.030924916267395020e+00 4.522824883460998535e-01 6.265686452388763428e-02 1.330813616514205933e-01 -2.993769407272338867e+00 -4.103405773639678955e-01 3.020315766334533691e-01 2.112039178609848022e-01 9.010997414588928223e-01 2.160999923944473267e-01 2.182105481624603271e-01 1.076032742857933044e-01 -3.527823388576507568e-01 3.490169942378997803e-01 -8.049547672271728516e-02 -6.135902404785156250e-01 2.984609454870223999e-02 5.123181939125061035e-01 -4.593909159302711487e-02 6.168780326843261719e-01 7.150495648384094238e-01 8.166916668415069580e-04 -3.918636143207550049e-01 4.045621156692504883e-01 -4.224500358104705811e-01 3.884769380092620850e-01 -4.779480695724487305e-01 -4.221304655075073242e-01 -1.830336153507232666e-01 1.071409806609153748e-01 -1.808035969734191895e-01 -7.439323514699935913e-02 -5.990546345710754395e-01 -1.492984965443611145e-02 -9.872782975435256958e-02 -4.630392789840698242e-01 1.576022982597351074e+00 -2.504288554191589355e-01 -4.129486680030822754e-01 2.869120426476001740e-02 8.459064960479736328e-01 -2.785062789916992188e-02 -1.687341183423995972e-02 -1.722489833831787109e+00 2.971581555902957916e-02 1.663475483655929565e-01 -5.260988324880599976e-02 3.570272624492645264e-01 3.640221059322357178e-01 2.106897085905075073e-01 -6.128084287047386169e-02 2.712007164955139160e-01
-1.118427887558937073e-01 -1.157836318016052246e+00 1.899568885564804077e-01 1.073503494262695312e+00 8.056533336639404297e-02 -7.085972428321838379e-01 4.937808215618133545e-01 -3.875861167907714844e-01 -1.469658166170120239e-01 -3.373791649937629700e-02 3.688868507742881775e-02 8.748705387115478516e-01 4.525458216667175293e-01 -8.007258176803588867e-01 8.903021812438964844e-01 3.422978520393371582e-01 2.901712179183959961e+00 -1.050569415092468262e+00 -1.752534210681915283e-01 3.846426010131835938e-01 -2.987577021121978760e-01 -1.911509931087493896e-01 1.200387105345726013e-01 -1.997443139553070068e-01 -4.225062951445579529e-02 1.095291227102279663e-01 2.696048319339752197e-01 1.106514692306518555e+00 5.352084636688232422e-01 7.219785451889038086e-02 -1.463697552680969238e-01 -3.975900635123252869e-02 -6.487960219383239746e-01 6.321543455123901367e-02 -3.970847725868225098e-01 -1.792066991329193115e-01 -3.835254907608032227e-02 6.030932813882827759e-02 3.670189976692199707e-01 -6.327371597290039062e-01 -3.282257020473480225e-01 3.757583722472190857e-02 -8.929630517959594727e-01 -9.007661342620849609e-01 -5.733505263924598694e-02 -1.206966876983642578e+00 4.153978526592254639e-01 -1.436021327972412109e-01 3.319577574729919434e-01 -7.437684386968612671e-02 5.144932270050048828e-01 -4.337732866406440735e-02 -7.605949044227600098e-01 2.703237831592559814e-01 5.377326160669326782e-02 1.839210987091064453e+00 2.200866043567657471e-01 -1.883506476879119873e-01 5.831145644187927246e-01 2.321311831474304199e-01 -1.915165334939956665e-01 1.120483279228210449e-01 3.962145447731018066e-01 -2.161469608545303345e-01
1.887661963701248169e-01 2.918782830238342285e-01 3.083912432193756104e-01 -4.935618638992309570e-01 7.404280453920364380e-02 2.895355820655822754e-01 -7.437983155250549316e-02 4.722788333892822266e-01 -1.888142526149749756e-01 3.005913794040679932e-01 1.222355961799621582e-01 -6.860832571983337402e-01 -1.021161079406738281e+00 6.872940063476562500e-01 2.798555977642536163e-02 -3.479421883821487427e-02 -2.076658725738525391e+00 3.067533075809478760e-01 4.499574899673461914e-01 4.013214111328125000e-01 8.229476809501647949e-01 3.850724995136260986e-01 4.688552618026733398e-01 -1.167019363492727280e-02 -3.968793749809265137e-01 4.945527613162994385e-01 -6.893943250179290771e-02 -5.930842757225036621e-01 -1.171303465962409973e-01 4.257456064224243164e-01 1.857581585645675659e-01 5.482641458511352539e-01 5.777661800384521484e-01 5.618377029895782471e-02 -3.028031587600708008e-01 3.369287252426147461e-01 -1.965409219264984131e-01 5.507227778434753418e-01 -2.532324194908142090e-01 -5.364753007888793945e-01 -1.455397903919219971e-01 3.914471864700317383e-01 4.004482328891754150e-01 1.771424859762191772e-01 -2.956610023975372314e-01 5.589938536286354065e-02 -9.927897155284881592e-02 -3.648693263530731201e-01 1.455315470695495605e+00 -2.745084464550018311e-01 -5.283549427986145020e-01 1.243490576744079590e-01 9.436647891998291016e-01 5.151126161217689514e-02 1.581931412220001221e-01 -1.378664255142211914e+00 2.118499130010604858e-01 1.121231168508529663e-01 -8.954874426126480103e-02 4.223898351192474365e-01 3.236929178237915039e-01 2.648868262767791748e-01 5.846316367387771606e-02 2.428769171237945557e-01
2.080741673707962036e-01 4.008862972259521484e-01 1.651108115911483765e-01 -5.023680329322814941e-01 7.680068910121917725e-02 3.751338124275207520e-01 1.638330286368727684e-04 5.284605622291564941e-01 -3.590208888053894043e-01 1.127895787358283997e-01 5.064553581178188324e-03 -7.634503245353698730e-01 -8.995398283004760742e-01 7.212810516357421875e-01 -6.806173361837863922e-03 -6.977421045303344727e-02 -1.937218427658081055e+00 3.653710782527923584e-01 5.555134415626525879e-01 4.355261921882629395e-01 1.009946465492248535e+00 3.923291862010955811e-01 4.229116439819335938e-01 3.865327686071395874e-02 -4.208858609199523926e-01 4.788290560245513916e-01 1.470559537410736084e-01 -7.705130577087402344e-01 -4.603758826851844788e-02 3.246052563190460205e-01 7.899829000234603882e-02 7.398090958595275879e-01 6.148614883422851562e-01 -1.034008245915174484e-02 -2.149431705474853516e-01 3.435438275337219238e-01 -1.679269373416900635e-01 5.458617210388183594e-01 -2.917264401912689209e-01 -3.166414797306060791e-01 -1.398827694356441498e-02 1.892130821943283081e-01 2.478547394275665283e-01 5.049363151192665100e-02 -3.997075259685516357e-01 1.273791790008544922e-01 -1.613008603453636169e-02 -2.144736647605895996e-01 1.459591984748840332e+00 -3.835651874542236328e-01 -4.265875816345214844e-01 1.664251387119293213e-01 8.997892737388610840e-01 -5.375287681818008423e-02 9.497193247079849243e-02 -1.352638125419616699e+00 2.521449625492095947e-01 2.981928586959838867e-01 -1.751284860074520111e-02 4.499109387397766113e-01 4.316186606884002686e-01 4.795838892459869385e-01 -5.864293873310089111e-02 2.316576540470123291e-01
1.538763046264648438e-01 3.050734400749206543e-01 1.099358439445495605e+00 -1.175273895263671875e+00 -1.384564638137817383e-01 4.203756153583526611e-02 2.984406054019927979e-01 1.042789593338966370e-02 -5.034054517745971680e-01 4.792479053139686584e-02 4.932777956128120422e-04 -8.169882893562316895e-01 -1.441650390625000000e+00 4.966174066066741943e-01 1.973069906234741211e-01 5.417762398719787598e-01 -3.326102733612060547e+00 -7.691645622253417969e-01 -1.985837239772081375e-03 5.216562747955322266e-02 3.316394239664077759e-02 1.109322346746921539e-02 1.512535363435745239e-01 9.461586177349090576e-02 -6.454061269760131836e-01 2.460567206144332886e-01 2.359009981155395508e-01 -2.219782114028930664e+00 -7.723762840032577515e-02 1.075770735740661621e+00 4.560177922248840332e-01 2.280790209770202637e-01 5.737447142601013184e-01 -1.030505970120429993e-01 -4.082080125808715820e-01 2.765861451625823975e-01 -1.012150198221206665e-02 3.368531167507171631e-01 -4.002715051174163818e-01 -7.457755804061889648e-01 -3.282326459884643555e-01 -5.371383950114250183e-02 5.711910128593444824e-01 -2.737774550914764404e-01 -7.045954465866088867e-01 1.063559576869010925e-01 4.002703353762626648e-02 -8.664638400077819824e-01 1.481488108634948730e+00 -4.919834807515144348e-02 -5.421245694160461426e-01 -2.466990202665328979e-01 5.381488204002380371e-01 2.080370038747787476e-01 2.066660486161708832e-02 -1.511127948760986328e+00 -4.051142558455467224e-02 -3.621269389986991882e-02 2.835632562637329102e-01 3.276818990707397461e-01 4.224631935358047485e-02 3.504728972911834717e-01 -1.637227833271026611e-01 3.219373822212219238e-01
1.847970038652420044e-01 2.925337553024291992e-01 1.412521302700042725e-01 -4.856700599193572998e-01 -3.767319768667221069e-02 4.062028825283050537e-01 -9.767751209437847137e-03 2.697640061378479004e-01 -9.689263999462127686e-02 2.872502505779266357e-01 1.131899189203977585e-02 -5.664390921592712402e-01 -1.143590569496154785e+00 4.581511616706848145e-01 2.033245712518692017e-01 -3.028748556971549988e-02 -1.765740752220153809e+00 5.566025972366333008e-01 2.970061302185058594e-01 2.847826778888702393e-01 8.105003237724304199e-01 3.356310427188873291e-01 2.654698193073272705e-01 -1.067547947168350220e-01 -3.785102963447570801e-01 2.782376706600189209e-01 -9.329884499311447144e-02 -5.725860595703125000e-01 -2.640738189220428467e-01 4.715647101402282715e-01 1.351094543933868408e-01 3.249855339527130127e-01 5.612065792083740234e-01 4.628395661711692810e-02 -1.016291677951812744e-01 1.959785521030426025e-01 -2.570597529411315918e-01 4.256058931350708008e-01 -4.348021745681762695e-01 -5.862264633178710938e-01 -7.185257971286773682e-02 1.886448711156845093e-01 5.302299857139587402e-01 -5.676493793725967407e-02 -2.616651654243469238e-01 8.754821866750717163e-02 -1.711214333772659302e-01 -2.652127444744110107e-01 1.558038592338562012e+00 -5.315658450126647949e-01 -5.850510001182556152e-01 8.465677499771118164e-02 7.895233631134033203e-01 -9.115900844335556030e-02 1.714775115251541138e-01 -1.219881772994995117e+00 1.030033156275749207e-01 -2.445248700678348541e-02 -2.636779099702835083e-03 4.923180341720581055e-01 2.184689790010452271e-01 3.717983961105346680e-01 -1.887399107217788696e-01 3.158610165119171143e-01
2.603809237480163574e-01 1.341431736946105957e-01 3.403270542621612549e-01 -5.127696394920349121e-01 2.404295839369297028e-03 3.248208761215209961e-01 -1.094441860914230347e-01 3.060564696788787842e-01 -1.839002966880798340e-01 1.968903988599777222e-01 -2.374236099421977997e-02 -7.285172939300537109e-01 -1.126598000526428223e+00 6.215636134147644043e-01 8.872415870428085327e-02 -9.365887939929962158e-02 -2.560206413269042969e+00 8.006918244063854218e-03 3.528976738452911377e-01 2.519461512565612793e-01 8.782395720481872559e-01 3.072912395000457764e-01 4.955737590789794922e-01 5.103716626763343811e-02 -3.548811376094818115e-01 3.836330175399780273e-01 -2.139562517404556274e-01 -7.527943253517150879e-01 -1.688236743211746216e-01 6.795897483825683594e-01 1.319952011108398438e-01 4.325360655784606934e-01 5.693112611770629883e-01 1.477576792240142822e-01 -2.355558425188064575e-01 3.299074172973632812e-01 -2.028076350688934326e-01 4.756656289100646973e-01 -4.488803744316101074e-01 -4.997261166572570801e-01 -5.591893568634986877e-03 2.788677811622619629e-01 -7.378542423248291016e-02 -3.309491276741027832e-02 -3.546139001846313477e-01 8.783544413745403290e-03 8.859530091285705566e-02 -2.635203897953033447e-01 1.416848659515380859e+00 -4.080714881420135498e-01 -5.808705687522888184e-01 1.122242435812950134e-01 8.441518545150756836e-01 -5.613747984170913696e-02 1.257497351616621017e-02 -1.510349154472351074e+00 4.854157939553260803e-02 1.181705221533775330e-01 -9.252920746803283691e-02 4.887311458587646484e-01 3.792917430400848389e-01 2.756237387657165527e-01 -1.260593831539154053e-01 3.494454026222229004e-01
-6.656727790832519531e-01 -2.402692735195159912e-01 -8.756138086318969727e-01 3.676955774426460266e-02 -2.802113890647888184e-01 7.123717069625854492e-01 1.525464802980422974e-01 -1.667801886796951294e-01 -1.341336011886596680e+00 3.863956630229949951e-01 3.159964084625244141e-01 8.009884357452392578e-01 4.274967610836029053e-01 -1.553721427917480469e+00 4.547263979911804199e-01 -3.613910451531410217e-02 2.618211030960083008e+00 -3.978300839662551880e-02 -1.407460570335388184e-01 -1.972804307937622070e+00 -1.537938237190246582e+00 2.575495243072509766e-01 9.780461192131042480e-01 -3.492970466613769531e-01 -1.569820493459701538e-01 1.681963801383972168e-01 4.419206976890563965e-01 -3.733293712139129639e-01 2.152162045240402222e-01 -6.503067612648010254e-01 1.191575229167938232e-01 3.098941147327423096e-01 -1.302588820457458496e+00 3.164465427398681641e-01 2.531952857971191406e-01 -6.830675154924392700e-02 1.076137661933898926e+00 6.145231127738952637e-01 7.708462476730346680e-01 -7.630836963653564453e-02 4.213783144950866699e-01 -3.343680500984191895e-02 -5.559480786323547363e-01 -7.814566791057586670e-02 7.109875082969665527e-01 -1.088179424405097961e-01 8.800013363361358643e-02 -1.022717952728271484e+00 -4.463043212890625000e-01 -5.110350251197814941e-01 7.652025222778320312e-01 -1.886295378208160400e-01 -2.071250915527343750e+00 1.186324283480644226e-01 1.131214350461959839e-01 1.443727374076843262e+00 2.919266521930694580e-01 -2.579845190048217773e-01 9.788109362125396729e-02 3.961793780326843262e-01 3.749145865440368652e-01 -3.624230027198791504e-01 -5.603047087788581848e-03 -1.058483004570007324e+00
5.325054526329040527e-01 4.093771576881408691e-01 -1.226274490356445312e+00 4.996765136718750000e+00 -5.189742892980575562e-02 1.112173870205879211e-01 -7.716560363769531250e-02 4.447214007377624512e-01 1.075932234525680542e-01 -3.509733080863952637e-01 -1.920185327529907227e+00 -2.667281627655029297e-01 -3.523441553115844727e-01 1.900199353694915771e-01 -3.941725194454193115e-01 -2.188095264136791229e-02 1.548877805471420288e-01 3.436056077480316162e-01 2.287968695163726807e-01 2.277077138423919678e-01 3.328569829463958740e-01 9.453929662704467773e-01 -1.697093367576599121e+00 1.239350318908691406e+00 -2.608302235603332520e-01 5.551249384880065918e-01 2.566642165184020996e-01 4.715798888355493546e-03 -3.250441849231719971e-01 1.578112006187438965e+00 2.907469570636749268e-01 -4.833808839321136475e-01 6.193339824676513672e-03 2.454249709844589233e-01 -3.948739469051361084e-01 3.104961663484573364e-02 -7.547020316123962402e-01 -1.601070165634155273e-01 2.024559304118156433e-02 -1.530783057212829590e+00 2.937661409378051758e-01 -7.091158032417297363e-01 -9.557614326477050781e-01 2.984088957309722900e-01 -7.551812529563903809e-01 8.066418766975402832e-01 2.445149123668670654e-01 7.882064580917358398e-02 1.475458621978759766e+00 -8.998628258705139160e-01 5.415213704109191895e-01 -7.183132767677307129e-01 -1.851884365081787109e+00 4.428821802139282227e-02 -4.258916378021240234e+00 2.317065238952636719e+00 -7.827574014663696289e-01 7.964313030242919922e-02 -1.135435886681079865e-02 -5.023592710494995117e-01 -4.767050147056579590e-01 2.505716383457183838e-01 2.353375852108001709e-01 9.460543841123580933e-02
-7.574679255485534668e-01 -8.135448098182678223e-01 3.779095411300659180e-02 -2.012860059738159180e+00 -5.652889609336853027e-01 -5.360720306634902954e-02 4.007667675614356995e-02 -6.064921021461486816e-01 6.228979825973510742e-01 5.092936158180236816e-01 8.432893157005310059e-01 -7.970526069402694702e-02 1.844094991683959961e-01 -4.504732415080070496e-02 -1.247183308005332947e-01 3.383224084973335266e-02 -2.898201048374176025e-01 8.438833057880401611e-02 -1.222974300384521484e+00 -2.208388745784759521e-01 3.956148922443389893e-01 -1.137680649757385254e+00 6.062818765640258789e-01 1.686412245035171509e-01 -4.458961486816406250e+00 -4.283968210220336914e-01 2.393550127744674683e-01 1.718699336051940918e-01 8.123529553413391113e-01 1.207504644989967346e-01 -4.805440604686737061e-01 -5.208047032356262207e-01 -1.617181301116943359e-01 2.771741449832916260e-01 1.026285171508789062e+00 -4.624802172183990479e-01 5.937595367431640625e-01 -4.404435753822326660e-01 1.982588879764080048e-02 -8.120882511138916016e-01 -4.053873121738433838e-01 6.461729407310485840e-01 -4.441015422344207764e-02 4.032611846923828125e-01 5.328522920608520508e-01 -1.351582646369934082e+00 1.820240765810012817e-01 2.592262327671051025e-01 -2.473725229501724243e-01 -1.213293671607971191e+00 -1.046221256256103516e+00 -1.544877588748931885e-01 -8.186258375644683838e-03 1.216401625424623489e-02 2.674618959426879883e-01 7.185707092285156250e-01 -4.466769695281982422e-01 1.191532611846923828e-01 4.436960071325302124e-02 -1.090946555137634277e+00 7.417740225791931152e-01 -2.766853757202625275e-02 -1.878581345081329346e-01 5.669725537300109863e-01
-9.661818295717239380e-02 7.420282363891601562e-01 8.390240073204040527e-01 -3.651913255453109741e-02 5.064402520656585693e-02 4.641615748405456543e-01 -6.793536990880966187e-02 2.331841364502906799e-02 -9.165343046188354492e-01 6.149575114250183105e-01 -1.508233189582824707e+00 -8.082307875156402588e-02 1.505778193473815918e+00 -7.960737347602844238e-01 8.757416158914566040e-02 1.138644292950630188e-01 1.528955459594726562e+00 1.984932869672775269e-01 -3.591650128364562988e-01 6.770388782024383545e-02 -5.282619595527648926e-02 -3.064712882041931152e-02 1.126918196678161621e+00 -1.175485968589782715e+00 -1.380371570587158203e+00 3.800870180130004883e-01 -5.273954868316650391e-01 -1.408017396926879883e+00 2.678577899932861328e-01 -6.857272982597351074e-01 1.582179665565490723e-01 -1.555629167705774307e-02 -2.467376708984375000e+00 -8.728674054145812988e-01 -1.364033699035644531e+00 7.243512272834777832e-01 -4.243983745574951172e+00 -7.104484736919403076e-02 -3.175858557224273682e-01 -9.170199632644653320e-01 -7.432568352669477463e-03 6.790374219417572021e-02 -9.818978905677795410e-01 -2.465336561203002930e+00 -4.553980827331542969e-01 -2.322967350482940674e-01 4.923232197761535645e-01 1.288133025169372559e+00 -6.381599307060241699e-01 -6.938884854316711426e-01 -1.663178950548171997e-01 3.251732885837554932e-01 -7.430237531661987305e-01 -4.463250748813152313e-03 -2.516092956066131592e-01 1.805932760238647461e+00 -2.776634991168975830e-01 -8.712384104728698730e-01 -4.067572578787803650e-02 9.266520850360393524e-03 5.690506100654602051e-01 2.297643721103668213e-01 2.111445516347885132e-01 -2.607021853327751160e-02
-1.011910033412277699e-03 1.228395938873291016e+00 -6.893298029899597168e-02 1.682933568954467773e-01 1.942110806703567505e-01 -2.966176867485046387e-01 2.639080956578254700e-02 -5.605441927909851074e-01 -3.577309250831604004e-01 2.612626850605010986e-01 5.673553347587585449e-01 2.870519638061523438e+00 6.291347146034240723e-01 1.158895850181579590e+00 2.028908133506774902e-01 4.032889753580093384e-02 4.234178364276885986e-01 1.124975010752677917e-01 2.279179394245147705e-01 1.108918786048889160e+00 1.121916055679321289e+00 2.731422707438468933e-02 2.010142356157302856e-01 8.308634161949157715e-01 1.966809481382369995e-01 -8.794011473655700684e-01 -1.000083461403846741e-01 1.089484214782714844e+00 -1.088695168495178223e+00 1.342628359794616699e+00 5.773722752928733826e-02 -5.997224897146224976e-02 1.652924060821533203e+00 8.508187532424926758e-02 -6.771751213818788528e-03 8.872277140617370605e-01 -2.053587913513183594e+00 -1.621227264404296875e-01 -9.155242443084716797e-01 3.485639989376068115e-01 -1.361689686775207520e+00 -1.868889033794403076e-01 3.075876832008361816e-01 7.966398000717163086e-01 -3.659205511212348938e-02 -4.938277602195739746e-01 -2.020745426416397095e-01 4.378017187118530273e-01 1.979455471038818359e+00 1.638283967971801758e+00 1.202460657805204391e-02 -5.315120145678520203e-02 1.586145520210266113e+00 -2.538601681590080261e-02 -4.347370266914367676e-01 3.041224479675292969e-01 4.608486965298652649e-02 2.187193930149078369e-01 3.868875280022621155e-02 1.434864550828933716e-01 -1.969064593315124512e+00 6.109732389450073242e-01 -6.502959728240966797e-01 7.342079281806945801e-01
2.742850780487060547e-01 2.137666344642639160e-01 2.708050310611724854e-01 -5.994006991386413574e-01 4.152525682002305984e-03 3.844951391220092773e-01 9.129576385021209717e-02 4.604047536849975586e-01 -4.222281575202941895e-01 1.234964877367019653e-01 -4.035333171486854553e-02 -8.230299949645996094e-01 -1.012412428855895996e+00 7.070080637931823730e-01 1.406261026859283447e-01 8.920853026211261749e-03 -2.623098611831665039e+00 8.892858028411865234e-02 4.658030867576599121e-01 4.428966343402862549e-01 8.189556002616882324e-01 5.087563395500183105e-01 4.211793243885040283e-01 1.965636014938354492e-02 -2.992575168609619141e-01 4.474711120128631592e-01 -2.109425514936447144e-01 -6.803103685379028320e-01 -1.399355381727218628e-01 6.817020773887634277e-01 1.736595481634140015e-01 5.980855226516723633e-01 5.869995951652526855e-01 1.223141513764858246e-02 -3.579887747764587402e-01 4.164638519287109375e-01 -2.961812019348144531e-01 4.587075710296630859e-01 -2.623075842857360840e-01 -4.706268012523651123e-01 1.031132116913795471e-01 1.328663825988769531e-01 3.265294730663299561e-01 1.428323090076446533e-01 -3.000335097312927246e-01 1.461401432752609253e-01 -1.348043680191040039e-01 -3.737681806087493896e-01 1.382331490516662598e+00 -3.347957730293273926e-01 -4.994782209396362305e-01 7.329712063074111938e-02 8.094958066940307617e-01 -6.971385329961776733e-02 1.043489389121532440e-02 -1.310022950172424316e+00 1.729734055697917938e-02 2.314608544111251831e-01 3.124695457518100739e-02 6.213880181312561035e-01 3.753949403762817383e-01 4.408713579177856445e-01 -1.041389331221580505e-01 2.862423658370971680e-01
-4.725042283535003662e-01 -9.317413568496704102e-01 -8.528969287872314453e-01 1.781775951385498047e+00 -3.774630725383758545e-01 4.094801843166351318e-01 4.494055360555648804e-02 -1.923497468233108521e-01 -5.987241864204406738e-01 7.725682854652404785e-02 -1.526180207729339600e-01 -5.092396140098571777e-01 -4.944886267185211182e-01 -7.052111029624938965e-01 3.149866163730621338e-01 1.236702576279640198e-01 2.574592828750610352e+00 -7.800266146659851074e-01 -4.194570183753967285e-01 4.607381820678710938e-01 3.048569858074188232e-01 -8.095651865005493164e-02 5.222784280776977539e-01 -5.233801007270812988e-01 1.391809463500976562e+00 7.683218270540237427e-02 6.928180456161499023e-01 1.451737999916076660e+00 1.116487026214599609e+00 -2.822343707084655762e-01 -2.426742166280746460e-01 -1.270145326852798462e-01 -3.949865996837615967e-01 6.216123104095458984e-01 -1.654123514890670776e-01 -1.797143965959548950e-01 -6.046006083488464355e-01 -1.633190274238586426e+00 4.672664701938629150e-01 6.482350230216979980e-01 4.925916492938995361e-01 -1.642745286226272583e-01 5.483022928237915039e-01 -5.028317570686340332e-01 8.930861949920654297e-03 -2.040062844753265381e-01 6.565864682197570801e-01 -2.215668439865112305e+00 -2.459066212177276611e-01 2.432453036308288574e-01 4.141598567366600037e-02 -6.143950819969177246e-01 -1.355049610137939453e+00 2.356367930769920349e-02 -3.302326500415802002e-01 1.905315876007080078e+00 4.269596189260482788e-02 -6.190708875656127930e-01 2.151066362857818604e-01 -1.891527697443962097e-02 2.852917313575744629e-01 2.278433293104171753e-01 -9.849576652050018311e-02 -8.239271640777587891e-01
-6.640007495880126953e-01 -4.161526262760162354e-02 -2.439541071653366089e-01 -5.151296257972717285e-01 -1.142876148223876953e+00 1.778666079044342041e-01 2.144547738134860992e-02 -2.749604284763336182e-01 -6.205379962921142578e-01 -3.525080159306526184e-02 -7.969062328338623047e-01 -4.121068418025970459e-01 -1.983062624931335449e+00 7.452443242073059082e-01 7.325424253940582275e-02 2.537616193294525146e-01 -3.379338502883911133e+00 2.794966399669647217e-01 -7.111241668462753296e-02 4.573339521884918213e-01 1.068297386169433594e+00 -4.109909236431121826e-01 2.292335331439971924e-01 -1.159159660339355469e+00 -2.086626142263412476e-01 -2.648123167455196381e-02 -1.165883421897888184e+00 -3.068401098251342773e+00 -2.002199649810791016e+00 7.872613668441772461e-01 -2.620701193809509277e-01 3.763480926863849163e-04 4.431890845298767090e-01 -1.552385449409484863e+00 -2.837794721126556396e-01 1.896285563707351685e-01 -2.356327623128890991e-01 1.119639724493026733e-01 -9.770060181617736816e-01 -1.391721129417419434e+00 -4.284935593605041504e-01 -7.406977415084838867e-01 5.286175385117530823e-02 -6.692513227462768555e-01 -4.458111822605133057e-01 -3.506371974945068359e-01 -1.074657812714576721e-01 -2.306494116783142090e-01 1.225772261619567871e+00 -8.162798881530761719e-01 -8.376104831695556641e-01 -8.050525188446044922e-01 6.244843006134033203e-01 7.172143459320068359e-02 -1.896797180175781250e+00 -1.131213545799255371e+00 -2.585331439971923828e+00 -1.967331161722540855e-03 -3.023936785757541656e-02 -8.332180231809616089e-02 -4.136429727077484131e-01 8.427858352661132812e-02 -1.025106608867645264e-01 7.663474977016448975e-02
1.744576245546340942e-01 2.404589951038360596e-01 1.451268345117568970e-01 -6.743787527084350586e-01 1.563681364059448242e-01 3.596997559070587158e-01 -1.179418414831161499e-01 2.997158467769622803e-01 -3.379032611846923828e-01 2.178869992494583130e-01 1.474010348320007324e-01 -7.580329179763793945e-01 -9.313515424728393555e-01 5.975157022476196289e-01 4.393896961119025946e-05 -1.394941806793212891e-01 -2.086578130722045898e+00 3.603594303131103516e-01 3.502548038959503174e-01 3.845563232898712158e-01 9.590640664100646973e-01 4.363615512847900391e-01 4.077120423316955566e-01 2.680760249495506287e-02 -5.123995542526245117e-01 4.814216792583465576e-01 8.709177374839782715e-03 -6.411173343658447266e-01 -1.636551320552825928e-01 7.598115801811218262e-01 2.922932803630828857e-01 5.570905804634094238e-01 6.864585280418395996e-01 1.072223857045173645e-01 -2.111201882362365723e-01 2.701252102851867676e-01 -1.838859319686889648e-01 4.389698803424835205e-01 -3.095670044422149658e-01 -5.539272427558898926e-01 -1.421072374796494842e-04 2.958473563194274902e-01 2.666969895362854004e-01 -9.949131868779659271e-03 -2.151320427656173706e-01 5.901185795664787292e-02 -4.451091401278972626e-03 -2.874718904495239258e-01 1.429779887199401855e+00 -4.612179100513458252e-01 -5.376048088073730469e-01 2.116615325212478638e-01 1.022234916687011719e+00 -1.597496420145034790e-01 5.931560695171356201e-02 -1.204528808593750000e+00 4.854340478777885437e-02 3.615027666091918945e-02 7.557765394449234009e-02 6.122297048568725586e-01 3.811067640781402588e-01 3.526864945888519287e-01 9.837438911199569702e-02 2.891071140766143799e-01
1.673779785633087158e-01 7.748582959175109863e-02 2.503413259983062744e-01 -5.870937108993530273e-01 4.741282016038894653e-02 3.657514750957489014e-01 3.308580815792083740e-02 2.317910641431808472e-01 -2.026885896921157837e-01 1.111092939972877502e-01 6.158448755741119385e-02 -7.500215768814086914e-01 -1.029289841651916504e+00 4.705059528350830078e-01 1.694987118244171143e-01 6.725732982158660889e-02 -2.138240098953247070e+00 4.594934284687042236e-01 2.224801331758499146e-01 3.293419480323791504e-01 8.376171588897705078e-01 3.371185958385467529e-01 3.703025579452514648e-01 1.699802838265895844e-02 -3.789597153663635254e-01 2.446130514144897461e-01 -1.023172885179519653e-01 -6.920142173767089844e-01 -2.511856555938720703e-01 6.461980938911437988e-01 1.491677667945623398e-02 4.670863747596740723e-01 5.869634151458740234e-01 -2.835514955222606659e-02 -3.078423738479614258e-01 2.018080800771713257e-01 -3.263679146766662598e-01 3.160076439380645752e-01 -3.314709961414337158e-01 -5.532593131065368652e-01 1.865515299141407013e-02 1.978676915168762207e-01 4.969705939292907715e-01 -4.931825213134288788e-03 -4.459048211574554443e-01 9.004756808280944824e-02 -1.350836306810379028e-01 -3.320419788360595703e-01 1.409582376480102539e+00 -4.657518863677978516e-01 -5.016492605209350586e-01 -1.428708285093307495e-01 6.821921467781066895e-01 -2.078875713050365448e-02 5.514263361692428589e-02 -1.380705475807189941e+00 1.386763062328100204e-02 5.035816878080368042e-02 7.890191860496997833e-03 4.284080564975738525e-01 2.583543062210083008e-01 2.823708355426788330e-01 4.471370205283164978e-02 3.533441126346588135e-01
2.212605774402618408e-01 2.436611205339431763e-01 5.554960370063781738e-01 -6.217585206031799316e-01 1.703340411186218262e-01 2.280179560184478760e-01 2.800849974155426025e-01 1.051535233855247498e-01 -2.506783902645111084e-01 3.985038697719573975e-01 -9.932995587587356567e-02 -6.118431091308593750e-01 -1.212280750274658203e+00 4.788765907287597656e-01 1.923559755086898804e-01 1.291781812906265259e-01 -2.487924098968505859e+00 3.011708855628967285e-01 1.661214977502822876e-01 1.188085451722145081e-01 4.991492331027984619e-01 2.453431338071823120e-01 7.866676151752471924e-02 -2.012199908494949341e-01 -4.573932290077209473e-01 1.783391535282135010e-01 -2.773884236812591553e-01 -8.911445736885070801e-01 -2.953708469867706299e-01 8.831369876861572266e-01 2.779200971126556396e-01 1.789181381464004517e-01 6.246157884597778320e-01 -1.952427923679351807e-01 -6.744605302810668945e-02 2.103822678327560425e-01 -2.278516441583633423e-01 3.283643424510955811e-01 -5.156052112579345703e-01 -5.235248208045959473e-01 -5.327302217483520508e-02 -2.157373726367950439e-02 3.646140992641448975e-01 -1.722172945737838745e-01 -3.045405149459838867e-01 -1.721859872341156006e-01 -1.455121636390686035e-01 -2.439771443605422974e-01 1.394219160079956055e+00 -3.692813217639923096e-01 -3.731304407119750977e-01 -3.103044927120208740e-01 5.836737155914306641e-01 1.216266304254531860e-01 4.077593609690666199e-02 -1.376497149467468262e+00 7.674922049045562744e-02 -7.015080004930496216e-02 1.466211080551147461e-01 2.589781284332275391e-01 1.306588798761367798e-01 4.321192204952239990e-02 -1.811728030443191528e-01 2.219049334526062012e-01
-4.943989813327789307e-01 -3.362349569797515869e-01 -1.835604548454284668e+00 -1.175002753734588623e-01 -3.653530776500701904e-01 6.807248592376708984e-01 3.225379437208175659e-02 1.481344252824783325e-01 -1.176067709922790527e+00 8.077725023031234741e-02 -6.717166304588317871e-01 8.213291168212890625e-01 -1.271757334470748901e-01 -7.381704449653625488e-01 3.093745559453964233e-02 -2.025387883186340332e-01 9.471178650856018066e-01 1.505910903215408325e-01 -3.768294751644134521e-01 -5.283472537994384766e-01 -2.031975030899047852e+00 6.877946108579635620e-02 4.121422767639160156e-01 -1.253632187843322754e+00 -4.978630244731903076e-01 5.807418227195739746e-01 1.546961903572082520e+00 3.300374373793601990e-02 7.070081830024719238e-01 -7.915136218070983887e-01 6.122435927391052246e-01 2.027274668216705322e-01 -6.206641197204589844e-01 2.502457797527313232e-01 6.308020353317260742e-01 -6.764474511146545410e-02 -9.470839500427246094e+00 6.781236529350280762e-01 3.610785007476806641e-01 9.420248121023178101e-02 3.429121077060699463e-01 -1.563184112310409546e-01 -8.625141382217407227e-01 -2.536440193653106689e-01 -1.901630908250808716e-01 1.694989502429962158e-01 8.588389158248901367e-01 1.582190990447998047e-01 -1.329289078712463379e+00 4.353655874729156494e-01 -4.815419018268585205e-01 -3.405111432075500488e-01 -1.380101084709167480e+00 1.263623982667922974e-01 -3.324968218803405762e-01 7.172225713729858398e-01 -2.538892813026905060e-02 -1.214119493961334229e-01 4.121361300349235535e-02 2.265710234642028809e-01 1.288708597421646118e-01 3.100875616073608398e-01 4.857069849967956543e-01 4.291893243789672852e-01
3.332803249359130859e-01 3.109285235404968262e-01 -4.057976603507995605e-01 5.563932061195373535e-01 -1.111078143119812012e+00 3.374003767967224121e-01 6.148383766412734985e-02 2.719235420227050781e-01 -1.374309808015823364e-01 7.395374774932861328e-01 4.440351426601409912e-01 5.306141972541809082e-01 3.833058774471282959e-01 5.212925672531127930e-01 3.386968076229095459e-01 1.550434231758117676e-01 3.454725742340087891e+00 -2.032744407653808594e+00 8.944906592369079590e-01 1.304850101470947266e+00 2.811153888702392578e+00 -8.493275046348571777e-01 -2.566105723381042480e-01 -2.320020496845245361e-01 4.921801984310150146e-01 2.636567354202270508e-01 2.466671764850616455e-01 -1.353975981473922729e-01 -9.908286333084106445e-01 -4.517734944820404053e-01 -9.105622768402099609e-02 -6.674973487854003906e+00 6.983655691146850586e-01 1.362420916557312012e-01 8.979165554046630859e-01 3.664681315422058105e-01 -1.789218634366989136e-01 7.160878777503967285e-01 -4.356653243303298950e-02 -3.877309858798980713e-01 9.595258235931396484e-01 -9.706443548202514648e-01 -1.303665786981582642e-01 -1.388119697570800781e+00 -1.244259178638458252e-01 -9.627985358238220215e-01 -3.204956352710723877e-01 1.082540988922119141e+00 1.935905218124389648e+00 -1.553850173950195312e+00 3.018385171890258789e-01 -1.871658712625503540e-01 -7.909111380577087402e-01 1.013718545436859131e-01 -1.877638995647430420e-01 2.249866962432861328e+00 -3.224872052669525146e-01 8.168674707412719727e-01 1.173855662345886230e-01 -5.739884376525878906e+00 -1.747109413146972656e+00 5.333834886550903320e-01 -9.820408374071121216e-02 5.599634647369384766e-01
3.599291145801544189e-01 1.576930880546569824e-01 8.714998364448547363e-01 4.827778339385986328e-01 4.253260791301727295e-01 2.082658559083938599e-01 -6.371021270751953125e-02 2.506197988986968994e-01 -1.658439189195632935e-01 3.594881892204284668e-01 1.108839035034179688e+00 2.897155880928039551e-01 6.993186473846435547e-01 -1.450332522392272949e+00 1.898422241210937500e-01 -4.330017603933811188e-03 1.383941054344177246e+00 -9.464316368103027344e-01 3.722528517246246338e-01 -5.785133242607116699e-01 7.968862652778625488e-01 -2.696235179901123047e-01 4.882303625345230103e-02 -4.948649704456329346e-01 -4.035685062408447266e-01 3.687167465686798096e-01 -5.132942199707031250e-01 1.114851951599121094e+00 7.720767259597778320e-01 8.716197013854980469e-01 -5.903158783912658691e-01 5.535301938652992249e-02 -1.395525336265563965e+00 8.140804618597030640e-02 1.175514698028564453e+00 -4.732595980167388916e-01 -1.659981012344360352e+00 1.897148042917251587e-01 9.560018181800842285e-01 -2.088878303766250610e-02 3.830578327178955078e-01 5.312947630882263184e-01 -2.435328960418701172e-01 9.174357354640960693e-02 -1.668516397476196289e-01 2.201448976993560791e-01 5.921410918235778809e-01 3.455007672309875488e-01 2.829031944274902344e-01 2.231433838605880737e-01 -2.455597400665283203e+00 5.586568117141723633e-01 -1.190448522567749023e+00 -1.031131856143474579e-02 3.137104511260986328e-01 2.338083505630493164e+00 1.044649034738540649e-01 -5.061533451080322266e-01 7.530913688242435455e-03 3.827747702598571777e-01 6.828705072402954102e-01 -4.124957323074340820e-01 4.488400816917419434e-01 -3.918730020523071289e-01
-5.753933787345886230e-01 -4.218992292881011963e-01 -4.897517561912536621e-01 5.180594921112060547e-01 3.243036195635795593e-02 4.532452523708343506e-01 1.691554933786392212e-01 -3.238407075405120850e-01 4.729698225855827332e-02 8.643323183059692383e-02 -5.502763986587524414e-01 9.732022881507873535e-01 -2.716677427291870117e+00 -9.394696950912475586e-01 2.723804712295532227e-01 5.146560668945312500e-01 1.274148821830749512e+00 1.341696679592132568e-01 -3.234626948833465576e-01 -2.554826259613037109e+00 8.394575119018554688e-02 -1.315982192754745483e-01 4.992240667343139648e-01 -1.662368655204772949e+00 -9.036710858345031738e-01 1.074148714542388916e-02 -7.017238140106201172e-01 -3.668376207351684570e-01 -5.436338484287261963e-02 -7.645888924598693848e-01 1.528887301683425903e-01 2.369781285524368286e-01 -2.249943971633911133e+00 -1.570300906896591187e-01 -3.942193090915679932e-01 -2.771916687488555908e-01 -3.097861409187316895e-01 2.789145708084106445e-01 1.969808489084243774e-01 8.143972754478454590e-01 1.155321374535560608e-01 -2.694373391568660736e-02 -9.938540309667587280e-02 -6.034771353006362915e-02 3.112332224845886230e-01 -2.021458387374877930e+00 5.824698805809020996e-01 4.100117087364196777e-01 2.209024280309677124e-01 8.536132574081420898e-01 9.748924374580383301e-01 -1.702744364738464355e-01 -1.347804546356201172e+00 2.295414954423904419e-01 -1.559301614761352539e-01 1.901614189147949219e+00 1.128294318914413452e-01 -1.568583488464355469e+00 2.999032735824584961e-01 3.382134437561035156e-01 -7.773099839687347412e-02 -3.789531290531158447e-01 2.677303552627563477e-01 -6.375608444213867188e-01
3.356245160102844238e-02 2.096985727548599243e-01 2.176997214555740356e-01 -5.409671664237976074e-01 -8.916503190994262695e-02 1.687946170568466187e-01 -3.487390279769897461e-02 3.061244487762451172e-01 -1.107893586158752441e-01 1.756108850240707397e-01 6.406417489051818848e-02 -3.751298189163208008e-01 -9.718557000160217285e-01 3.736012876033782959e-01 7.361888885498046875e-02 1.762668192386627197e-01 -1.863707780838012695e+00 6.645332574844360352e-01 1.419854164123535156e-01 1.063307151198387146e-01 8.666927814483642578e-01 3.308462500572204590e-01 2.593031525611877441e-01 5.009090900421142578e-02 -3.575980365276336670e-01 3.812508285045623779e-01 -5.150982365012168884e-02 -6.609786748886108398e-01 -1.471997946500778198e-01 5.293064117431640625e-01 1.829569637775421143e-01 3.114748895168304443e-01 6.204962730407714844e-01 7.985658943653106689e-02 -4.813591018319129944e-02 2.289001196622848511e-01 -1.179465427994728088e-01 2.953408658504486084e-01 -5.110082030296325684e-01 -3.812344372272491455e-01 -1.626605987548828125e-01 1.354170888662338257e-01 5.641080141067504883e-01 2.502411231398582458e-02 -3.526150286197662354e-01 1.187481954693794250e-01 -2.350380644202232361e-02 -2.706580758094787598e-01 1.541336417198181152e+00 -4.529477357864379883e-01 -5.164774656295776367e-01 1.789527945220470428e-02 7.226096987724304199e-01 8.004112751223146915e-04 4.184750840067863464e-02 -1.331647157669067383e+00 1.077336966991424561e-01 -1.011365056037902832e-01 1.302640438079833984e-01 2.434011548757553101e-01 2.623839676380157471e-01 1.225621551275253296e-01 -2.052491158246994019e-01 2.461498826742172241e-01
-2.217911630868911743e-01 3.260189890861511230e-01 -6.110227480530738831e-02 4.859417974948883057e-01 -1.829312741756439209e-01 -1.733996570110321045e-01 -6.874059140682220459e-02 7.011134028434753418e-01 1.224560856819152832e+00 2.253532111644744873e-01 -9.314314126968383789e-01 1.148483157157897949e-01 5.507187247276306152e-01 -1.074874281883239746e+00 -6.811622530221939087e-02 -1.062981858849525452e-01 -7.414224147796630859e-01 1.110878467559814453e+00 -1.991945654153823853e-01 -9.475951194763183594e-01 -1.725079417228698730e+00 2.765699923038482666e-01 5.312971472740173340e-01 -3.621038198471069336e-01 -7.746030390262603760e-02 7.426755428314208984e-01 1.094792008399963379e+00 -2.233381271362304688e+00 5.547129511833190918e-01 -3.983542621135711670e-01 9.613901376724243164e-01 3.871417418122291565e-02 3.059388101100921631e-01 6.040013432502746582e-01 -5.822039246559143066e-01 4.496214389801025391e-01 -4.898002147674560547e+00 2.761023938655853271e-01 5.930939316749572754e-01 3.176968991756439209e-01 3.032579720020294189e-01 -5.163496360182762146e-02 7.545007467269897461e-01 1.193652004003524780e-01 -4.277700483798980713e-01 3.276255726814270020e-01 6.213667392730712891e-01 1.660189926624298096e-01 1.087799891829490662e-01 6.236039400100708008e-01 4.644958972930908203e-01 -1.501636803150177002e-01 -1.790390372276306152e+00 -1.021781861782073975e-01 -2.171482145786285400e-01 1.884956121444702148e+00 -1.080877706408500671e-01 -4.414972960948944092e-01 -7.923596352338790894e-02 9.158870205283164978e-03 4.980770945549011230e-01 5.745372772216796875e-01 8.438802361488342285e-01 1.289834454655647278e-02
2.696678936481475830e-01 4.187174439430236816e-01 2.869791388511657715e-01 -5.762152671813964844e-01 2.754213213920593262e-01 5.066771507263183594e-01 -1.057147979736328125e-01 4.952745437622070312e-01 -4.393156766891479492e-01 2.286607772111892700e-01 1.552935391664505005e-01 -8.601512908935546875e-01 -9.482036232948303223e-01 6.796913146972656250e-01 -6.529165059328079224e-02 -2.062619477510452271e-01 -2.026316642761230469e+00 2.759664356708526611e-01 5.962588191032409668e-01 3.247621655464172363e-01 8.864865303039550781e-01 5.482701659202575684e-01 4.205181300640106201e-01 2.121062427759170532e-01 -3.735691905021667480e-01 4.202644228935241699e-01 8.455742895603179932e-02 -7.202888131141662598e-01 -1.065403446555137634e-01 4.090926349163055420e-01 1.668260246515274048e-01 7.112763524055480957e-01 8.142514228820800781e-01 1.541070640087127686e-01 -1.176817715167999268e-01 5.669256448745727539e-01 -3.056009411811828613e-01 5.266308784484863281e-01 -2.978773117065429688e-01 -4.442798197269439697e-01 -7.347935438156127930e-02 3.562334477901458740e-01 1.049452722072601318e-01 -5.208666902035474777e-03 -2.365865707397460938e-01 8.945486694574356079e-02 -2.610090188682079315e-02 -3.539167046546936035e-01 1.589470982551574707e+00 -2.294478416442871094e-01 -4.299688041210174561e-01 1.770250350236892700e-01 1.110433459281921387e+00 -5.624484270811080933e-02 5.201099812984466553e-02 -1.270034670829772949e+00 1.812266111373901367e-01 3.914622366428375244e-01 -8.658485487103462219e-03 6.955326199531555176e-01 5.430560111999511719e-01 4.922807514667510986e-01 -3.700535371899604797e-02 3.657189905643463135e-01
-3.530400246381759644e-02 2.830708622932434082e-01 6.108372211456298828e-01 -4.371088445186614990e-01 -6.272172182798385620e-02 7.058615982532501221e-02 2.383326739072799683e-01 -1.064414232969284058e-01 1.379818022251129150e-01 6.882748007774353027e-01 -2.595385313034057617e-01 -5.060108304023742676e-01 -1.603615403175354004e+00 1.522661298513412476e-01 5.064398646354675293e-01 2.909215688705444336e-01 -1.960350990295410156e+00 6.943572163581848145e-01 -3.411943316459655762e-01 -3.264922797679901123e-01 2.457171678543090820e-01 -1.770777404308319092e-01 -1.255054771900177002e-01 -5.950034856796264648e-01 -7.117258310317993164e-01 9.146896004676818848e-02 -2.119649946689605713e-01 -9.655318260192871094e-01 -1.099018305540084839e-01 1.027179718017578125e+00 1.744079589843750000e-01 3.154965490102767944e-02 3.028709292411804199e-01 -4.721961915493011475e-02 -2.557860314846038818e-01 9.933568537235260010e-03 -1.950003951787948608e-01 1.364814937114715576e-01 -5.645869970321655273e-01 -8.666741251945495605e-01 -1.941840499639511108e-01 -1.329170018434524536e-01 8.839249014854431152e-01 -2.901405990123748779e-01 -1.826450228691101074e-01 6.446937471628189087e-02 -1.283624768257141113e-01 -1.056845635175704956e-01 1.162802338600158691e+00 -6.411303281784057617e-01 -5.195832252502441406e-01 -3.165977001190185547e-01 4.216048717498779297e-01 2.386336475610733032e-01 5.916029587388038635e-02 -1.004340887069702148e+00 -2.638102173805236816e-01 -2.878955304622650146e-01 3.219092190265655518e-01 -9.590324014425277710e-02 -3.448269516229629517e-02 -9.079613536596298218e-02 -9.260926395654678345e-02 1.906079500913619995e-01
6.637516617774963379e-01 -1.262574046850204468e-01 1.178078651428222656e+00 2.656709551811218262e-01 4.701392650604248047e-01 8.063659071922302246e-01 -2.156724035739898682e-02 8.320593833923339844e-02 6.326661109924316406e-01 5.276541709899902344e-01 4.113616049289703369e-01 3.551972806453704834e-01 5.146980285644531250e-01 -1.340618014335632324e+00 -1.341325193643569946e-01 1.038115099072456360e-01 9.058902263641357422e-01 -5.433033108711242676e-01 1.322594732046127319e-01 -9.276289939880371094e-01 1.672660350799560547e+00 3.507947316393256187e-03 4.952614307403564453e-01 -1.925753206014633179e-01 -1.322530508041381836e-01 5.141125917434692383e-01 1.011895239353179932e-01 3.674425780773162842e-01 9.787360429763793945e-01 5.560394525527954102e-01 -5.164279341697692871e-01 2.314988970756530762e-01 -2.261384248733520508e+00 5.752096772193908691e-01 1.243242621421813965e+00 -1.605651974678039551e+00 -3.518443405628204346e-01 6.729491949081420898e-01 1.405202269554138184e+00 -1.065079420804977417e-01 5.103411674499511719e-01 2.962515652179718018e-01 5.954955145716667175e-02 6.044622510671615601e-02 -9.936845898628234863e-01 -4.454164579510688782e-02 -1.485415697097778320e+00 -2.864356152713298798e-02 -6.184427142143249512e-01 2.828982472419738770e-01 -1.472569853067398071e-01 3.808757960796356201e-01 -1.373061299324035645e+00 1.773050799965858459e-02 -6.051007509231567383e-01 2.341583013534545898e+00 -8.584379218518733978e-03 -4.395974576473236084e-01 -1.415903214365243912e-02 1.080604568123817444e-01 5.238720178604125977e-01 -7.045824527740478516e-01 1.247773990035057068e-01 -1.006111025810241699e+00
1.715450435876846313e-01 3.233216702938079834e-01 2.430871576070785522e-01 -5.420981645584106445e-01 1.807074844837188721e-01 3.607448339462280273e-01 2.115907892584800720e-02 3.397346138954162598e-01 -1.565402150154113770e-01 1.550030708312988281e-01 2.538513205945491791e-02 -7.300672531127929688e-01 -1.068089962005615234e+00 5.433878302574157715e-01 2.050884515047073364e-01 -1.036156043410301208e-01 -2.075500726699829102e+00 6.500903367996215820e-01 4.014910161495208740e-01 3.023354113101959229e-01 9.374446272850036621e-01 3.144291639328002930e-01 4.359795749187469482e-01 1.350989937782287598e-01 -5.182543396949768066e-01 3.770765364170074463e-01 -5.657401308417320251e-02 -7.881872057914733887e-01 -1.438018977642059326e-01 3.918907046318054199e-01 7.040376216173171997e-02 6.036311984062194824e-01 5.646865963935852051e-01 1.720417439937591553e-01 -1.885686814785003662e-01 2.866505682468414307e-01 -2.498729377985000610e-01 3.232297897338867188e-01 -3.824258446693420410e-01 -4.765502214431762695e-01 -2.018145322799682617e-01 3.110056221485137939e-01 5.128609538078308105e-01 -4.755565896630287170e-02 -4.378113448619842529e-01 1.277070194482803345e-01 -5.737675726413726807e-02 -1.830260157585144043e-01 1.390500783920288086e+00 -4.477885663509368896e-01 -6.137812733650207520e-01 1.223352700471878052e-01 7.981595993041992188e-01 -9.869248420000076294e-02 2.041232883930206299e-01 -1.300077557563781738e+00 1.305377334356307983e-01 1.205057352781295776e-01 -8.108834177255630493e-02 4.784443378448486328e-01 3.616760969161987305e-01 3.840514719486236572e-01 -1.723227947950363159e-01 3.319676816463470459e-01
2.693380415439605713e-01 2.696286737918853760e-01 1.213609203696250916e-01 -4.634713232517242432e-01 2.078659385442733765e-01 5.147066712379455566e-01 4.473959654569625854e-02 4.019821882247924805e-01 -3.282523751258850098e-01 3.524449765682220459e-01 3.565138438716530800e-03 -7.218156456947326660e-01 -9.431582093238830566e-01 6.917904615402221680e-01 1.832480430603027344e-01 7.335811108350753784e-02 -2.169548273086547852e+00 4.366711378097534180e-01 3.468297123908996582e-01 2.922748327255249023e-01 8.856808543205261230e-01 4.558871686458587646e-01 3.701133728027343750e-01 3.223008289933204651e-02 -3.951973915100097656e-01 4.440045058727264404e-01 -5.528951436281204224e-02 -5.846506953239440918e-01 -1.384380906820297241e-01 4.605063498020172119e-01 6.700244545936584473e-02 6.722267866134643555e-01 5.917804241180419922e-01 6.196504086256027222e-02 -1.422905027866363525e-01 3.389729857444763184e-01 -2.963929176330566406e-01 4.394799768924713135e-01 -2.210225313901901245e-01 -3.739568293094635010e-01 -1.538648903369903564e-01 2.948344945907592773e-01 3.672169148921966553e-01 3.831239417195320129e-02 -3.443682789802551270e-01 1.649875640869140625e-01 -5.725690722465515137e-02 -1.912470161914825439e-01 1.384315133094787598e+00 -4.159554541110992432e-01 -5.020014643669128418e-01 1.193698719143867493e-01 9.750796556472778320e-01 -5.086299404501914978e-02 2.081698328256607056e-01 -1.358611583709716797e+00 7.492440193891525269e-02 2.208513319492340088e-01 -8.311683312058448792e-03 4.698894917964935303e-01 3.548354208469390869e-01 2.738226056098937988e-01 -3.065529465675354004e-02 2.122259438037872314e-01
