4.808844625949859619e-01
1.010342359542846680e+00
-1.681053787469863892e-01
1.011162519454956055e+00
-5.116423368453979492e-01
9.591117501258850098e-01
1.165581107139587402e+00
7.391933798789978027e-01
1.057460427284240723e+00
1.119006872177124023e+00
-3.147683143615722656e-01
2.246986776590347290e-01
-5.667426586151123047e-01
-1.186891272664070129e-01
-1.881390690803527832e+00
1.060994505882263184e+00
-3.237650692462921143e-01
2.652657926082611084e-01
9.679367542266845703e-01
9.094308018684387207e-01
7.427529096603393555e-01
1.117558553814888000e-01
-1.060346364974975586e-01
-6.393138319253921509e-02
-4.036067128181457520e-01
9.578630924224853516e-01
3.425496518611907959e-01
1.285622239112854004e+00
4.355700314044952393e-01
3.806497901678085327e-02
9.719650149345397949e-01
9.996151924133300781e-01
