-3.855553567409515381e-01
-1.761680543422698975e-01
-5.438030883669853210e-02
-5.296105742454528809e-01
-1.234793066978454590e+00
1.035655975341796875e+00
4.858452677726745605e-01
-1.004464507102966309e+00
-8.120371699333190918e-01
-9.335736036300659180e-01
-3.481645882129669189e-01
5.314559340476989746e-01
-1.055498719215393066e+00
-6.432419419288635254e-01
-2.425934523344039917e-01
-5.375123620033264160e-01
-1.877417564392089844e-01
-7.856608033180236816e-01
-2.323730587959289551e-01
2.024673111736774445e-02
-1.431953072547912598e+00
-8.035042285919189453e-01
-8.719014376401901245e-02
-1.284720540046691895e+00
-7.841440290212631226e-02
-7.584232687950134277e-01
-2.361645847558975220e-01
-2.586611211299896240e-01
-1.793745905160903931e-01
-2.728665769100189209e-01
-1.162381052970886230e+00
-5.833389163017272949e-01
-6.205127835273742676e-01
-2.262910604476928711e-01
-1.023750081658363342e-01
-2.392378002405166626e-01
-6.131954789161682129e-01
-1.976368576288223267e-01
7.544754445552825928e-02
-7.424658536911010742e-01
4.762798249721527100e-01
1.222656607627868652e+00
-3.833277225494384766e-01
-3.591867387294769287e-01
1.752523183822631836e-01
1.929707638919353485e-02
-1.341818451881408691e+00
6.079900264739990234e-02
-1.776455789804458618e-01
-1.303990483283996582e-01
-3.239876627922058105e-01
3.433052450418472290e-02
-3.722555637359619141e-01
3.342160880565643311e-01
9.157958030700683594e-01
3.703052103519439697e-01
-3.822316825389862061e-01
9.161106348037719727e-01
-7.858198881149291992e-01
9.227952361106872559e-02
1.988611817359924316e-01
4.198683500289916992e-01
8.219171166419982910e-01
-1.402268290519714355e+00
