3.316827714443206787e-01 1.729618757963180542e-01 -6.120677590370178223e-01 -4.389115571975708008e-01 -1.296971738338470459e-01 3.335770219564437866e-02 -2.925635576248168945e-01 2.988975048065185547e-01
-1.417779177427291870e-01 8.046395331621170044e-02 -3.627796649932861328e+00 -1.097341030836105347e-01 -3.147037982940673828e+00 -2.817697227001190186e-01 5.140867084264755249e-03 1.200388465076684952e-02
1.949789404869079590e+00 -2.387682050466537476e-01 9.524964094161987305e-01 1.030848473310470581e-01 3.095042109489440918e-01 1.491331905126571655e-01 -2.536398172378540039e-01 -1.716250367462635040e-02
1.098167657852172852e+00 3.746779859066009521e-01 8.852189779281616211e-01 7.376645803451538086e-01 7.439128756523132324e-01 1.501727253198623657e-01 -1.293024569749832153e-01 -2.075123414397239685e-02
-4.489762485027313232e-01 5.895283222198486328e-01 4.915014505386352539e-01 4.358027577400207520e-01 2.637288868427276611e-01 1.062922596931457520e+00 1.127690553665161133e+00 -1.128337308764457703e-01
1.024070978164672852e+00 -6.517621874809265137e-01 5.938766524195671082e-02 -1.465037912130355835e-01 -3.124480545520782471e-01 -3.852089941501617432e-01 -7.292922735214233398e-01 1.125500202178955078e-01
3.547143936157226562e-01 -8.487730026245117188e-01 -1.874905228614807129e-01 -9.656450152397155762e-01 -8.885276317596435547e-02 6.367508769035339355e-01 -2.004428803920745850e-01 -9.238023310899734497e-03
-2.041907422244548798e-02 5.214489698410034180e-01 4.103379547595977783e-01 5.513980388641357422e-01 2.158832997083663940e-01 9.503548033535480499e-03 -4.960678052157163620e-03 1.721470355987548828e-01
1.275987267494201660e+00 -1.373764220625162125e-02 8.690740466117858887e-01 -1.082618907094001770e-01 4.235494732856750488e-01 -1.540896445512771606e-01 1.954270899295806885e-01 -6.018354296684265137e-01
1.171009063720703125e+00 5.234750509262084961e-01 -4.765940457582473755e-02 7.049132585525512695e-01 5.404660478234291077e-02 -1.690242439508438110e-02 -4.786967635154724121e-01 -2.524588815867900848e-02
-8.596377819776535034e-02 -6.143637746572494507e-02 2.481233030557632446e-01 8.486101031303405762e-02 -4.511773586273193359e-01 -5.528031662106513977e-02 -7.690352201461791992e-02 6.900831311941146851e-02
-1.512339562177658081e-01 -4.454844892024993896e-01 8.657490611076354980e-01 -5.972495675086975098e-01 6.648386120796203613e-01 -2.853962779045104980e-01 -5.829095840454101562e-03 -1.705168485641479492e-01
-9.294453263282775879e-02 6.006364226341247559e-01 6.754751205444335938e-01 1.909131705760955811e-01 1.406020969152450562e-01 1.804327778518199921e-02 6.207993030548095703e-01 -1.378339063376188278e-02
4.444635510444641113e-01 6.726828962564468384e-02 -5.238072276115417480e-01 -9.712300449609756470e-02 2.964861989021301270e-01 6.225055456161499023e-01 -3.690674901008605957e-01 -1.185942053794860840e+00
5.418193340301513672e-01 6.598001718521118164e-01 -3.332851529121398926e-01 3.558109998703002930e-01 1.835569441318511963e-01 1.173596262931823730e+00 -2.877360582351684570e-01 3.988692164421081543e-02
5.682746767997741699e-01 -1.074589490890502930e+00 2.483125925064086914e-01 -9.471715688705444336e-01 3.179352357983589172e-02 9.926512837409973145e-03 -2.055095583200454712e-01 7.791221141815185547e-03
5.579606890678405762e-01 -6.163699626922607422e-01 -5.974293947219848633e-01 -6.229473948478698730e-01 5.145680159330368042e-03 -2.195776067674160004e-02 -9.664894938468933105e-01 1.736368425190448761e-02
-1.710153669118881226e-01 -4.295890033245086670e-01 -7.098070979118347168e-01 -4.441883265972137451e-01 3.036294877529144287e-01 -3.420754075050354004e-01 -6.079872846603393555e-01 2.169403433799743652e-01
8.857045173645019531e-01 2.848241031169891357e-01 6.599419713020324707e-01 7.612817287445068359e-01 1.494063884019851685e-01 -1.572342664003372192e-01 9.334279298782348633e-01 4.459361359477043152e-02
-8.021715283393859863e-02 -4.013051390647888184e-01 -8.637921810150146484e-01 1.002754271030426025e-01 -1.769611597061157227e+00 3.283266723155975342e-01 -7.089260220527648926e-01 2.330093383789062500e-01
-6.561930179595947266e-01 1.724652051925659180e-01 4.820533692836761475e-01 3.068862557411193848e-01 4.792012870311737061e-01 -6.000830531120300293e-01 2.874895036220550537e-01 -3.926884755492210388e-02
-7.342669367790222168e-01 3.685951232910156250e-01 -8.721285313367843628e-02 2.573204636573791504e-01 3.841347098350524902e-01 7.187378592789173126e-03 2.176455110311508179e-01 1.232993155717849731e-01
1.112162351608276367e+00 3.979091048240661621e-01 4.917205572128295898e-01 -2.738681733608245850e-01 4.294332563877105713e-01 5.160781741142272949e-01 2.276343256235122681e-01 -1.493657380342483521e-02
3.026825748383998871e-02 3.474767506122589111e-01 1.697332113981246948e-01 -7.233672589063644409e-02 4.124214351177215576e-01 -2.250763326883316040e-01 4.270987212657928467e-01 -1.149528264999389648e+00
-4.870579838752746582e-01 -5.830078125000000000e-01 -2.493369102478027344e+00 -3.680030107498168945e-01 -1.233165860176086426e+00 -1.719849258661270142e-01 2.564269304275512695e-01 4.672942310571670532e-02
-7.500163912773132324e-01 1.217315495014190674e-01 -8.918883204460144043e-01 4.157989025115966797e-01 1.534397751092910767e-01 4.395054578781127930e-01 2.854366302490234375e-01 2.427690178155899048e-01
-3.921739384531974792e-02 3.263035044074058533e-02 -2.862209826707839966e-02 -5.574154853820800781e-02 6.447281688451766968e-02 -6.315875798463821411e-02 3.127568960189819336e-02 -8.708487264811992645e-03
1.086469173431396484e+00 -5.875538587570190430e-01 -7.036171108484268188e-02 -9.755140542984008789e-01 8.501033186912536621e-01 -4.501017183065414429e-02 2.421936690807342529e-01 -4.306795820593833923e-02
5.687852576375007629e-02 -5.035682916641235352e-01 -1.084812283515930176e+00 -4.217217266559600830e-01 -1.026849865913391113e+00 -4.054091572761535645e-01 7.789862751960754395e-01 -4.299928247928619385e-02
-3.046910744160413742e-03 -6.679909676313400269e-02 4.743050783872604370e-02 -1.281345542520284653e-02 -2.721176482737064362e-02 -1.386458873748779297e-01 -1.413490902632474899e-02 -1.914457045495510101e-02
2.046067565679550171e-01 5.829769372940063477e-01 9.701015353202819824e-01 2.073371112346649170e-01 6.720922589302062988e-01 -3.825848698616027832e-01 -9.690992534160614014e-02 1.993770338594913483e-02
3.254672765731811523e+00 2.104600369930267334e-01 1.673351228237152100e-02 3.568966984748840332e-01 -4.745547771453857422e-01 5.506546497344970703e-01 -2.126849889755249023e-01 2.138522919267416000e-03
7.877334952354431152e-01 -6.757650971412658691e-01 1.481116712093353271e-01 -7.742174863815307617e-01 4.760073125362396240e-01 -3.109064325690269470e-02 -1.917467117309570312e-01 -1.526170875877141953e-03
-2.742857336997985840e-01 -6.843293309211730957e-01 -3.145636916160583496e-01 -8.602427244186401367e-01 -3.129253983497619629e-01 -1.250934153795242310e-01 -8.877233862876892090e-01 -1.626297086477279663e-02
-7.072317004203796387e-01 -4.089371562004089355e-01 -7.500339746475219727e-01 -4.796255007386207581e-02 -7.341857552528381348e-01 -3.629047796130180359e-02 -5.108391642570495605e-01 1.689970120787620544e-02
-7.131120562553405762e-02 3.306236267089843750e-01 -1.746295839548110962e-01 -2.953247129917144775e-01 2.157099545001983643e-01 -1.007328405976295471e-01 2.358539029955863953e-02 -1.043176744133234024e-02
1.215292334556579590e+00 5.861161947250366211e-01 -1.572133541107177734e+00 6.004545092582702637e-01 5.727074667811393738e-02 1.961695402860641479e-01 -3.972916603088378906e-01 2.787958085536956787e-01
1.440561532974243164e+00 -1.881414949893951416e-01 -3.284696578979492188e+00 -2.813543379306793213e-01 -1.641921520233154297e+00 4.317075479775667191e-03 -6.032412499189376831e-02 -2.560920454561710358e-02
5.637811422348022461e-01 -7.927055358886718750e-01 -1.024643063545227051e+00 -6.797751188278198242e-01 -3.916148841381072998e-01 1.334067434072494507e-01 -5.361251235008239746e-01 -4.456920325756072998e-01
3.090907335281372070e-01 -5.246058572083711624e-03 6.457683444023132324e-01 5.899180844426155090e-02 4.047712776809930801e-03 -9.277859330177307129e-02 2.677079439163208008e-01 1.162521261721849442e-02
-1.342703998088836670e-01 -8.084827065467834473e-01 -1.261387318372726440e-01 -7.275618910789489746e-01 -4.346712529659271240e-01 -5.859413743019104004e-02 -9.310595393180847168e-01 1.340105012059211731e-02
1.826651990413665771e-01 -3.433738648891448975e-01 -5.561737418174743652e-01 -7.773647904396057129e-01 2.708244323730468750e-01 -4.285637736320495605e-01 -4.553374052047729492e-01 -3.988001495599746704e-02
-2.990520596504211426e-01 3.064551576972007751e-02 6.054667830467224121e-01 1.522122416645288467e-02 -7.396640181541442871e-01 -9.359408169984817505e-02 2.445171587169170380e-02 -4.218555614352226257e-02
-1.250496387481689453e+00 6.076079607009887695e-01 -5.835244655609130859e-01 8.543969392776489258e-01 -1.142806634306907654e-01 2.761633396148681641e-01 -5.795250833034515381e-02 -1.407875120639801025e-02
-6.272187829017639160e-01 -1.404417753219604492e-01 6.035122871398925781e-01 -4.599682390689849854e-01 6.095780134201049805e-01 -4.598339796066284180e-01 -3.120364248752593994e-01 -2.395010367035865784e-02
-2.583185210824012756e-03 4.871731996536254883e-01 -1.613521575927734375e-01 1.148020848631858826e-01 -1.698455363512039185e-01 7.168368697166442871e-01 4.805732667446136475e-01 3.391225636005401611e-02
-4.196790754795074463e-01 1.955932080745697021e-01 5.907588005065917969e-01 1.141822636127471924e-01 5.074892640113830566e-01 -7.354608178138732910e-01 3.357985615730285645e-01 -1.700873859226703644e-02
6.387754082679748535e-01 -1.514004170894622803e-01 3.067771159112453461e-02 -1.255111098289489746e-01 3.138875067234039307e-01 -1.865238398313522339e-01 -1.265181899070739746e-01 -5.942924022674560547e-01
1.077534794807434082e+00 -5.580828189849853516e-01 -1.756371617317199707e+00 -2.152192145586013794e-01 -1.347430467605590820e+00 1.448202580213546753e-01 -7.809825241565704346e-02 4.784911274909973145e-01
-1.821220636367797852e+00 -5.297259092330932617e-01 -2.204806357622146606e-02 4.995619878172874451e-02 -2.717532515525817871e-01 -5.586191415786743164e-01 5.468787550926208496e-01 9.429241530597209930e-03
-2.096112370491027832e-01 -2.507255077362060547e-01 -3.994893729686737061e-01 -3.544729948043823242e-01 -1.562717854976654053e-01 4.382734000682830811e-01 -6.869199872016906738e-01 -1.052525117993354797e-01
-1.746569156646728516e+00 4.505542218685150146e-01 -8.291099071502685547e-01 4.546560049057006836e-01 -1.032681345939636230e+00 -1.315957009792327881e-01 7.649133354425430298e-02 3.074261732399463654e-02
5.014108180999755859e+00 5.399463772773742676e-01 -7.565219402313232422e-01 3.848600089550018311e-01 -5.539551973342895508e-01 2.358159720897674561e-01 -2.648103833198547363e-01 -5.066477507352828979e-02
3.017078340053558350e-01 -4.500501751899719238e-01 1.328086480498313904e-02 -5.293672680854797363e-01 -4.096291661262512207e-01 5.727037787437438965e-01 -8.175455331802368164e-01 3.976987302303314209e-01
-3.288325965404510498e-01 -4.002942144870758057e-01 9.216752052307128906e-01 -8.120074868202209473e-01 5.971866250038146973e-01 -9.103205054998397827e-02 1.137760430574417114e-01 -1.236999034881591797e-02
-8.809052109718322754e-01 1.901168823242187500e-01 -1.249153912067413330e-01 2.099058777093887329e-01 3.490155339241027832e-01 -7.992585301399230957e-01 -6.263871788978576660e-01 7.743652164936065674e-02
1.253216743469238281e+00 -2.516924738883972168e-01 1.176596164703369141e+00 2.597508430480957031e-01 4.745321869850158691e-01 -6.066168192774057388e-03 1.114123091101646423e-01 9.190365672111511230e-02
-8.849287778139114380e-02 -3.436810374259948730e-01 -8.200165629386901855e-01 3.014871776103973389e-01 -3.685174882411956787e-01 9.740185737609863281e-01 -6.164507865905761719e-01 5.964334309101104736e-02
-1.977662205696105957e+00 2.821857333183288574e-01 -6.516128778457641602e-01 4.363342523574829102e-01 -5.633605718612670898e-01 -2.380094826221466064e-01 -3.238163515925407410e-02 5.783212184906005859e-02
-1.160077810287475586e+00 -5.268269181251525879e-01 -1.702203273773193359e+00 9.686020761728286743e-02 -7.905378937721252441e-01 -4.893761873245239258e-01 -2.082712203264236450e-01 -2.534432522952556610e-02
4.931330084800720215e-01 -8.680060505867004395e-01 7.914584130048751831e-02 -5.750083327293395996e-01 -1.162580624222755432e-01 4.467720985412597656e-01 2.547287642955780029e-01 1.311833113431930542e-01
3.263365924358367920e-01 -7.147886604070663452e-02 -4.038119912147521973e-01 -1.205608621239662170e-01 -4.289804399013519287e-01 3.789728879928588867e-01 -2.889748513698577881e-01 -1.184967979788780212e-01
-7.395030260086059570e-01 5.339221954345703125e-01 3.087529242038726807e-01 6.041265726089477539e-01 1.511811912059783936e-01 1.002286300063133240e-01 -1.672176569700241089e-01 -1.278306916356086731e-02
8.312034606933593750e-01 -1.279539614915847778e-01 5.575145483016967773e-01 -3.864009380340576172e-01 7.326391935348510742e-01 -4.258241876959800720e-02 4.654249846935272217e-01 -1.273430045694112778e-02
