6.292819976806640625e-01
8.650136590003967285e-01
7.652094960212707520e-01
7.764627337455749512e-01
7.795956730842590332e-01
-5.505405068397521973e-01
7.387735247611999512e-01
8.720834255218505859e-01
3.648605048656463623e-01
-1.607680767774581909e-01
6.724639534950256348e-01
8.276621699333190918e-01
1.537589579820632935e-01
3.035001158714294434e-01
4.484096765518188477e-01
7.824444770812988281e-01
-4.605212807655334473e-01
2.709074616432189941e-01
-6.363862752914428711e-01
5.831475853919982910e-01
5.438284277915954590e-01
3.788325190544128418e-01
6.331849098205566406e-01
6.598929166793823242e-01
8.774240016937255859e-01
4.650247693061828613e-01
7.233884334564208984e-01
9.006010293960571289e-01
4.985221326351165771e-01
1.776885539293289185e-01
6.356002092361450195e-01
2.297142297029495239e-01
