3.056891364394687116e-05 -8.276198804378509521e-02 -2.267527818679809570e+00 -7.765147089958190918e-01 4.860482513904571533e-01 7.525375485420227051e-01 2.804169952869415283e-01 -1.179831698536872864e-01 -3.675696849822998047e-01 8.366699218750000000e-01 1.231480091810226440e-01 7.108954340219497681e-02 -3.985105156898498535e-01 2.072342932224273682e-01 -1.255058050155639648e+00 3.952090442180633545e-01 1.499097198247909546e-01 1.723068505525588989e-01 -1.090190708637237549e-01 2.277268767356872559e-01 -1.609177589416503906e+00 -1.963567882776260376e-01 8.845663666725158691e-01 -2.327873855829238892e-01 -1.586033701896667480e-01 -5.903337597846984863e-01 1.833399198949337006e-02 -6.002272367477416992e-01 5.642908215522766113e-01 9.055755287408828735e-02 -4.235458374023437500e-01 -7.131462097167968750e+00 -2.304071327671408653e-03 6.388714164495468140e-02 2.158969044685363770e-01 -1.499836444854736328e-01 1.939806342124938965e-01 4.331058263778686523e-02 5.794372558593750000e-01 5.309608578681945801e-01 4.889138042926788330e-01 5.229417681694030762e-01 8.456102013587951660e-02 -3.373713195323944092e-01 1.249959096312522888e-01 -2.381553947925567627e-01 -9.613064527511596680e-01 2.241997122764587402e-01 6.348879933357238770e-01 -5.518304705619812012e-01 2.798258066177368164e-01 -1.147569417953491211e-01 -6.808783113956451416e-02 3.312263265252113342e-02 2.026824206113815308e-01 3.698501288890838623e-01 1.105200499296188354e-01 1.816003769636154175e-01 -2.486888021230697632e-01 5.230180025100708008e-01 3.960587084293365479e-02 -3.546448051929473877e-02 1.533017009496688843e-01 9.619822502136230469e-01
8.942685276269912720e-02 3.386527001857757568e-01 2.430930882692337036e-01 2.261885553598403931e-01 3.757266700267791748e-01 2.688071429729461670e-01 -1.476684957742691040e-01 2.437254786491394043e-01 3.526791632175445557e-01 2.875131964683532715e-01 2.560560591518878937e-02 5.132886171340942383e-01 3.337836861610412598e-01 -1.665595546364784241e-02 -1.577652432024478912e-02 -7.624962925910949707e-01 -1.701515316963195801e-01 -1.566200107336044312e-01 6.026327610015869141e-01 -3.803207874298095703e-01 3.358340263366699219e-01 2.507702112197875977e-01 2.757041454315185547e-01 2.286004833877086639e-02 6.408438682556152344e-01 -8.268270641565322876e-02 1.045238450169563293e-01 -5.914328694343566895e-01 5.200419109314680099e-03 -4.567750170826911926e-02 4.319519400596618652e-01 8.872019499540328979e-02 -7.315875887870788574e-01 -4.870978593826293945e-01 2.621266432106494904e-02 4.361965507268905640e-02 -9.784670546650886536e-03 -3.379594683647155762e-01 1.039432883262634277e-01 1.708429753780364990e-01 4.728851318359375000e-01 2.317053973674774170e-01 -1.979783028364181519e-01 -3.612158894538879395e-01 4.257420003414154053e-01 4.573065787553787231e-02 3.934566974639892578e-01 5.601223185658454895e-02 1.575724184513092041e-01 4.444846510887145996e-01 2.961834371089935303e-01 -2.994871139526367188e-01 -4.115463048219680786e-02 3.284362256526947021e-01 4.776228368282318115e-01 4.155705571174621582e-01 2.427330613136291504e-01 9.830937981605529785e-01 4.608925879001617432e-01 -3.873002901673316956e-02 -1.135850846767425537e-01 1.611317396163940430e-01 5.406668782234191895e-01 -9.552210569381713867e-01
1.344829797744750977e-01 1.931299865245819092e-01 3.579326272010803223e-01 1.552798151969909668e-01 3.205738961696624756e-01 4.137040972709655762e-01 -3.088924586772918701e-01 1.623920649290084839e-01 2.914352715015411377e-01 4.150138497352600098e-01 -2.536925673484802246e-02 4.125930070877075195e-01 3.469788432121276855e-01 -8.234204351902008057e-02 -1.716787666082382202e-01 -7.868261337280273438e-01 -1.915499418973922729e-01 -6.085390597581863403e-02 6.484251022338867188e-01 -4.846873879432678223e-01 2.910649478435516357e-01 1.040975078940391541e-01 1.037420630455017090e-01 -1.409122496843338013e-01 5.447313785552978516e-01 -1.246366575360298157e-01 1.154051199555397034e-01 -6.050781607627868652e-01 5.570418015122413635e-02 1.537485420703887939e-01 3.469044864177703857e-01 4.655656591057777405e-02 -7.511929869651794434e-01 -5.845825076103210449e-01 2.081410214304924011e-02 1.092538088560104370e-01 -1.184169426560401917e-01 -5.068025588989257812e-01 9.486272186040878296e-02 1.043531671166419983e-01 4.006232321262359619e-01 7.552640140056610107e-02 3.211494535207748413e-02 -3.137492537498474121e-01 4.848266541957855225e-01 1.116596832871437073e-01 2.215565592050552368e-01 -4.187530279159545898e-02 1.367593407630920410e-01 3.336821794509887695e-01 7.498450577259063721e-02 -3.117425739765167236e-01 9.191393107175827026e-02 1.742227673530578613e-01 2.463624179363250732e-01 3.564504086971282959e-01 2.917034924030303955e-01 8.061683177947998047e-01 2.623105943202972412e-01 -4.022280871868133545e-02 -1.460545063018798828e-01 1.117726415395736694e-01 4.461530447006225586e-01 -7.285530567169189453e-01
-5.202259123325347900e-02 3.476321101188659668e-01 4.916498064994812012e-01 2.898789048194885254e-01 4.761045575141906738e-01 3.799094855785369873e-01 -3.416310548782348633e-01 2.144260555505752563e-01 2.417817115783691406e-01 2.937136590480804443e-01 -1.029318869113922119e-01 3.537164628505706787e-01 5.640440583229064941e-01 -8.175715059041976929e-02 1.049918830394744873e-01 -6.366499662399291992e-01 -1.620426326990127563e-01 -1.533658057451248169e-01 5.797756314277648926e-01 -5.001351237297058105e-01 3.571314811706542969e-01 3.233845904469490051e-02 2.637562155723571777e-01 3.130750730633735657e-03 4.786326289176940918e-01 -1.456261575222015381e-01 5.531424283981323242e-02 -4.230862855911254883e-01 1.641516946256160736e-02 4.684741795063018799e-02 4.344816207885742188e-01 2.130655758082866669e-02 -6.048758029937744141e-01 -4.274252057075500488e-01 1.144679784774780273e-01 -9.618831425905227661e-02 3.365308791399002075e-02 -3.482233583927154541e-01 1.136270686984062195e-01 1.584572046995162964e-01 3.945018947124481201e-01 3.041106760501861572e-01 -8.257711678743362427e-02 -1.582173407077789307e-01 4.578830599784851074e-01 2.051839977502822876e-01 4.957495629787445068e-01 2.133067250251770020e-01 -5.737410113215446472e-02 3.263651430606842041e-01 1.206307262182235718e-01 -1.348425149917602539e-01 1.250322908163070679e-01 3.645264208316802979e-01 5.544936060905456543e-01 4.993083477020263672e-01 1.953284442424774170e-01 7.219184041023254395e-01 4.274483621120452881e-01 3.710713982582092285e-02 -2.177526950836181641e-01 -2.820218540728092194e-02 4.956528842449188232e-01 -6.452100872993469238e-01
-4.749766364693641663e-02 3.040766417980194092e-01 5.159000754356384277e-01 1.727832406759262085e-01 4.138148128986358643e-01 3.872793614864349365e-01 -1.917157024145126343e-01 3.183279931545257568e-01 3.520224690437316895e-01 3.197325468063354492e-01 -9.950347989797592163e-02 5.134821534156799316e-01 5.242286324501037598e-01 -1.492822617292404175e-01 1.588351279497146606e-01 -7.056918740272521973e-01 -1.946603655815124512e-01 -1.435307562351226807e-01 5.966047644615173340e-01 -5.490253567695617676e-01 3.019327819347381592e-01 2.217667251825332642e-01 2.359268665313720703e-01 -1.098959743976593018e-01 4.831831157207489014e-01 -1.283853650093078613e-01 7.624953985214233398e-02 -5.262160301208496094e-01 1.808873265981674194e-01 4.052378237247467041e-02 4.100795984268188477e-01 1.205254159867763519e-02 -5.472154617309570312e-01 -5.044938921928405762e-01 8.499245345592498779e-02 5.838885530829429626e-02 -7.979435473680496216e-02 -4.128686785697937012e-01 1.518507450819015503e-01 1.468593776226043701e-01 3.587428331375122070e-01 2.936466038227081299e-01 -2.174757122993469238e-01 -2.763490974903106689e-01 5.882102251052856445e-01 8.277893811464309692e-02 4.679141342639923096e-01 2.318253219127655029e-01 -4.246887192130088806e-02 3.144297897815704346e-01 2.477342188358306885e-01 -2.179788649082183838e-01 1.303397715091705322e-01 4.054509997367858887e-01 5.215655565261840820e-01 4.662944078445434570e-01 2.823117673397064209e-01 7.311320304870605469e-01 4.784712791442871094e-01 1.194368675351142883e-02 -1.638476252555847168e-01 5.589855462312698364e-02 7.030389904975891113e-01 -8.106163144111633301e-01
-5.644990503787994385e-02 4.162498116493225098e-01 -2.894449532032012939e-01 5.058810710906982422e-01 -5.508854389190673828e-01 -5.336293578147888184e-01 1.228470325469970703e+00 6.718294620513916016e-01 3.942165970802307129e-01 5.390024185180664062e-01 3.946800827980041504e-01 -2.435510903596878052e-01 4.115446507930755615e-01 3.267763555049896240e-02 -1.891472190618515015e-01 4.071789383888244629e-01 1.710438728332519531e+00 4.423357844352722168e-01 -3.398316502571105957e-01 -4.618821740150451660e-01 1.889650940895080566e+00 4.056139886379241943e-01 1.359666138887405396e-01 9.768682122230529785e-01 -2.430719137191772461e-01 -3.320052623748779297e-01 8.458843082189559937e-02 8.178320527076721191e-01 1.943428069353103638e-01 1.520476490259170532e-01 1.001848936080932617e+00 -6.709591150283813477e-01 -2.760683298110961914e-01 8.907144665718078613e-01 -9.326644539833068848e-01 3.403650969266891479e-02 6.420453786849975586e-01 1.967402338981628418e+00 1.070165157318115234e+00 4.167692959308624268e-01 -1.249465107917785645e+00 -7.352958321571350098e-01 9.897118061780929565e-02 5.361565351486206055e-01 7.926745712757110596e-02 -5.194355845451354980e-01 1.348177909851074219e+00 1.503867954015731812e-01 5.845654010772705078e-01 -1.044178128242492676e+00 5.215367078781127930e-01 4.519526362419128418e-01 -3.003710210323333740e-01 1.300983279943466187e-01 -7.287789136171340942e-02 -3.851597011089324951e-02 2.753961980342864990e-01 -1.504333853721618652e+00 -4.848259985446929932e-01 -5.609143972396850586e-01 8.026801943778991699e-01 1.231796145439147949e-01 2.327124923467636108e-01 9.988363981246948242e-01
5.139700695872306824e-02 2.255654633045196533e-01 2.332336008548736572e-01 2.224893867969512939e-01 4.631980061531066895e-01 3.603584766387939453e-01 -2.671937048435211182e-01 3.345829844474792480e-01 2.989599704742431641e-01 3.915654420852661133e-01 -1.038804426789283752e-01 4.662311971187591553e-01 3.688482642173767090e-01 -4.378679767251014709e-02 1.339716762304306030e-01 -7.590603232383728027e-01 -4.739517346024513245e-02 -1.876576840877532959e-01 4.925128519535064697e-01 -4.232165217399597168e-01 3.997819721698760986e-01 7.699432317167520523e-03 2.716004550457000732e-01 5.084910616278648376e-02 5.960079431533813477e-01 2.276408672332763672e-02 9.529640525579452515e-02 -4.519952535629272461e-01 2.881797589361667633e-02 6.186386570334434509e-02 2.554432749748229980e-01 2.040824890136718750e-01 -5.782977938652038574e-01 -5.699306130409240723e-01 1.342716962099075317e-01 1.862405799329280853e-02 -1.767603009939193726e-01 -4.740469455718994141e-01 2.069174647331237793e-01 4.651958122849464417e-02 2.821395397186279297e-01 2.618421316146850586e-01 -1.183549128472805023e-02 -3.540868461132049561e-01 4.695326387882232666e-01 2.041592895984649658e-01 3.945631682872772217e-01 4.086547717452049255e-02 6.578884273767471313e-02 3.962808549404144287e-01 2.310799360275268555e-01 -1.280471384525299072e-01 -1.249531954526901245e-01 2.441858202219009399e-01 3.143897950649261475e-01 4.804186820983886719e-01 1.670645922422409058e-01 7.899525761604309082e-01 4.430621266365051270e-01 -1.007947996258735657e-01 -2.120064795017242432e-01 1.758429408073425293e-01 4.353179931640625000e-01 -8.380719423294067383e-01
1.139890626072883606e-01 1.520690321922302246e-01 2.464832812547683716e-01 1.306976974010467529e-01 4.875010550022125244e-01 4.600420892238616943e-01 -3.640674650669097900e-01 1.727720499038696289e-01 2.387064993381500244e-01 3.809053301811218262e-01 1.195418387651443481e-01 4.879841804504394531e-01 5.110855102539062500e-01 8.578219451010227203e-03 1.061227247118949890e-01 -7.975344657897949219e-01 -1.647251546382904053e-01 -5.558258388191461563e-03 5.422711968421936035e-01 -5.608203411102294922e-01 4.652776420116424561e-01 1.908034831285476685e-01 8.047904819250106812e-02 -8.196531794965267181e-03 6.055166125297546387e-01 -1.483952905982732773e-02 -5.328763648867607117e-02 -5.235800147056579590e-01 -3.047764301300048828e-02 5.837268009781837463e-02 3.873514831066131592e-01 2.158154547214508057e-01 -5.402009487152099609e-01 -4.268024861812591553e-01 1.855669170618057251e-01 -9.060922078788280487e-03 -9.818105399608612061e-02 -3.800882399082183838e-01 1.258687525987625122e-01 1.417101025581359863e-01 2.499682009220123291e-01 1.641002744436264038e-01 -1.723126471042633057e-01 -2.861836552619934082e-01 5.293527841567993164e-01 4.701593518257141113e-02 3.443733453750610352e-01 1.204144805669784546e-01 -3.444071114063262939e-02 3.231353163719177246e-01 2.978116571903228760e-01 -1.413062363862991333e-01 -1.335639506578445435e-02 1.837248802185058594e-01 5.099890232086181641e-01 6.106070280075073242e-01 3.131085932254791260e-01 8.776977062225341797e-01 2.266936153173446655e-01 -8.629623800516128540e-02 -6.541584432125091553e-02 9.739768505096435547e-02 4.522472620010375977e-01 -7.188863158226013184e-01
1.701895147562026978e-01 3.025489151477813721e-01 -5.439361929893493652e-02 -1.488142907619476318e-01 1.629946678876876831e-01 -1.375877950340509415e-02 -4.863800704479217529e-01 -2.053281217813491821e-01 4.592826217412948608e-02 3.356041014194488525e-01 2.422253340482711792e-01 7.251020986586809158e-03 3.324130177497863770e-01 -3.714501261711120605e-01 -3.454000353813171387e-01 -6.106622815132141113e-01 -3.634675443172454834e-01 3.655001893639564514e-02 2.566719055175781250e-01 -2.042969018220901489e-01 8.490490913391113281e-02 -2.463948875665664673e-01 -2.646472156047821045e-01 -1.919690519571304321e-01 5.025061964988708496e-01 1.394385099411010742e-01 2.477754503488540649e-01 -5.865548849105834961e-01 1.043925341218709946e-02 1.590754091739654541e-01 -6.403955817222595215e-02 2.313303947448730469e-02 -5.567374825477600098e-01 -4.452201426029205322e-01 5.442138761281967163e-03 3.902072310447692871e-01 -2.715198099613189697e-01 -3.952895998954772949e-01 3.045493960380554199e-01 7.578504737466573715e-04 4.017788171768188477e-02 -2.651814371347427368e-03 3.159472644329071045e-01 -6.327235698699951172e-01 1.769751459360122681e-01 -9.286268055438995361e-02 9.104096889495849609e-02 -2.526772618293762207e-01 1.551339626312255859e-01 1.400806307792663574e-01 6.970490515232086182e-02 -5.263628959655761719e-01 -2.482882738113403320e-01 -6.842018663883209229e-02 1.021400839090347290e-02 5.431719496846199036e-02 -4.894218966364860535e-02 5.192152857780456543e-01 3.669107854366302490e-01 -1.835046559572219849e-01 -2.299304902553558350e-01 -4.299428313970565796e-03 2.348649501800537109e-02 -6.106108427047729492e-01
-5.632690191268920898e-01 -4.005588591098785400e-01 1.525848545134067535e-02 -6.795979142189025879e-01 8.453300595283508301e-01 -4.349834620952606201e-01 -4.366089105606079102e-01 4.756804555654525757e-02 7.150078564882278442e-02 -1.193769693374633789e+00 -1.156833767890930176e-01 -1.562302261590957642e-01 2.738038301467895508e-01 2.106948614120483398e+00 1.497986763715744019e-01 2.317083030939102173e-01 -8.659882843494415283e-02 -2.301226109266281128e-01 -2.688236832618713379e-01 -1.190909385681152344e+00 -2.328869700431823730e-01 2.771545946598052979e-01 3.649734556674957275e-01 1.514084100723266602e+00 -5.438363552093505859e-01 8.936183452606201172e-01 -7.533733546733856201e-02 -2.681342959403991699e-01 1.010613083839416504e+00 -7.158648222684860229e-02 -6.865476965904235840e-01 -1.506350487470626831e-01 5.292662978172302246e-02 1.515032649040222168e-01 -7.873241603374481201e-02 2.846134454011917114e-02 -1.224589347839355469e+00 1.952052265405654907e-01 -1.334394514560699463e-01 -1.583234965801239014e-01 -4.989855885505676270e-01 -3.080918639898300171e-02 2.012337297201156616e-01 5.092842578887939453e-01 -1.089918520301580429e-02 4.722940027713775635e-01 -5.993017554283142090e-01 6.101240962743759155e-02 -6.545752882957458496e-01 -4.091051220893859863e-02 3.550682663917541504e-01 5.743707418441772461e-01 -4.568510651588439941e-01 2.201562561094760895e-02 -6.531513482332229614e-02 1.730458587408065796e-01 -1.009169697761535645e+00 -6.508261561393737793e-01 -3.423810005187988281e-01 7.686889171600341797e-01 -1.604036331176757812e+00 2.568523287773132324e-01 1.187610700726509094e-01 5.917480587959289551e-01
-6.185481324791908264e-02 3.649134039878845215e-01 1.705660074949264526e-01 2.540480792522430420e-01 3.373353481292724609e-01 4.107335209846496582e-01 -4.079205095767974854e-01 2.157454937696456909e-01 3.046110868453979492e-01 3.961508274078369141e-01 1.065976247191429138e-01 4.973243772983551025e-01 4.393900334835052490e-01 -1.958259642124176025e-01 5.694002658128738403e-02 -7.654452919960021973e-01 -2.148697078227996826e-01 -2.410695403814315796e-01 4.582507610321044922e-01 -3.959164321422576904e-01 3.622853159904479980e-01 1.399183273315429688e-01 4.371630027890205383e-02 -2.718576788902282715e-02 5.138442516326904297e-01 1.417759712785482407e-02 2.225785702466964722e-02 -5.326761007308959961e-01 8.931344375014305115e-03 -1.140878200531005859e-01 1.863995343446731567e-01 1.649068444967269897e-01 -7.931227087974548340e-01 -4.736651480197906494e-01 9.276535362005233765e-02 -1.186487302184104919e-01 -4.530427232384681702e-02 -4.945917725563049316e-01 2.351259626448154449e-02 1.876618415117263794e-01 2.755700945854187012e-01 1.719101220369338989e-01 -6.448057945817708969e-03 -3.599882125854492188e-01 3.607417643070220947e-01 2.313655614852905273e-02 3.192766606807708740e-01 1.638826131820678711e-01 -7.803487032651901245e-02 4.824249744415283203e-01 1.618812233209609985e-01 -1.904276311397552490e-01 -5.358966812491416931e-02 1.691265553236007690e-01 3.171285092830657959e-01 3.942081928253173828e-01 1.772980093955993652e-01 7.692802548408508301e-01 3.412749767303466797e-01 -1.959430519491434097e-03 -1.169062778353691101e-01 8.490588515996932983e-02 4.977782070636749268e-01 -8.330067992210388184e-01
1.676277667284011841e-01 3.074015080928802490e-01 3.755477368831634521e-01 2.379217147827148438e-01 3.836305439472198486e-01 3.561853170394897461e-01 -2.678436338901519775e-01 3.174015879631042480e-01 3.147691190242767334e-01 4.868470430374145508e-01 7.873284816741943359e-02 3.469954431056976318e-01 4.033581614494323730e-01 -2.571092844009399414e-01 4.108400642871856689e-02 -5.814802646636962891e-01 -1.429518908262252808e-01 -2.189375609159469604e-01 5.332850217819213867e-01 -5.421208143234252930e-01 4.836270213127136230e-01 8.823262900114059448e-02 1.088224351406097412e-01 3.334643691778182983e-02 4.795241355895996094e-01 -1.288395375013351440e-01 5.081565678119659424e-02 -5.535518527030944824e-01 1.320274919271469116e-01 1.127787530422210693e-01 5.255995392799377441e-01 -3.831941261887550354e-02 -7.066340446472167969e-01 -4.324427545070648193e-01 7.900960743427276611e-02 -1.338236629962921143e-01 3.359424695372581482e-02 -3.156236410140991211e-01 2.412586510181427002e-01 8.097483217716217041e-02 3.538934588432312012e-01 1.127669438719749451e-01 -5.928359180688858032e-02 -2.935820519924163818e-01 5.010703206062316895e-01 1.532052010297775269e-01 3.412090539932250977e-01 1.883667111396789551e-01 -1.494979113340377808e-02 2.944658696651458740e-01 2.493681609630584717e-01 -3.704331219196319580e-01 -2.087826095521450043e-02 3.109442293643951416e-01 4.452645182609558105e-01 4.873551130294799805e-01 2.293851822614669800e-01 7.746249437332153320e-01 2.551636993885040283e-01 9.918545186519622803e-02 -1.186394616961479187e-01 1.634077429771423340e-01 5.872474312782287598e-01 -7.294039726257324219e-01
3.263320922851562500e-01 2.498475462198257446e-01 3.940931707620620728e-02 -1.963319629430770874e-01 3.419151604175567627e-01 7.492967247962951660e-01 -8.163019418716430664e-01 -8.753991872072219849e-02 -8.291201293468475342e-02 -1.880506426095962524e-01 -4.997821152210235596e-02 -3.806392848491668701e-02 4.027422368526458740e-01 3.589012026786804199e-01 -4.296320676803588867e-01 -4.498147010803222656e+00 -6.165627390146255493e-02 1.049021035432815552e-01 4.599086344242095947e-01 -1.027176231145858765e-01 3.263480365276336670e-01 7.562477886676788330e-02 2.513269186019897461e-01 -2.279916048049926758e+00 6.526933312416076660e-01 2.317683584988117218e-02 1.051906719803810120e-01 -1.106669068336486816e+00 -1.635570675134658813e-01 3.130337595939636230e-01 -2.856339327991008759e-02 -5.833448767662048340e-01 -6.005940437316894531e-01 -6.760725378990173340e-01 4.332832526415586472e-03 1.911271363496780396e-01 -9.345845580101013184e-01 -4.221357107162475586e-01 1.412438005208969116e-01 1.129611611366271973e+00 1.470948457717895508e-01 6.259036064147949219e-02 2.423856854438781738e-01 -9.637528061866760254e-01 2.971343137323856354e-02 -7.551563978195190430e-01 2.894573509693145752e-01 1.361600607633590698e-01 3.307556360960006714e-02 7.398834079504013062e-02 -1.161491572856903076e-01 -1.348327279090881348e+00 -5.908853411674499512e-01 6.867525726556777954e-02 1.840642839670181274e-01 8.262523263692855835e-02 -2.341893501579761505e-02 2.846811711788177490e-01 4.880964159965515137e-01 -9.783292189240455627e-03 -1.941102147102355957e+00 -1.143735498189926147e-01 -4.117713123559951782e-02 -1.764114499092102051e+00
7.078884243965148926e-01 5.874932408332824707e-01 -7.892937064170837402e-01 5.840100049972534180e-01 8.411519974470138550e-02 5.111120343208312988e-01 9.362503886222839355e-01 1.171471849083900452e-01 -3.620510995388031006e-01 5.221703052520751953e-01 -7.430284023284912109e-01 -2.034175872802734375e+00 6.950257420539855957e-01 6.019762754440307617e-01 5.616267323493957520e-01 -7.051098942756652832e-01 3.633160889148712158e-01 -1.757404804229736328e-01 2.931521460413932800e-02 9.571305513381958008e-01 6.146859526634216309e-01 6.461293101310729980e-01 -1.337411105632781982e-01 -6.049969792366027832e-01 -2.141786068677902222e-01 4.992467761039733887e-01 6.735264509916305542e-02 -2.072469592094421387e-01 2.607477009296417236e-01 -7.760221511125564575e-02 8.498650193214416504e-01 -7.190676927566528320e-01 9.796725958585739136e-02 -2.282273322343826294e-01 1.554745882749557495e-01 -2.854599617421627045e-02 -4.389567673206329346e-01 2.935397863388061523e+00 -1.015815258026123047e+00 -2.644780576229095459e-01 -8.646680712699890137e-01 5.226584672927856445e-01 -2.314770370721817017e-01 1.315974816679954529e-02 -3.335501253604888916e-01 1.700824201107025146e-01 4.976566731929779053e-01 4.333628118038177490e-01 -7.820816040039062500e-01 -1.289653062820434570e+00 -1.304836750030517578e+00 1.615292578935623169e-01 -2.139813303947448730e-01 -1.407734870910644531e+00 -2.789323568344116211e+00 6.084001064300537109e-01 -2.620321810245513916e-01 -2.903895080089569092e-01 1.309011224657297134e-02 -1.564361453056335449e-01 1.542121291160583496e+00 -2.529839575290679932e-01 6.366696953773498535e-01 -1.888293147087097168e+00
-2.911117374897003174e-01 -2.404961287975311279e-01 6.694423556327819824e-01 -4.937399327754974365e-01 1.228863954544067383e+00 9.033496975898742676e-01 -4.787467420101165771e-02 -2.338238954544067383e+00 -5.928281322121620178e-02 -1.534062147140502930e+00 -2.869499623775482178e-01 -4.875006154179573059e-02 9.636958688497543335e-02 -2.495595663785934448e-01 -7.795780301094055176e-01 -5.137264132499694824e-01 1.155284047126770020e-01 3.557592332363128662e-01 7.888317853212356567e-02 -8.325159549713134766e-03 -4.602509975433349609e+00 2.423277646303176880e-01 6.426816582679748535e-01 -8.505145311355590820e-01 -4.575440287590026855e-01 -5.302220582962036133e-01 4.353620111942291260e-02 -3.106643557548522949e-01 4.487657546997070312e-02 -4.914032295346260071e-02 -2.153757095336914062e+00 3.023658394813537598e-01 1.746778130531311035e+00 -2.682256400585174561e-01 -1.120127663016319275e-01 -1.741522401571273804e-01 -2.876597344875335693e-01 3.522537648677825928e-01 -3.388153016567230225e-01 -6.492285756394267082e-04 -1.123711228370666504e+00 5.430061817169189453e-01 -3.540555238723754883e-01 -1.088861584663391113e+00 3.577177524566650391e-01 -2.011338248848915100e-02 -5.015258789062500000e-01 -5.041092634201049805e-01 -4.304229915142059326e-01 -5.653663277626037598e-01 -2.741454541683197021e-01 3.910420238971710205e-01 3.648713231086730957e-01 -3.193072080612182617e-01 2.848718315362930298e-02 4.595509916543960571e-02 1.142778277397155762e+00 -2.943270802497863770e-01 5.487584471702575684e-01 2.604509890079498291e-01 -1.044628322124481201e-01 -6.415550410747528076e-02 -7.778924889862537384e-03 -1.915318518877029419e-02
3.281177952885627747e-02 3.112191557884216309e-01 2.306110858917236328e-01 1.138674393296241760e-01 3.639322519302368164e-01 2.531136572360992432e-01 -2.289797067642211914e-01 1.443234682083129883e-01 2.602811753749847412e-01 4.215691685676574707e-01 -9.456994384527206421e-02 3.423416912555694580e-01 4.167024195194244385e-01 -6.440136581659317017e-02 -7.976479828357696533e-02 -7.704470753669738770e-01 -1.735447794198989868e-01 -2.990039996802806854e-02 6.099421977996826172e-01 -4.688095748424530029e-01 2.374342828989028931e-01 1.486579477787017822e-01 1.157912313938140869e-01 6.332787871360778809e-02 4.452409148216247559e-01 -2.700746990740299225e-02 5.186355859041213989e-02 -4.772647619247436523e-01 -1.060184016823768616e-01 -9.576400369405746460e-02 4.504786133766174316e-01 1.446225345134735107e-01 -6.097037792205810547e-01 -5.748460292816162109e-01 1.221668720245361328e-01 2.992771007120609283e-02 -6.460798531770706177e-02 -3.485832810401916504e-01 3.784998878836631775e-02 1.366561204195022583e-01 3.170599043369293213e-01 5.091296136379241943e-02 -7.151830196380615234e-02 -3.196603059768676758e-01 4.342696964740753174e-01 4.663843195885419846e-03 4.362381398677825928e-01 -3.508233651518821716e-02 -2.787310816347599030e-02 3.310941755771636963e-01 7.711252570152282715e-02 -3.993225097656250000e-01 3.614246472716331482e-02 3.215360343456268311e-01 3.728062510490417480e-01 3.347280621528625488e-01 2.250140607357025146e-01 7.361239194869995117e-01 3.080020844936370850e-01 -7.804222404956817627e-02 -3.321957886219024658e-01 -7.423540949821472168e-02 3.815377056598663330e-01 -7.034227848052978516e-01
-1.733705699443817139e-01 -9.180043339729309082e-01 9.213548898696899414e-01 5.287119746208190918e-01 7.252817153930664062e-01 -1.713170111179351807e-01 -1.026232144795358181e-03 4.897558391094207764e-01 5.978077054023742676e-01 5.365758538246154785e-01 -3.388517200946807861e-01 -2.565775811672210693e-01 7.412205636501312256e-02 -8.158478140830993652e-01 -5.161790251731872559e-01 1.999006390571594238e+00 2.133952379226684570e+00 1.555710732936859131e-01 -3.291968107223510742e-01 5.318034291267395020e-01 3.657680749893188477e-01 4.590739905834197998e-01 2.845984995365142822e-01 3.475744128227233887e-01 1.371519118547439575e-01 2.589671611785888672e-01 3.374949842691421509e-02 1.217240214347839355e+00 5.534829497337341309e-01 8.937129750847816467e-04 3.132093846797943115e-01 5.891131758689880371e-01 1.447124361991882324e+00 1.138012051582336426e+00 -6.782428920269012451e-02 9.960225224494934082e-02 -2.990275621414184570e-01 8.020126223564147949e-01 -1.659056693315505981e-01 5.278524011373519897e-02 -2.734281539916992188e+00 -3.212239444255828857e-01 3.198047578334808350e-01 1.542515277862548828e+00 -3.890565037727355957e-01 -1.004259347915649414e+00 3.307527601718902588e-01 2.080625742673873901e-01 7.493920326232910156e-01 -3.047442436218261719e+00 -2.982071638107299805e-01 9.643744230270385742e-01 -4.472916200757026672e-02 -6.423807144165039062e-01 -5.635708943009376526e-02 -1.955465078353881836e-01 1.697192192077636719e-01 -2.096161603927612305e+00 -1.241775676608085632e-01 -7.787194848060607910e-01 2.884763479232788086e-01 -4.201441705226898193e-01 -1.249356567859649658e-01 4.631688296794891357e-01
1.919017285108566284e-01 -1.700461953878402710e-01 -1.650198549032211304e-01 -6.009456515312194824e-01 1.097477078437805176e+00 1.133306145668029785e+00 1.171756163239479065e-01 -4.918548464775085449e-01 -5.902431607246398926e-01 -7.558765262365341187e-02 3.213824331760406494e-01 1.508573144674301147e-01 2.087408155202865601e-01 3.895826041698455811e-01 -6.691535115242004395e-01 3.176288902759552002e-01 2.539001405239105225e-01 1.677871793508529663e-01 -1.385387182235717773e-01 1.002388358116149902e+00 -1.235400080680847168e+00 1.429203748703002930e-01 3.335202336311340332e-01 -6.343967467546463013e-02 -6.159152388572692871e-01 -4.161805510520935059e-01 1.194095462560653687e-01 2.456964403390884399e-01 5.056269094347953796e-02 3.694814816117286682e-02 -9.458459615707397461e-01 2.830050587654113770e-01 1.619462855160236359e-03 1.393523663282394409e-01 6.514382362365722656e-01 1.027375236153602600e-01 -5.795304104685783386e-02 3.472622334957122803e-01 1.177832856774330139e-02 -3.410097211599349976e-02 4.363768100738525391e-01 6.414552927017211914e-01 1.190254390239715576e-01 -2.917398810386657715e-01 9.317872114479541779e-03 -2.802261710166931152e-01 -5.703347921371459961e-01 -8.290189504623413086e-02 -6.363391876220703125e-02 -6.059029102325439453e-01 2.760875523090362549e-01 3.008582293987274170e-01 5.211586356163024902e-01 1.359607428312301636e-01 2.282456159591674805e-01 2.206760793924331665e-01 -1.231044828891754150e-01 1.736143678426742554e-01 1.183748021721839905e-01 6.088175773620605469e-01 -4.493029415607452393e-02 7.242619246244430542e-02 -5.611941963434219360e-02 1.022855162620544434e+00
3.707427382469177246e-01 -4.773321002721786499e-02 1.694752454757690430e+00 6.060506105422973633e-01 5.487646460533142090e-01 -2.510225214064121246e-02 3.861140906810760498e-01 3.895456194877624512e-01 9.858427047729492188e-01 6.293237209320068359e-01 1.334329694509506226e-01 3.769729733467102051e-01 -9.468767642974853516e-01 -6.025664210319519043e-01 -1.501002721488475800e-02 4.028950929641723633e-01 7.025998830795288086e-01 -8.649341017007827759e-02 -1.185057520866394043e+00 1.452966690063476562e+00 -2.397909164428710938e-01 3.097626268863677979e-01 8.608458042144775391e-01 1.142722725868225098e+00 -3.907518684864044189e-01 2.851447463035583496e-01 1.493664234876632690e-01 3.516564369201660156e-01 2.468837797641754150e-01 -3.343403339385986328e-02 -2.233452978543937206e-04 1.509855985641479492e+00 3.173851668834686279e-01 3.215381205081939697e-01 7.457959055900573730e-01 7.222562562674283981e-03 7.581503987312316895e-01 3.391200304031372070e-01 -6.931805610656738281e-01 5.149068236351013184e-01 -3.487398326396942139e-01 -3.464857116341590881e-02 -5.643171072006225586e-02 5.176737904548645020e-01 3.041819930076599121e-01 4.198854863643646240e-01 -7.612955570220947266e-01 5.376849770545959473e-01 3.037504553794860840e-01 -4.335659146308898926e-01 -3.669326305389404297e-01 -9.923887252807617188e-02 8.690555691719055176e-01 1.320328712463378906e-01 1.846885234117507935e-01 -5.141071677207946777e-01 9.839652180671691895e-01 -9.468892216682434082e-01 1.570641875267028809e+00 -3.006486177444458008e+00 1.923659592866897583e-01 9.266813285648822784e-03 -4.378128349781036377e-01 7.521982789039611816e-01
2.229747325181961060e-01 2.375719398260116577e-01 3.063363134860992432e-01 1.025220900774002075e-01 2.536467611789703369e-01 2.375037968158721924e-01 -2.749731242656707764e-01 1.288270056247711182e-01 2.237078100442886353e-01 3.580492734909057617e-01 1.172747015953063965e-01 3.205491006374359131e-01 5.059549808502197266e-01 -1.072216406464576721e-01 -5.038846284151077271e-02 -8.503037095069885254e-01 -2.731680572032928467e-01 -5.804690346121788025e-02 5.879160761833190918e-01 -4.863193333148956299e-01 3.544706702232360840e-01 -6.408388912677764893e-02 1.036832854151725769e-01 -6.470642238855361938e-02 5.534129142761230469e-01 -9.832629561424255371e-02 1.351411044597625732e-01 -5.048485398292541504e-01 7.904335856437683105e-02 -7.087980955839157104e-02 3.222806751728057861e-01 9.232074767351150513e-02 -6.173208355903625488e-01 -6.215596199035644531e-01 1.157449632883071899e-01 -1.904491707682609558e-02 -1.130177378654479980e-01 -3.244694769382476807e-01 1.897105127573013306e-01 6.226642802357673645e-02 2.118074893951416016e-01 5.603770911693572998e-02 -1.079413946717977524e-02 -4.992022514343261719e-01 2.472917586565017700e-01 -1.439676713198423386e-02 2.746533155441284180e-01 -1.268391609191894531e-01 -5.599188059568405151e-02 2.085862457752227783e-01 1.641711145639419556e-01 -3.315869867801666260e-01 -6.044093146920204163e-02 2.334861308336257935e-01 4.026959836483001709e-01 3.421368300914764404e-01 2.458574175834655762e-01 6.738258004188537598e-01 2.363760918378829956e-01 -1.406584233045578003e-01 -3.304792344570159912e-01 6.721720099449157715e-02 4.666619002819061279e-01 -8.465586304664611816e-01
3.140971660614013672e-01 -1.253816723823547363e+00 -1.227752417325973511e-01 -1.529117107391357422e+00 1.048302888870239258e+00 3.594131469726562500e-01 5.287760868668556213e-02 -4.373091459274291992e-01 -2.379049807786941528e-01 -2.100943088531494141e+00 -4.934039115905761719e-01 -4.394967257976531982e-01 3.376680016517639160e-01 -2.411925643682479858e-01 -1.916643977165222168e-01 -6.255004405975341797e-01 -4.200856387615203857e-01 -1.522690951824188232e-01 -1.449632048606872559e-01 -6.508112419396638870e-03 -4.833841919898986816e-01 7.370898872613906860e-02 6.577315330505371094e-01 3.559391498565673828e-01 -1.688674330711364746e+00 -4.215547740459442139e-01 -6.239772588014602661e-02 4.504920244216918945e-01 5.129666328430175781e-01 -3.954711854457855225e-01 -5.617090463638305664e-01 -4.508509635925292969e-01 -1.901260375976562500e+00 -3.954747319221496582e-02 -6.177718639373779297e-01 -2.784774638712406158e-02 -1.081723332405090332e+00 6.188075542449951172e-01 -5.433558225631713867e-01 -4.452106654644012451e-01 -5.140213370323181152e-01 2.417511790990829468e-01 4.053287804126739502e-01 -1.314853429794311523e-01 -8.048415184020996094e-02 4.144895374774932861e-01 -2.942792654037475586e+00 4.272466525435447693e-02 4.124608039855957031e-01 -1.862013578414916992e+00 -2.554987743496894836e-02 -8.591250777244567871e-01 -2.891387790441513062e-02 -8.217968791723251343e-02 -4.364574253559112549e-01 3.423998951911926270e-01 2.639749944210052490e-01 -2.885926961898803711e-01 -8.646296262741088867e-01 -2.554522454738616943e-01 3.624035716056823730e-01 -1.500631570816040039e-01 1.956829577684402466e-01 8.754746317863464355e-01
4.720816612243652344e-01 4.766652882099151611e-01 -5.554164648056030273e-01 -1.715108752250671387e+00 6.200622320175170898e-01 -4.369225800037384033e-01 1.508746147155761719e-01 -5.886529684066772461e-01 1.764126181602478027e+00 -6.235636472702026367e-01 2.324606180191040039e-01 3.040310740470886230e-01 6.406912803649902344e-01 -1.313000768423080444e-01 2.528325021266937256e-01 4.207288324832916260e-01 1.846623271703720093e-01 3.733204007148742676e-01 -6.587226986885070801e-01 1.137296319007873535e+00 -1.197011470794677734e+00 -1.439725011587142944e-01 4.312012791633605957e-01 1.662602424621582031e+00 -2.692532241344451904e-01 -5.271041393280029297e-01 8.812653273344039917e-02 -5.791761279106140137e-01 -1.651425719261169434e+00 2.506847120821475983e-02 -1.202643871307373047e+00 -6.693192124366760254e-01 4.078038334846496582e-01 1.251178532838821411e-01 6.817522048950195312e-01 1.431807726621627808e-01 1.642278671264648438e+00 1.764877289533615112e-01 1.458530277013778687e-01 6.239976882934570312e-01 2.772445976734161377e-01 2.489327937364578247e-01 5.042155981063842773e-01 5.919534564018249512e-01 3.560518920421600342e-01 4.495223760604858398e-01 -2.010698318481445312e+00 1.799438148736953735e-01 -2.133913516998291016e+00 -2.921065390110015869e-01 3.987215161323547363e-01 7.967451214790344238e-01 -5.835899114608764648e-01 4.594387412071228027e-01 2.010016292333602905e-01 -2.404932826757431030e-01 4.436729252338409424e-01 6.524828076362609863e-01 -5.908819437026977539e-01 1.399905323982238770e+00 2.687563188374042511e-02 2.469880729913711548e-01 2.197238802909851074e-01 1.045824885368347168e+00
4.131162911653518677e-02 2.604757845401763916e-01 1.206249147653579712e-01 -4.117460548877716064e-02 3.658342957496643066e-01 2.502853274345397949e-01 -3.458393216133117676e-01 -2.984180673956871033e-02 2.069239914417266846e-01 1.929119676351547241e-01 1.159285008907318115e-01 1.851522326469421387e-01 3.843403160572052002e-01 -2.572547197341918945e-01 -1.535515338182449341e-01 -7.713044881820678711e-01 -2.525322437286376953e-01 -4.156244918704032898e-02 5.076560378074645996e-01 -4.733557403087615967e-01 1.963353604078292847e-01 -3.369950130581855774e-02 7.420237362384796143e-02 -1.831232383847236633e-02 6.132839918136596680e-01 -4.600110277533531189e-02 1.214389279484748840e-01 -5.370246767997741699e-01 1.717910543084144592e-02 2.084912210702896118e-01 2.075438499450683594e-01 -6.421048194169998169e-02 -6.479724645614624023e-01 -5.838824510574340820e-01 -6.679906696081161499e-02 2.548980712890625000e-01 -2.123774215579032898e-02 -5.097480416297912598e-01 2.414796203374862671e-01 1.697662174701690674e-01 2.754544019699096680e-01 1.135243102908134460e-01 1.877393126487731934e-01 -5.069106817245483398e-01 3.133158087730407715e-01 -8.474239706993103027e-02 1.682323515415191650e-01 1.827983185648918152e-02 -2.243482321500778198e-02 3.382145762443542480e-01 2.261549085378646851e-01 -5.282459855079650879e-01 -1.230876222252845764e-01 1.677064746618270874e-01 2.330013215541839600e-01 2.436033189296722412e-01 1.661393791437149048e-02 5.138901472091674805e-01 2.103817760944366455e-01 -1.593308150768280029e-01 -1.409607380628585815e-01 1.412445120513439178e-02 2.125328034162521362e-01 -4.394698143005371094e-01
1.677675843238830566e-01 2.896414399147033691e-01 3.175734579563140869e-01 1.933591067790985107e-01 2.743313610553741455e-01 3.797781467437744141e-01 -3.169659376144409180e-01 3.335795402526855469e-01 2.137054502964019775e-01 3.539894521236419678e-01 1.095415372401475906e-02 2.940785288810729980e-01 4.710953831672668457e-01 -1.895211637020111084e-01 7.934178225696086884e-03 -6.837077736854553223e-01 -4.736889898777008057e-02 2.069515548646450043e-02 5.758900046348571777e-01 -4.309376180171966553e-01 5.057780146598815918e-01 1.827832013368606567e-01 1.326359957456588745e-01 -2.410676097497344017e-03 5.695613026618957520e-01 -8.667992055416107178e-02 -1.081228721886873245e-02 -4.762338697910308838e-01 4.951835796236991882e-02 -8.995546400547027588e-02 3.031432032585144043e-01 -2.023289911448955536e-02 -7.144348025321960449e-01 -4.421120584011077881e-01 2.413563430309295654e-02 -1.511108428239822388e-01 6.502284854650497437e-02 -4.036107063293457031e-01 2.382734566926956177e-01 1.832886189222335815e-01 4.227994680404663086e-01 3.304753005504608154e-01 -8.621043711900711060e-02 -3.773347139358520508e-01 5.238013863563537598e-01 1.730639487504959106e-01 4.728156924247741699e-01 2.089349180459976196e-01 -4.595097899436950684e-02 4.869027137756347656e-01 8.606238663196563721e-02 -2.258552312850952148e-01 6.911250948905944824e-02 2.894301116466522217e-01 3.226920068264007568e-01 5.960284471511840820e-01 2.936623394489288330e-01 8.741115331649780273e-01 4.151526093482971191e-01 -8.233771473169326782e-02 -1.040030643343925476e-01 -4.673948511481285095e-02 5.306722521781921387e-01 -7.662428021430969238e-01
5.827658809721469879e-03 2.252150774002075195e-01 2.543454468250274658e-01 2.511921226978302002e-01 3.560845851898193359e-01 3.933050036430358887e-01 -2.429643273353576660e-01 1.100917458534240723e-01 1.893222182989120483e-01 4.345707595348358154e-01 6.310568004846572876e-02 4.109745919704437256e-01 4.018163979053497314e-01 -1.916643232107162476e-01 4.796812310814857483e-02 -5.856117010116577148e-01 -2.095636874437332153e-01 -1.343292593955993652e-01 6.187632679939270020e-01 -5.424192547798156738e-01 4.602712690830230713e-01 1.919665783643722534e-01 1.365073174238204956e-01 -1.572610065340995789e-02 4.926393330097198486e-01 -1.525205969810485840e-01 -8.121716231107711792e-02 -4.979822933673858643e-01 9.053786098957061768e-02 -4.641875997185707092e-02 4.132381379604339600e-01 2.076724469661712646e-01 -6.158124804496765137e-01 -5.490970015525817871e-01 8.314676582813262939e-02 -7.975135743618011475e-02 -1.339369267225265503e-01 -3.848084509372711182e-01 1.680313944816589355e-01 1.924328804016113281e-01 3.630865514278411865e-01 2.968424856662750244e-01 -3.315037116408348083e-02 -3.219097852706909180e-01 4.573692083358764648e-01 2.268904633820056915e-02 3.283883333206176758e-01 6.412673741579055786e-02 3.780059143900871277e-02 4.806010425090789795e-01 9.856765717267990112e-02 -1.796059161424636841e-01 -3.518048673868179321e-02 3.437764346599578857e-01 5.009802579879760742e-01 5.519004464149475098e-01 3.042151927947998047e-01 7.689508795738220215e-01 3.311342000961303711e-01 1.275671739131212234e-02 -2.666686773300170898e-01 1.387635171413421631e-01 5.568249821662902832e-01 -9.239607453346252441e-01
-1.116769388318061829e-01 1.159273609519004822e-01 -2.183715820312500000e+00 -7.558178901672363281e-01 -2.050349116325378418e-01 -6.978432834148406982e-02 2.635380923748016357e-01 1.205232217907905579e-01 1.613869518041610718e-01 -1.993679255247116089e-01 3.007931411266326904e-01 1.007576566189527512e-02 8.330836892127990723e-01 5.465846657752990723e-01 -8.963607549667358398e-01 4.234502315521240234e-01 -4.049408808350563049e-02 1.880213469266891479e-01 5.905911922454833984e-01 7.688473910093307495e-02 -1.047174334526062012e+00 -4.281651079654693604e-01 -1.730195879936218262e-01 -2.688328325748443604e-01 -1.279215931892395020e+00 -4.434310495853424072e-01 -8.433371037244796753e-02 -5.405124425888061523e-01 7.857149839401245117e-01 4.988699778914451599e-02 -6.029636859893798828e-01 -6.257904529571533203e+00 3.192036449909210205e-01 3.465054631233215332e-01 9.591572731733322144e-02 1.390586327761411667e-02 2.030408084392547607e-01 4.666017889976501465e-01 4.974910914897918701e-01 4.451254308223724365e-01 6.771032810211181641e-01 3.315986692905426025e-01 -5.132389441132545471e-02 -2.372420430183410645e-01 -2.832750231027603149e-02 8.802403807640075684e-01 1.611612290143966675e-01 1.040532216429710388e-01 -8.413159251213073730e-01 -3.125167191028594971e-01 3.672884702682495117e-01 5.787504315376281738e-01 -7.614339590072631836e-01 4.503097832202911377e-01 1.225678473711013794e-01 3.273010849952697754e-01 2.609411478042602539e-01 2.195322662591934204e-01 -2.960283160209655762e-01 4.776406586170196533e-01 -5.656217411160469055e-02 2.554304338991641998e-02 4.719702601432800293e-01 7.355800271034240723e-01
1.496732532978057861e-01 2.057575285434722900e-01 4.085508882999420166e-01 2.429983168840408325e-01 5.429124236106872559e-01 4.353381395339965820e-01 -2.371322065591812134e-01 1.893270909786224365e-01 2.247595340013504028e-01 3.173094987869262695e-01 -1.096911281347274780e-01 4.865208566188812256e-01 6.054707169532775879e-01 -6.691797822713851929e-02 1.007245853543281555e-01 -6.491771340370178223e-01 -1.203312426805496216e-01 -6.347353756427764893e-02 6.257581710815429688e-01 -5.659161210060119629e-01 3.189941048622131348e-01 2.899467647075653076e-01 1.724393814802169800e-01 -9.324993938207626343e-02 6.532863378524780273e-01 -1.353857815265655518e-01 -4.550836980342864990e-02 -4.077911376953125000e-01 9.407662600278854370e-02 -1.089488342404365540e-01 3.131681382656097412e-01 -6.089703645557165146e-03 -6.631395816802978516e-01 -3.799433112144470215e-01 1.860194839537143707e-03 5.449192970991134644e-02 -1.265504211187362671e-01 -3.194842934608459473e-01 1.775506138801574707e-01 2.506212890148162842e-01 3.937737941741943359e-01 3.804435133934020996e-01 -1.342983543872833252e-01 -2.926391959190368652e-01 4.086280763149261475e-01 9.026460349559783936e-02 4.375810623168945312e-01 1.105961278080940247e-01 1.698823869228363037e-01 3.196622729301452637e-01 1.005702018737792969e-01 -1.557505428791046143e-01 -9.371738880872726440e-02 2.478240132331848145e-01 4.906057119369506836e-01 6.506121158599853516e-01 3.166723549365997314e-01 7.774534821510314941e-01 3.658465445041656494e-01 6.676583737134933472e-02 -1.559242308139801025e-01 5.939067807048559189e-03 5.602805018424987793e-01 -8.510181903839111328e-01
3.150917962193489075e-02 3.795574307441711426e-01 3.258743286132812500e-01 2.561511397361755371e-01 5.287162065505981445e-01 3.419762253761291504e-01 -8.133618533611297607e-02 1.858484148979187012e-01 4.544220864772796631e-01 3.382927775382995605e-01 6.679739803075790405e-02 4.095402061939239502e-01 6.076909303665161133e-01 -1.953561604022979736e-01 1.168299168348312378e-01 -6.869092583656311035e-01 -8.259413391351699829e-02 -1.521257609128952026e-01 6.916093230247497559e-01 -6.029598712921142578e-01 3.864805698394775391e-01 1.737571507692337036e-01 2.550889253616333008e-01 -2.642002701759338379e-02 4.713959991931915283e-01 -2.376480549573898315e-01 1.003175154328346252e-01 -5.017532706260681152e-01 1.535701751708984375e-02 5.583635717630386353e-02 4.211790263652801514e-01 1.761421188712120056e-02 -5.492945909500122070e-01 -4.729335308074951172e-01 -1.409320440143346786e-02 -3.821912035346031189e-02 -1.037607155740261078e-02 -2.919807732105255127e-01 1.368838697671890259e-01 2.481689900159835815e-01 4.995089471340179443e-01 2.119558304548263550e-01 -1.857584863901138306e-01 -2.800104916095733643e-01 6.116709709167480469e-01 1.266035586595535278e-01 3.533949851989746094e-01 1.859371215105056763e-01 7.243677508085966110e-03 5.306862592697143555e-01 2.731270194053649902e-01 -3.432669937610626221e-01 1.590024977922439575e-01 2.370806038379669189e-01 3.671771585941314697e-01 6.039624810218811035e-01 3.034535646438598633e-01 7.752068042755126953e-01 2.502673864364624023e-01 -8.107528835535049438e-02 -1.411934494972229004e-01 9.811135008931159973e-03 7.367618083953857422e-01 -7.465586066246032715e-01
-4.661309719085693359e-02 -5.570902824401855469e-01 1.819925755262374878e-01 -5.651707649230957031e-01 1.269734025001525879e+00 1.360845327377319336e+00 1.609628051519393921e-01 -4.596767723560333252e-01 -8.149945139884948730e-01 4.747418463230133057e-01 -2.156645953655242920e-01 -9.024922549724578857e-02 1.510637104511260986e-01 7.574091553688049316e-01 -3.707199394702911377e-01 5.017632842063903809e-01 1.153364107012748718e-01 -6.420187652111053467e-02 2.389422617852687836e-02 9.354724884033203125e-01 -5.422810554504394531e+00 4.898056387901306152e-02 8.394725322723388672e-01 -1.508280873298645020e+00 -6.574543714523315430e-01 -3.211385756731033325e-02 6.608033180236816406e-02 6.346873193979263306e-02 2.253997474908828735e-01 -8.071931451559066772e-02 -1.139780402183532715e+00 1.996377259492874146e-01 3.159838616847991943e-01 -1.277471799403429031e-02 7.157370448112487793e-01 -1.305268257856369019e-01 -2.147611826658248901e-01 3.804735839366912842e-01 -7.024301588535308838e-02 -3.402745425701141357e-01 1.709847152233123779e-01 6.443377733230590820e-01 5.085229501128196716e-02 -4.548759758472442627e-01 2.810435555875301361e-02 1.051770746707916260e-01 -1.793755650520324707e+00 -1.869997233152389526e-01 -4.449616745114326477e-02 -4.328086376190185547e-01 -8.680767379701137543e-03 -8.279363065958023071e-02 5.886252522468566895e-01 -2.943783402442932129e-01 7.856699079275131226e-02 3.935862183570861816e-01 9.358552843332290649e-02 -5.098567903041839600e-02 1.953100711107254028e-01 -6.209742277860641479e-02 6.283695995807647705e-02 8.468006551265716553e-02 9.639796614646911621e-02 -1.505057096481323242e+00
-2.689114212989807129e-01 -9.669629335403442383e-01 -3.667206764221191406e+00 -3.813186585903167725e-01 -1.495603680610656738e+00 -4.150432348251342773e-02 -1.121384143829345703e+00 1.294648088514804840e-02 -4.482961595058441162e-01 -1.583337634801864624e-01 1.062126010656356812e-01 -2.246093153953552246e-01 8.464474976062774658e-02 -1.125170469284057617e+00 7.700864672660827637e-01 -3.450016379356384277e-01 -2.290583103895187378e-01 -5.821359157562255859e-01 -3.644631803035736084e-01 2.115616351366043091e-01 -3.460111618041992188e-01 -2.314335852861404419e-01 -2.207139492034912109e+00 5.431662797927856445e-01 1.503480672836303711e+00 -4.531206190586090088e-01 3.968215733766555786e-02 4.362939596176147461e-01 2.327232360839843750e+00 -4.923694953322410583e-02 7.538824528455734253e-02 1.849975824356079102e+00 -6.012419611215591431e-02 -4.077053368091583252e-01 -2.268689498305320740e-02 4.360037297010421753e-02 -6.032722592353820801e-01 2.391743421554565430e+00 -3.815326094627380371e-02 -2.665800750255584717e-01 2.378212362527847290e-01 4.610308632254600525e-02 1.518652192316949368e-03 3.706392347812652588e-01 3.957507908344268799e-01 -1.764634400606155396e-01 -2.531562447547912598e-01 -9.492956101894378662e-02 6.560331583023071289e-01 1.683686614036560059e+00 2.583527565002441406e-01 3.833133578300476074e-01 -3.282367229461669922e+00 -3.569532036781311035e-01 -5.896492600440979004e-01 4.062333106994628906e-01 -2.009926080703735352e+00 3.365591466426849365e-01 6.096833348274230957e-01 3.202138245105743408e-01 -4.443638026714324951e-01 5.202381312847137451e-02 1.646618396043777466e-01 -5.497820973396301270e-01
-2.218227833509445190e-02 2.519312202930450439e-01 3.729825615882873535e-01 2.242994755506515503e-01 4.999597370624542236e-01 4.164273440837860107e-01 -2.615758180618286133e-01 9.980005025863647461e-02 3.006301820278167725e-01 2.777313888072967529e-01 -7.747326046228408813e-02 2.526000738143920898e-01 4.456838667392730713e-01 -2.349580675363540649e-01 1.177177876234054565e-01 -7.758532762527465820e-01 -2.254766523838043213e-01 -1.032980829477310181e-01 5.635265707969665527e-01 -3.617343008518218994e-01 3.243568837642669678e-01 9.324747323989868164e-02 7.376999408006668091e-02 4.822570085525512695e-02 6.060526967048645020e-01 -1.333774626255035400e-01 8.249213546514511108e-02 -5.080059170722961426e-01 3.365441784262657166e-02 1.269282251596450806e-01 3.839291930198669434e-01 4.949295148253440857e-02 -6.548515558242797852e-01 -4.464189112186431885e-01 1.785317622125148773e-02 3.874760866165161133e-02 -1.285022944211959839e-01 -3.758638501167297363e-01 2.189993560314178467e-01 1.167206466197967529e-01 4.096110463142395020e-01 1.744663119316101074e-01 -7.488828897476196289e-02 -3.664123415946960449e-01 2.602882683277130127e-01 1.414042711257934570e-01 3.733767867088317871e-01 1.474372148513793945e-01 -2.037972584366798401e-02 4.023748636245727539e-01 1.633656769990921021e-01 -3.949227333068847656e-01 -1.021085083484649658e-01 3.381752967834472656e-01 4.469227194786071777e-01 5.048370957374572754e-01 2.937502264976501465e-01 7.621567249298095703e-01 4.268825948238372803e-01 -1.252692788839340210e-01 -2.722159028053283691e-01 1.360333152115345001e-02 4.901066124439239502e-01 -7.708262205123901367e-01
2.265332192182540894e-01 1.050648212432861328e+00 -2.629056215286254883e+00 -3.175641596317291260e-01 -1.342399604618549347e-02 7.507057487964630127e-02 -3.442209362983703613e-01 -2.525368928909301758e-01 -7.923427224159240723e-01 -3.636203706264495850e-01 -6.615550722926855087e-03 -4.221867918968200684e-01 -1.549458801746368408e-01 -8.932982683181762695e-01 8.411258459091186523e-01 -5.143323913216590881e-02 1.346037983894348145e-01 -3.608562946319580078e-01 -4.525627791881561279e-01 2.090906351804733276e-01 3.643378913402557373e-01 2.319988161325454712e-01 -1.034606471657752991e-01 -2.817019820213317871e-01 -1.257160753011703491e-01 -1.114075779914855957e+00 -1.796962134540081024e-02 -3.598428010940551758e+00 1.735927462577819824e+00 -1.170870661735534668e-01 -6.602075695991516113e-02 1.110635042190551758e+00 1.930302008986473083e-02 -6.487597227096557617e-01 -5.127419903874397278e-02 -1.020532101392745972e-02 -9.521483182907104492e-01 1.365573883056640625e+00 -2.813523709774017334e-01 -6.958711147308349609e-02 4.817479848861694336e-01 1.325366944074630737e-01 -3.808150589466094971e-01 2.716842889785766602e-01 5.009391307830810547e-01 3.088806867599487305e-01 -2.143824398517608643e-01 -8.429917097091674805e-01 -1.303524613380432129e+00 1.278446674346923828e+00 -1.867892444133758545e-01 2.050995379686355591e-01 -1.784676313400268555e+00 -4.027599096298217773e-01 -1.122840285301208496e+00 2.571280896663665771e-01 -1.776245385408401489e-01 6.821991503238677979e-02 7.141559123992919922e-01 3.460964262485504150e-01 5.907998681068420410e-01 1.304345112293958664e-02 2.564283907413482666e-01 -4.657442271709442139e-01
