5.845749974250793457e-01
1.046310186386108398e+00
8.053403496742248535e-01
-1.054209098219871521e-01
1.915951222181320190e-01
-1.976623088121414185e-01
-1.376522541046142578e+00
5.531426072120666504e-01
-1.172803282737731934e+00
7.097000479698181152e-01
-7.217589616775512695e-01
7.319110631942749023e-01
1.097715087234973907e-02
5.486539006233215332e-01
2.204623073339462280e-01
1.343273669481277466e-01
2.855518162250518799e-01
8.715971708297729492e-01
6.308419108390808105e-01
-1.060418114066123962e-01
-8.845208883285522461e-01
2.977121062576770782e-02
-5.542548298835754395e-01
8.491312265396118164e-01
-1.294692516326904297e+00
-1.603688895702362061e-01
7.746032476425170898e-01
1.333424448966979980e+00
2.176325470209121704e-01
-5.112812519073486328e-01
-1.310387998819351196e-01
-1.073746919631958008e+00
-5.906718783080577850e-03
9.410759210586547852e-01
8.818656206130981445e-01
4.629284739494323730e-01
1.830359548330307007e-01
-1.682272106409072876e-01
-7.408331036567687988e-01
-2.089960277080535889e-01
-2.863651514053344727e-01
-4.497844353318214417e-02
4.129589200019836426e-01
-1.766720265150070190e-01
6.095022559165954590e-01
4.689165353775024414e-01
8.387401103973388672e-01
4.322318434715270996e-01
-5.620909333229064941e-01
-4.246664047241210938e-01
-7.113170027732849121e-01
-1.856367588043212891e-01
1.255468964576721191e+00
-3.647560477256774902e-01
9.845292568206787109e-01
3.319420516490936279e-01
6.831040140241384506e-03
6.645950078964233398e-01
-2.646735608577728271e-01
-1.218553066253662109e+00
9.840655922889709473e-01
7.601405978202819824e-01
9.538982808589935303e-02
-2.618780434131622314e-01
