-5.860674977302551270e-01 5.534456297755241394e-02 -7.687069773674011230e-01 -4.931654334068298340e-01 -2.713584601879119873e-01 6.904171705245971680e-01 -2.836428284645080566e-01 6.110607646405696869e-04
-6.628050804138183594e-01 -4.721112549304962158e-01 7.184759378433227539e-01 -3.012272715568542480e-01 7.314197421073913574e-01 1.665238738059997559e-01 -7.888717204332351685e-02 2.340118885040283203e-01
1.003420710563659668e+00 4.168922305107116699e-01 3.943648934364318848e-01 3.504740893840789795e-01 -4.188717603683471680e-01 2.110937386751174927e-01 -9.469801187515258789e-02 7.611527107656002045e-03
4.521717131137847900e-02 -1.595946587622165680e-02 2.182900011539459229e-01 6.566276401281356812e-02 -1.958751082420349121e-01 1.398919965140521526e-03 -4.022894799709320068e-02 4.917565966024994850e-04
-5.920178294181823730e-01 3.152553141117095947e-01 2.115168273448944092e-01 4.190992116928100586e-01 -1.350564211606979370e-01 1.773891299962997437e-01 -4.717857763171195984e-02 2.326919138431549072e-01
-1.342966854572296143e-01 -9.500736743211746216e-02 2.996842861175537109e-01 1.058576405048370361e-01 -3.489120900630950928e-01 1.273482292890548706e-02 1.559633295983076096e-02 -3.582152538001537323e-03
4.903131127357482910e-01 -2.110940963029861450e-01 8.633255362510681152e-01 1.161180883646011353e-01 1.041275620460510254e+00 -5.644066929817199707e-01 1.553411409258842468e-02 -2.627571858465671539e-02
-7.055901288986206055e-01 2.024359256029129028e-01 -6.072394251823425293e-01 -1.833755522966384888e-02 -4.657125473022460938e-01 6.271823644638061523e-01 -1.817530393600463867e-01 4.275881499052047729e-02
1.028667926788330078e+00 3.834887742996215820e-01 1.266806602478027344e+00 5.327414274215698242e-01 6.434867978096008301e-01 -1.625880599021911621e-02 -3.835560753941535950e-02 -3.019907744601368904e-03
4.480031132698059082e-01 -3.342766463756561279e-01 -1.828802078962326050e-01 -5.172127112746238708e-02 -1.222582459449768066e-01 7.130646109580993652e-01 -1.575160399079322815e-02 1.608725041151046753e-01
9.152134060859680176e-01 1.238747164607048035e-01 7.912749052047729492e-02 -1.242629438638687134e-01 -3.535800427198410034e-02 6.685907840728759766e-01 1.305801719427108765e-01 5.052802562713623047e-01
-4.957354366779327393e-01 -7.718147337436676025e-02 -2.575830519199371338e-01 6.508106738328933716e-02 -6.470624357461929321e-02 -1.950619816780090332e-01 1.699578762054443359e-01 -1.060745446011424065e-03
6.357561349868774414e-01 -1.164405047893524170e-01 -2.472645521163940430e+00 2.467626184225082397e-01 -1.372634321451187134e-01 -6.306291222572326660e-01 -8.529297709465026855e-01 -2.122184261679649353e-03
2.871864140033721924e-01 9.786467999219894409e-02 -2.540691569447517395e-02 -3.454605937004089355e-01 3.956802785396575928e-01 9.272669553756713867e-01 2.627541720867156982e-01 -4.798115491867065430e-01
1.026110798120498657e-01 1.600777208805084229e-01 -3.216633796691894531e-01 -2.277986407279968262e-01 5.616909358650445938e-03 6.891916990280151367e-01 -6.673879921436309814e-02 3.663030564785003662e-01
4.583771228790283203e-01 -2.393507212400436401e-01 6.007602438330650330e-02 -5.914352536201477051e-01 2.614358663558959961e-01 2.115629166364669800e-01 -1.444623991847038269e-02 -2.070597186684608459e-02
1.007176637649536133e+00 4.159850254654884338e-02 -1.801346659660339355e+00 5.043988823890686035e-01 -3.717209994792938232e-01 -6.276188790798187256e-02 8.841904252767562866e-02 -8.534618653357028961e-03
-4.414869248867034912e-01 -1.438412964344024658e-01 -3.850277960300445557e-01 4.492702484130859375e-01 -2.376842200756072998e-01 2.017130404710769653e-01 -4.872771799564361572e-01 -3.161825239658355713e-01
3.692146539688110352e-01 -4.038370549678802490e-01 1.209636852145195007e-01 -4.001601040363311768e-01 2.870236337184906006e-01 5.840161442756652832e-01 1.003197431564331055e+00 1.755322678945958614e-03
1.990989446640014648e+00 -2.712623775005340576e-01 2.325200885534286499e-01 -1.087399125099182129e-01 -4.642552509903907776e-02 -5.393596887588500977e-01 -1.743873655796051025e-01 -1.432342529296875000e-01
-5.605782270431518555e-01 1.116682365536689758e-01 -2.341243505477905273e+00 2.002663910388946533e-01 -1.806848883628845215e+00 1.092256829142570496e-01 -1.663144826889038086e-01 5.881343781948089600e-02
-3.674767017364501953e-01 -1.063017025589942932e-01 -8.257256150245666504e-01 -4.878464341163635254e-02 -1.032873153686523438e+00 2.369896024465560913e-01 -3.520106673240661621e-01 -2.208528071641921997e-01
-5.628827214241027832e-01 1.121757179498672485e-01 2.304771989583969116e-01 -1.735450178384780884e-01 -9.037872403860092163e-02 -1.686646789312362671e-01 2.088515013456344604e-01 -7.786120772361755371e-01
-3.150333166122436523e-01 -2.169653475284576416e-01 -1.397151499986648560e-01 -1.208495795726776123e-01 -4.266534149646759033e-01 8.250269293785095215e-02 2.223275005817413330e-01 7.824652642011642456e-02
-2.340972274541854858e-01 5.361773967742919922e-01 5.352215766906738281e-01 3.528814911842346191e-01 2.760514318943023682e-01 1.628650873899459839e-01 1.877460032701492310e-01 -1.077781617641448975e-01
1.415976405143737793e+00 4.242624044418334961e-01 3.976415991783142090e-01 7.590901255607604980e-01 5.868998169898986816e-01 5.387071371078491211e-01 3.780367672443389893e-01 9.119235910475254059e-03
-3.658495247364044189e-01 6.346304435282945633e-03 -9.811194986104965210e-02 3.513769209384918213e-01 -1.017853319644927979e-01 2.972220182418823242e-01 2.558524608612060547e-01 1.117757335305213928e-01
-1.352171748876571655e-01 -1.404917091131210327e-01 -2.734387218952178955e-01 -1.944722980260848999e-01 2.520964443683624268e-01 -1.233394891023635864e-01 4.418636262416839600e-01 1.506850272417068481e-01
-1.260496377944946289e+00 9.863504208624362946e-03 -2.213793754577636719e+00 4.232952594757080078e-01 3.803881406784057617e-01 -7.024987041950225830e-02 -2.316017150878906250e-01 2.404275350272655487e-02
-1.573837637901306152e+00 5.962570756673812866e-02 -6.374398469924926758e-01 6.972714662551879883e-01 -1.085853427648544312e-01 1.285471953451633453e-02 4.592040479183197021e-01 3.774992655962705612e-03
-7.189921289682388306e-02 7.630451023578643799e-02 -5.187043920159339905e-02 -5.791671574115753174e-02 -3.106940537691116333e-02 1.264393515884876251e-02 2.945826202630996704e-02 2.352427924051880836e-03
-6.851996183395385742e-01 5.614360570907592773e-01 7.272949814796447754e-01 2.387324720621109009e-01 1.643423885107040405e-01 -2.427311241626739502e-02 3.568757474422454834e-01 -6.476484984159469604e-02
6.973546147346496582e-01 -2.305722087621688843e-01 -1.101679682731628418e+00 -1.924261152744293213e-01 -2.035489082336425781e+00 4.954428672790527344e-01 -4.491801857948303223e-01 9.877748787403106689e-02
9.473913908004760742e-02 -6.471299529075622559e-01 -6.759378314018249512e-01 -2.760383188724517822e-01 1.087204739451408386e-01 1.493345022201538086e+00 8.793851137161254883e-01 2.089470326900482178e-01
-2.600382566452026367e-01 1.673735231161117554e-01 2.940328121185302734e-01 1.142622083425521851e-01 1.641986817121505737e-01 2.049633711576461792e-01 2.977546453475952148e-01 -4.604158401489257812e-01
7.641898989677429199e-01 1.517062187194824219e-01 4.917695187032222748e-03 -3.200402557849884033e-01 1.153754144906997681e-01 4.532177001237869263e-02 -3.870947659015655518e-01 -7.756340503692626953e-02
4.882871210575103760e-01 -1.900411844253540039e-01 5.447688102722167969e-01 -5.554045438766479492e-01 5.788722038269042969e-01 3.924532979726791382e-02 8.535933494567871094e-01 -9.665364772081375122e-02
8.056710958480834961e-01 -8.270787000656127930e-01 5.691764354705810547e-01 -7.890416979789733887e-01 1.640277057886123657e-01 5.827826261520385742e-01 3.741282522678375244e-01 -1.570777036249637604e-02
-7.500147223472595215e-01 1.845778673887252808e-01 5.417211651802062988e-01 3.164900839328765869e-01 1.086988076567649841e-01 -1.423884183168411255e-02 3.541394174098968506e-01 -1.011869218200445175e-02
2.042448759078979492e+00 8.224919438362121582e-01 -1.049829602241516113e+00 2.778376936912536621e-01 2.694857716560363770e-01 4.094054996967315674e-01 -9.588341712951660156e-01 9.419046342372894287e-03
3.426399230957031250e-01 4.373543560504913330e-01 -8.811564743518829346e-02 -1.586390100419521332e-02 3.187083899974822998e-01 2.858664691448211670e-01 -4.192393720149993896e-01 -8.204770684242248535e-01
-4.457549750804901123e-01 4.310754239559173584e-01 -8.798668384552001953e-01 -2.028368711471557617e-01 3.683561086654663086e-01 1.428056806325912476e-01 1.006347835063934326e-01 -3.592229448258876801e-03
2.272957414388656616e-01 -8.691498637199401855e-02 -4.322479665279388428e-01 -2.977353520691394806e-02 4.398919641971588135e-02 1.455565094947814941e-01 -1.021586582064628601e-01 -1.424572523683309555e-02
2.141395568847656250e+00 4.858291149139404297e-01 -3.483037948608398438e-01 -3.379996493458747864e-02 -2.021708041429519653e-01 2.518097162246704102e-01 -2.432444244623184204e-01 -7.915559224784374237e-03
1.058395624160766602e+00 -3.691414892673492432e-01 3.757272064685821533e-01 6.262608617544174194e-02 -3.793050721287727356e-02 -6.060402095317840576e-02 -4.238642454147338867e-01 -1.668126136064529419e-01
-5.115666985511779785e-01 9.129411727190017700e-02 -4.802042543888092041e-01 -2.646127045154571533e-01 3.595461137592792511e-03 1.414721366018056870e-02 -1.599095463752746582e-01 1.066694632172584534e-01
-1.820839941501617432e-01 -9.997458755970001221e-02 2.144133746623992920e-01 1.258696913719177246e-01 -4.234203100204467773e-01 -1.036937236785888672e-01 3.464759141206741333e-02 3.554346039891242981e-02
-9.981281757354736328e-01 1.111182793974876404e-01 4.011848866939544678e-01 -1.000493019819259644e-01 2.728526890277862549e-01 -6.177847385406494141e-01 -2.381737381219863892e-01 3.143133521080017090e-01
5.038822293281555176e-01 -6.881762742996215820e-01 6.008713841438293457e-01 -8.391792774200439453e-01 7.744572758674621582e-01 -6.479867547750473022e-02 -9.498398005962371826e-02 -3.861040621995925903e-02
1.192281961441040039e+00 -2.611347436904907227e-01 1.803894490003585815e-01 -4.006724953651428223e-01 3.937428295612335205e-01 -1.561184674501419067e-01 -4.236996918916702271e-02 7.044842839241027832e-01
-3.513687551021575928e-01 -1.347266584634780884e-01 7.327200174331665039e-01 4.176869690418243408e-01 4.917872250080108643e-01 -5.037172436714172363e-01 8.819721341133117676e-01 1.819171477109193802e-03
-7.387840747833251953e-02 2.318960130214691162e-01 -6.952530145645141602e-01 -2.558852732181549072e-01 4.888713061809539795e-01 -6.400506198406219482e-02 -1.453916355967521667e-02 2.323613315820693970e-02
-5.704587697982788086e-01 -2.649819254875183105e-01 -3.976283073425292969e-01 1.433842927217483521e-01 -1.063867732882499695e-01 -1.610448956489562988e-01 3.538831770420074463e-01 -2.619227170944213867e-01
-2.790941596031188965e-01 1.172111332416534424e-01 -2.665592432022094727e-01 -7.609067857265472412e-02 9.319014102220535278e-02 4.850676283240318298e-02 1.330702900886535645e-01 5.873774364590644836e-02
5.079166293144226074e-01 3.433174788951873779e-01 -3.997791707515716553e-01 8.469831198453903198e-02 -3.467357754707336426e-01 6.078425049781799316e-01 -1.317851543426513672e-01 5.851180176250636578e-04
1.301603317260742188e-01 1.631994545459747314e-01 -1.989138364791870117e+00 2.171797305345535278e-01 4.106203317642211914e-01 5.997166037559509277e-01 6.098846197128295898e-01 -1.760360971093177795e-02
-5.751298069953918457e-01 6.240026354789733887e-01 6.153648495674133301e-01 5.017394423484802246e-01 2.510617971420288086e-01 1.474694013595581055e-01 -1.247787177562713623e-01 4.171220958232879639e-02
3.113521039485931396e-01 -3.918601274490356445e-01 5.305783823132514954e-02 -6.062276363372802734e-01 6.977516412734985352e-02 5.498318076133728027e-01 -2.216411083936691284e-01 6.351429969072341919e-02
-6.488587707281112671e-02 -8.824109286069869995e-02 4.303930103778839111e-01 3.197885751724243164e-01 2.229957580566406250e-01 -1.712696254253387451e-02 7.266313768923282623e-03 1.877711899578571320e-02
-7.209342122077941895e-01 2.167744785547256470e-01 3.798429965972900391e-01 3.546358346939086914e-01 5.251116156578063965e-01 1.077224090695381165e-01 4.511791169643402100e-01 1.370744854211807251e-01
-8.526536226272583008e-01 3.512038588523864746e-01 1.425745189189910889e-01 1.664746403694152832e-01 -3.362374007701873779e-01 -2.113637328147888184e-01 1.207370832562446594e-01 4.817538335919380188e-02
1.035953521728515625e+00 7.116147875785827637e-02 2.724456489086151123e-01 3.299261927604675293e-01 -2.611749172210693359e-01 2.766818106174468994e-01 -1.969742923974990845e-01 7.843580096960067749e-03
1.549351096153259277e+00 3.422811329364776611e-01 6.666407585144042969e-01 5.846189260482788086e-01 2.831446230411529541e-01 3.838548362255096436e-01 -2.027118345722556114e-03 -1.421954948455095291e-03
-2.077398300170898438e-01 3.099065124988555908e-01 -5.257927626371383667e-02 -2.632673978805541992e-01 8.585439994931221008e-03 -3.081863559782505035e-02 3.129800781607627869e-02 -2.347694709897041321e-02
