1.918959431350231171e-02
-5.497776269912719727e-01
-9.995123147964477539e-01
1.032367348670959473e+00
-4.494782090187072754e-01
3.509654998779296875e-01
8.344840407371520996e-01
-4.515865445137023926e-01
-1.043259501457214355e+00
9.848825335502624512e-01
-2.348358035087585449e-01
8.308885097503662109e-01
7.989903092384338379e-01
9.542553424835205078e-01
2.742828130722045898e-01
3.365578651428222656e-01
8.390766978263854980e-01
9.266798496246337891e-01
9.269533753395080566e-01
7.612407207489013672e-01
9.128425121307373047e-01
8.530375957489013672e-01
5.820101499557495117e-01
3.316557407379150391e-01
8.763213157653808594e-01
8.497745990753173828e-01
9.529258012771606445e-01
7.878901958465576172e-01
2.067250907421112061e-01
-5.986860990524291992e-01
-4.950832426548004150e-01
4.249252080917358398e-01
