-4.821662325412034988e-03 -2.020614743232727051e-01 -7.228580713272094727e-01 1.225719004869461060e-01 5.058343410491943359e-01 1.859871298074722290e-01 -7.279832959175109863e-01 2.812996208667755127e-01 -1.526294112205505371e+00 2.196196466684341431e-01 9.110107086598873138e-03 1.575645059347152710e-01 -6.692569851875305176e-01 3.556629419326782227e-01 1.503046154975891113e-01 -1.743132174015045166e-01 -4.142701923847198486e-01 1.815701872110366821e-01 4.459597468376159668e-01 -2.739903032779693604e-01 9.996800422668457031e-01 1.775085479021072388e-01 -8.760072290897369385e-02 3.863886296749114990e-01 9.792484641075134277e-01 -1.067249059677124023e+00 4.289099574089050293e-01 2.537410259246826172e-01 6.057913899421691895e-01 2.150194168090820312e+00 2.529788576066493988e-02 -8.917467296123504639e-02 1.793528437614440918e+00 8.603321313858032227e-01 8.377827703952789307e-02 -1.720692515373229980e-01 1.583979725837707520e-01 4.632399082183837891e-01 5.598735213279724121e-01 -9.566956013441085815e-02 -2.544600702822208405e-02 5.616075396537780762e-01 4.421127140522003174e-01 7.404773831367492676e-01 -3.167520761489868164e-01 3.598103225231170654e-01 1.742358207702636719e-01 1.908684372901916504e-01 1.814462244510650635e-01 -1.175431132316589355e+00 -8.378686904907226562e-01 6.894227117300033569e-02 3.598796129226684570e-01 1.860739588737487793e-01 -4.295129776000976562e-01 1.364850401878356934e+00 3.438580930233001709e-01 9.416864812374114990e-02 2.238205373287200928e-01 -1.088706776499748230e-01 2.965369224548339844e-01 -7.553724050521850586e-01 -1.172904849052429199e+00 1.100677177309989929e-01
3.835272073745727539e+00 -1.252163052558898926e+00 3.166782557964324951e-01 5.833327397704124451e-02 1.204272061586380005e-01 5.441919341683387756e-02 8.477050065994262695e-01 4.650925993919372559e-01 4.802525043487548828e-01 -3.987073153257369995e-02 7.321091890335083008e-01 -6.521124392747879028e-02 1.437205195426940918e+00 -3.172675147652626038e-02 7.721940428018569946e-02 -3.309141874313354492e+00 4.221849739551544189e-01 -3.202155232429504395e-01 2.181480266153812408e-02 5.530025344341993332e-03 1.021409392356872559e+00 -7.824747562408447266e-01 -1.549518853425979614e-01 9.282845258712768555e-02 9.295486211776733398e-01 8.603560328483581543e-01 2.891012728214263916e-01 1.020421609282493591e-01 -1.304159998893737793e+00 -5.622907280921936035e-01 2.923008985817432404e-02 6.618580222129821777e-01 2.722529172897338867e-01 1.293760091066360474e-01 -1.243894249200820923e-01 2.773479791358113289e-03 -2.677504718303680420e-01 8.003952503204345703e-01 3.946529924869537354e-01 5.510591864585876465e-01 -3.341010808944702148e-01 -3.829681873321533203e-01 6.854363530874252319e-02 -3.327192962169647217e-01 -5.094684287905693054e-02 -4.261402785778045654e-01 -5.364884063601493835e-02 -6.887499690055847168e-01 -1.689526200294494629e+00 3.528378307819366455e-01 7.208233475685119629e-01 3.805603459477424622e-02 -8.288116753101348877e-02 2.201889753341674805e-01 1.035776972770690918e+00 2.150710374116897583e-01 8.984398096799850464e-02 -2.455256938934326172e+00 1.237760297954082489e-02 1.112682819366455078e+00 -1.512235682457685471e-02 5.284253954887390137e-01 7.160181403160095215e-01 2.691720426082611084e-02
2.446577250957489014e-01 -6.604056954383850098e-01 -3.647157847881317139e-01 6.170878931879997253e-02 -2.926358580589294434e-01 6.728600710630416870e-02 -2.985967397689819336e-01 -2.533160746097564697e-01 9.454005211591720581e-02 -2.263994961977005005e-01 -6.944873183965682983e-02 -3.296172916889190674e-01 6.521644592285156250e-01 -4.633354246616363525e-01 -2.423883974552154541e-01 1.051579937338829041e-01 3.109459877014160156e-01 -2.978248298168182373e-01 -4.290132820606231689e-01 4.441225156188011169e-02 8.999537825584411621e-01 -4.096568748354911804e-02 1.131492704153060913e-01 -3.394343554973602295e-01 4.957345426082611084e-01 -1.961753964424133301e-01 -4.037266373634338379e-01 -4.850492477416992188e-01 3.498163223266601562e-01 4.403024017810821533e-01 -1.096360459923744202e-01 1.224612072110176086e-01 5.553799867630004883e-01 -5.184967517852783203e-01 -4.168043434619903564e-01 -1.272941678762435913e-01 -3.244006037712097168e-01 9.047654867172241211e-01 -4.620039835572242737e-02 4.257539510726928711e-01 -8.366554975509643555e-02 -2.816375531256198883e-02 -3.255641460418701172e-01 -3.041214942932128906e-01 -2.156876325607299805e-01 -2.003843933343887329e-01 -2.147886455059051514e-01 -3.999917209148406982e-01 5.669487714767456055e-01 1.906861215829849243e-01 -2.192206382751464844e-01 4.153322800993919373e-02 -4.440232217311859131e-01 -3.940617293119430542e-02 -7.147709131240844727e-01 2.149950861930847168e-01 -3.989015221595764160e-01 -2.016703337430953979e-01 -2.590608596801757812e-01 3.662772104144096375e-02 -4.264736175537109375e-01 -1.955928206443786621e-01 -1.570642441511154175e-01 3.201837092638015747e-02
-1.156655699014663696e-01 6.043730378150939941e-01 3.147484660148620605e-01 1.267608813941478729e-02 3.107745349407196045e-01 4.209781438112258911e-02 3.798927664756774902e-01 2.695005238056182861e-01 -1.177064999938011169e-01 1.965284049510955811e-01 7.378885895013809204e-02 1.603417992591857910e-01 -6.842716932296752930e-01 3.438005745410919189e-01 3.515798449516296387e-01 -6.149691343307495117e-02 -2.109138816595077515e-01 4.112311601638793945e-01 4.990736544132232666e-01 8.578289300203323364e-02 -1.072257041931152344e+00 2.207725197076797485e-01 -1.081208586692810059e-01 3.414224386215209961e-01 -3.038209378719329834e-01 1.361848562955856323e-01 4.228607118129730225e-01 3.578631579875946045e-01 -3.908714056015014648e-01 -2.638820707798004150e-01 -7.234452664852142334e-02 6.171112135052680969e-02 -6.384992599487304688e-01 4.718623161315917969e-01 3.798107504844665527e-01 8.960311114788055420e-02 3.714541196823120117e-01 -9.104833602905273438e-01 1.612929701805114746e-01 -5.910621881484985352e-01 -3.080219775438308716e-02 2.457091026008129120e-02 1.140749752521514893e-01 1.112225800752639771e-01 1.793169379234313965e-01 2.995350062847137451e-01 2.715470194816589355e-01 5.355732440948486328e-01 -5.069729685783386230e-01 -2.432753741741180420e-01 4.423893690109252930e-01 5.852336436510086060e-02 3.890590965747833252e-01 1.010357514023780823e-01 6.642761826515197754e-01 -3.311283290386199951e-01 3.528518974781036377e-01 1.982424259185791016e-01 5.701531842350959778e-02 -8.493325859308242798e-02 4.109564721584320068e-01 3.240953087806701660e-01 2.440208382904529572e-02 -7.486908882856369019e-02
-5.957376360893249512e-01 -1.254232764244079590e+00 -2.965097427368164062e-01 -7.602246850728988647e-02 8.233551681041717529e-02 -1.950077712535858154e-01 -1.005455374717712402e+00 4.385018348693847656e-01 -1.084203243255615234e+00 -5.027427673339843750e-01 -6.498994827270507812e-01 -8.402874320745468140e-02 1.251868844032287598e+00 -1.069825530052185059e+00 -7.476138323545455933e-02 -3.239634633064270020e-01 5.660592317581176758e-01 2.850681915879249573e-02 -1.087480425834655762e+00 -1.159224629402160645e+00 4.066317558288574219e+00 -1.037604808807373047e+00 -5.984642505645751953e-01 -1.310476064682006836e-01 -3.610143661499023438e-01 -1.906843185424804688e-01 -5.782673507928848267e-02 -4.187791347503662109e-01 8.659090995788574219e-01 1.239810705184936523e+00 6.396781653165817261e-02 -2.630445718765258789e+00 -1.485707640647888184e+00 -7.711465954780578613e-01 -2.797689139842987061e-01 -1.916448026895523071e-01 -6.467005014419555664e-01 2.564281225204467773e-01 -1.251484990119934082e+00 2.811428308486938477e-01 -3.055489957332611084e-01 4.556018412113189697e-01 5.005542561411857605e-02 3.224429190158843994e-01 -9.047370553016662598e-01 1.369755566120147705e-01 -1.841502338647842407e-01 -3.389528989791870117e-01 1.938977688550949097e-01 -1.855350255966186523e+00 -1.483760237693786621e+00 3.939668461680412292e-02 -6.384166330099105835e-02 2.419458627700805664e-01 -2.595964260399341583e-02 6.890392303466796875e-01 -6.275452673435211182e-02 -3.616478443145751953e-01 -4.136130213737487793e-01 -2.210200428962707520e-01 -1.398338079452514648e-01 -3.651425242424011230e-01 -8.530842065811157227e-01 -2.019803971052169800e-02
-1.790662109851837158e-01 -8.623718470335006714e-02 -2.242684215307235718e-01 -1.658061295747756958e-01 -4.802056029438972473e-02 9.181210398674011230e-02 -7.748675942420959473e-01 4.140605926513671875e-01 -1.717337012290954590e+00 3.610250353813171387e-01 -4.067325294017791748e-01 2.807668745517730713e-01 4.832445085048675537e-01 3.464913666248321533e-01 1.036438569426536560e-01 8.815380744636058807e-03 2.179394662380218506e-01 2.333354055881500244e-01 5.530056357383728027e-01 5.594905018806457520e-01 7.001276016235351562e-01 -6.998851150274276733e-02 -3.979984298348426819e-02 2.623994648456573486e-01 -4.278471767902374268e-01 -4.224140048027038574e-01 1.204894706606864929e-01 4.895512759685516357e-01 5.617820620536804199e-01 4.362307786941528320e-01 -1.045430451631546021e-01 -4.276964068412780762e-01 6.389964222908020020e-01 4.901916384696960449e-01 1.159174367785453796e-01 1.619708240032196045e-01 5.182673335075378418e-01 9.432326555252075195e-01 -2.786767482757568359e-01 1.009267926216125488e+00 6.257049739360809326e-02 1.266825944185256958e-01 7.005265355110168457e-02 -1.719937622547149658e-01 2.264916300773620605e-01 1.876895278692245483e-01 3.562435805797576904e-01 2.039912939071655273e-01 3.973729312419891357e-01 5.849807262420654297e-01 -3.808127939701080322e-01 6.772868335247039795e-02 5.418510437011718750e-01 -4.060001578181982040e-03 -1.075751259922981262e-01 4.027054309844970703e-01 -2.038401663303375244e-01 3.255416750907897949e-01 -3.972864896059036255e-02 -2.512291371822357178e-01 2.897384464740753174e-01 -4.068715497851371765e-03 -4.141566753387451172e-01 4.940198734402656555e-03
-9.768168628215789795e-02 6.799706816673278809e-01 4.206412136554718018e-01 1.329240202903747559e-01 2.156542539596557617e-01 -9.448987990617752075e-02 3.125348687171936035e-01 1.095942780375480652e-01 -1.025704070925712585e-01 1.621968001127243042e-01 8.764313906431198120e-02 2.592233121395111084e-01 -6.308209300041198730e-01 3.757594227790832520e-01 2.040784060955047607e-01 -1.492864638566970825e-01 -2.288814336061477661e-01 3.805264234542846680e-01 3.740386366844177246e-01 -1.557977795600891113e-01 -1.035889983177185059e+00 4.008023068308830261e-02 -9.619296342134475708e-02 2.813121676445007324e-01 -3.427517712116241455e-01 4.699990525841712952e-02 3.810351490974426270e-01 2.746748626232147217e-01 -4.032030105590820312e-01 -5.049358010292053223e-01 3.875590488314628601e-02 -8.777127414941787720e-02 -6.278859376907348633e-01 4.406946897506713867e-01 4.274155497550964355e-01 4.914097487926483154e-02 1.810695827007293701e-01 -7.670081853866577148e-01 7.252782583236694336e-02 -5.149995088577270508e-01 -6.915640830993652344e-02 -2.386651635169982910e-01 9.106552600860595703e-02 3.230956792831420898e-01 5.733949318528175354e-02 1.715722382068634033e-01 2.260984033346176147e-01 3.674249649047851562e-01 -5.955858230590820312e-01 -1.946648955345153809e-01 4.328752756118774414e-01 1.756489723920822144e-01 4.039007723331451416e-01 -9.978328645229339600e-02 6.950604319572448730e-01 -3.185310959815979004e-01 2.925185859203338623e-01 2.817226946353912354e-01 1.206036657094955444e-01 1.205949038267135620e-01 4.715038537979125977e-01 2.269214093685150146e-01 -2.775890938937664032e-02 -7.126581855118274689e-03
-3.264257311820983887e-01 1.114070713520050049e-01 -2.304119110107421875e+00 -2.794061601161956787e-02 -2.869405746459960938e-01 -1.770630478858947754e-01 1.407873511314392090e+00 -6.030780673027038574e-01 4.050185084342956543e-01 2.790700457990169525e-02 -2.595719695091247559e-01 -1.239988580346107483e-01 3.966934084892272949e-01 -2.887943945825099945e-02 2.029983252286911011e-01 4.328760206699371338e-01 1.570626907050609589e-02 -6.109561920166015625e-01 -5.880238488316535950e-02 -9.013208746910095215e-02 -8.454260230064392090e-02 -1.498995870351791382e-01 7.854565978050231934e-02 -7.184640169143676758e-01 2.680649518966674805e+00 -3.312972784042358398e+00 -6.743350625038146973e-01 -9.459818899631500244e-02 1.096937581896781921e-01 1.989878155291080475e-02 1.566323637962341309e-02 4.682379961013793945e-01 -2.026064693927764893e-01 -1.166515871882438660e-01 -4.266464114189147949e-01 6.683492660522460938e-02 1.054565533995628357e-01 9.213832020759582520e-01 2.928403019905090332e-01 1.902290433645248413e-01 2.936586618423461914e+00 -8.778744190931320190e-02 -9.965162724256515503e-02 -3.639498054981231689e-01 -2.077989280223846436e-02 -1.497140973806381226e-01 -3.416208624839782715e-01 4.984353110194206238e-02 9.115040898323059082e-01 -4.016874432563781738e-01 6.282263994216918945e-01 -6.885439157485961914e-02 -7.047712802886962891e-01 8.512893319129943848e-02 -5.107932090759277344e-01 4.080363363027572632e-02 5.497816205024719238e-02 7.703030109405517578e-02 1.985217928886413574e-01 6.714142560958862305e-01 -7.920153141021728516e-01 -2.289330720901489258e+00 -2.446332693099975586e+00 4.946599528193473816e-02
3.481654822826385498e-02 -6.375140547752380371e-01 -4.179817736148834229e-01 -8.736590296030044556e-02 -1.232394352555274963e-01 -6.627678126096725464e-02 -3.253314495086669922e-01 -2.394373565912246704e-01 1.480476111173629761e-01 -3.832260370254516602e-01 2.614109031856060028e-02 -1.911219954490661621e-01 6.814945340156555176e-01 -3.690302371978759766e-01 -3.550225496292114258e-01 8.290962874889373779e-02 9.612568467855453491e-02 -2.791374623775482178e-01 -3.485642969608306885e-01 -2.260984107851982117e-02 9.348953366279602051e-01 -1.935091912746429443e-01 8.804786950349807739e-02 -2.252216041088104248e-01 3.908778727054595947e-01 -2.222082465887069702e-01 -3.268187344074249268e-01 -3.300500810146331787e-01 3.667105436325073242e-01 4.601726531982421875e-01 7.485220581293106079e-02 1.002136692404747009e-01 4.863081276416778564e-01 -4.156422615051269531e-01 -3.412571847438812256e-01 -7.996051013469696045e-02 -3.067435026168823242e-01 6.965559720993041992e-01 -1.178744956851005554e-01 4.150303602218627930e-01 1.461849268525838852e-02 7.584299147129058838e-02 -3.417652249336242676e-01 -2.752209603786468506e-01 -1.906653344631195068e-01 -2.801794409751892090e-01 -3.202499747276306152e-01 -4.909241497516632080e-01 6.237436532974243164e-01 9.415738284587860107e-02 -2.694218754768371582e-01 -3.200921416282653809e-02 -5.138624906539916992e-01 -3.411286324262619019e-02 -6.646156907081604004e-01 3.786835968494415283e-01 -3.758686482906341553e-01 -1.840421855449676514e-01 -1.934000551700592041e-01 -2.719019167125225067e-02 -4.844917058944702148e-01 -3.201644420623779297e-01 -1.281838864088058472e-01 -6.254249066114425659e-02
-2.800241410732269287e-01 4.865770936012268066e-01 3.448416888713836670e-01 -3.828643262386322021e-02 3.024280667304992676e-01 9.831330925226211548e-02 1.302344799041748047e-01 2.756273150444030762e-01 -3.070093095302581787e-01 2.177497744560241699e-01 -2.761108241975307465e-02 2.582246363162994385e-01 -8.159233927726745605e-01 4.048128724098205566e-01 3.163020312786102295e-01 -1.004458665847778320e-01 -2.781649827957153320e-01 3.554610311985015869e-01 3.208068013191223145e-01 -1.216424480080604553e-01 -9.269579052925109863e-01 2.292869389057159424e-01 -5.398483946919441223e-02 2.496604919433593750e-01 -3.664074242115020752e-01 -3.552441671490669250e-02 2.241898477077484131e-01 4.587573409080505371e-01 -4.546114802360534668e-01 -3.298898935317993164e-01 9.182096272706985474e-02 1.866763271391391754e-02 -5.332874059677124023e-01 2.815054357051849365e-01 4.316277205944061279e-01 1.342636533081531525e-02 3.119781911373138428e-01 -7.710396647453308105e-01 6.014512479305267334e-02 -5.696195363998413086e-01 -4.292989522218704224e-02 -1.724355071783065796e-01 2.502007186412811279e-01 2.310454696416854858e-01 1.587622016668319702e-01 1.131980866193771362e-01 2.717727720737457275e-01 4.614164531230926514e-01 -7.779398560523986816e-01 -2.142944335937500000e-01 3.924095928668975830e-01 1.942341774702072144e-01 4.268520176410675049e-01 -3.880869969725608826e-02 5.542929172515869141e-01 -3.116089105606079102e-01 1.323285102844238281e-01 1.666831672191619873e-01 1.592678129673004150e-01 -1.302131712436676025e-01 3.978945016860961914e-01 2.353596836328506470e-01 1.262069344520568848e-01 1.064738556742668152e-01
2.417758852243423462e-01 -5.762345194816589355e-01 -1.899605095386505127e-01 1.031266450881958008e-01 -2.249059975147247314e-01 8.426200598478317261e-03 -1.034656047821044922e+00 -9.196268767118453979e-02 -1.211314797401428223e+00 -9.323848038911819458e-02 -3.011969327926635742e-01 -5.959320068359375000e-02 1.530412197113037109e+00 -3.991292417049407959e-01 -1.464118808507919312e-01 1.144886970520019531e+00 1.313350915908813477e+00 -2.636757791042327881e-01 -1.922514103353023529e-02 -1.029646158218383789e+00 1.983905553817749023e+00 2.504584193229675293e-01 9.770938009023666382e-02 2.257913649082183838e-01 -1.690348148345947266e+00 -3.061862587928771973e-01 -8.436641842126846313e-02 1.770761422812938690e-02 1.062108397483825684e+00 9.065576791763305664e-01 -1.139975897967815399e-02 -1.692338585853576660e+00 7.829759269952774048e-03 -6.144178286194801331e-02 -1.798477321863174438e-01 1.389028280973434448e-01 -8.050821423530578613e-01 4.793967306613922119e-01 -7.729374170303344727e-01 1.993193268775939941e+00 1.582455188035964966e-01 3.528731167316436768e-01 1.362472474575042725e-01 1.256622910499572754e+00 1.198207885026931763e-01 -2.465210855007171631e-01 -7.093980908393859863e-02 -3.286911845207214355e-01 3.553108274936676025e-01 -1.833876818418502808e-01 -1.332196235656738281e+00 1.492190808057785034e-01 -2.729062922298908234e-02 1.940508931875228882e-01 -4.015738889575004578e-02 2.826132476329803467e-01 -4.477101564407348633e-01 3.800271451473236084e-01 -4.745240807533264160e-01 -2.327705860137939453e+00 -1.814343184232711792e-01 -1.732499450445175171e-01 -2.729109525680541992e-01 3.117396030575037003e-03
-1.771973073482513428e-01 3.870052695274353027e-01 1.633671820163726807e-01 7.345481961965560913e-02 9.229984134435653687e-02 2.602977119386196136e-02 1.253783255815505981e-01 4.204695113003253937e-03 -1.894405037164688110e-01 2.130757719278335571e-01 1.624875701963901520e-03 2.463416308164596558e-01 -6.860542893409729004e-01 1.639962345361709595e-01 2.682842016220092773e-01 -2.022288888692855835e-01 -2.522085011005401611e-01 2.265809327363967896e-01 1.715304404497146606e-01 -1.560616679489612579e-02 -8.285914063453674316e-01 1.041765064001083374e-01 -2.248540222644805908e-01 1.981705278158187866e-01 -4.740296900272369385e-01 -5.607989616692066193e-03 2.722756266593933105e-01 1.458039581775665283e-01 -2.608008384704589844e-01 -4.088717997074127197e-01 1.082651317119598389e-01 -2.295876443386077881e-01 -4.054697155952453613e-01 1.955427229404449463e-01 2.885926961898803711e-01 -5.938842147588729858e-02 9.873472154140472412e-02 -9.608888030052185059e-01 3.518299385905265808e-02 -4.096118211746215820e-01 -7.713722437620162964e-02 -2.213476896286010742e-01 1.880740933120250702e-02 1.299879550933837891e-01 2.722820267081260681e-02 -3.048054315149784088e-02 2.789443135261535645e-01 3.104702532291412354e-01 -6.669286489486694336e-01 -1.507569551467895508e-01 1.630748212337493896e-01 4.297199100255966187e-02 3.849025368690490723e-01 -6.445547193288803101e-02 5.907536745071411133e-01 -4.411620795726776123e-01 1.474770307540893555e-01 2.458856999874114990e-02 -2.234624512493610382e-02 -1.345879733562469482e-01 1.900101900100708008e-01 2.583282887935638428e-01 -1.923499256372451782e-02 -7.393199950456619263e-02
-1.813436150550842285e-01 6.714134812355041504e-01 3.902368545532226562e-01 -1.123251318931579590e-01 2.750103473663330078e-01 8.339895308017730713e-02 3.092636764049530029e-01 3.685710728168487549e-01 -4.434849321842193604e-02 3.928892314434051514e-01 2.533453330397605896e-02 2.933357357978820801e-01 -6.360446214675903320e-01 2.922192811965942383e-01 3.136839270591735840e-01 -1.087548807263374329e-01 -9.769670665264129639e-02 2.599051594734191895e-01 4.079703688621520996e-01 -1.028971523046493530e-01 -1.051372170448303223e+00 1.700305044651031494e-01 7.001648843288421631e-02 3.049103021621704102e-01 -4.760571420192718506e-01 2.064286358654499054e-02 1.970735341310501099e-01 4.447409510612487793e-01 -4.431426525115966797e-01 -4.940970838069915771e-01 -8.672593161463737488e-03 -2.095458656549453735e-02 -4.253129363059997559e-01 4.162022769451141357e-01 3.793086707592010498e-01 1.729090809822082520e-01 3.451755344867706299e-01 -7.287616729736328125e-01 3.583737090229988098e-02 -4.312536120414733887e-01 -1.360005736351013184e-01 -2.240575663745403290e-02 2.013731598854064941e-01 2.417728453874588013e-01 1.363190710544586182e-01 9.304936975240707397e-02 1.838494539260864258e-01 4.414034187793731689e-01 -5.518916249275207520e-01 -2.160717844963073730e-01 4.568285346031188965e-01 1.779053732752799988e-02 4.969348311424255371e-01 1.735489219427108765e-01 7.543925642967224121e-01 -3.668570220470428467e-01 2.076689451932907104e-01 2.196981161832809448e-01 6.554328650236129761e-02 4.208220168948173523e-02 4.338050186634063721e-01 3.024724423885345459e-01 3.549346327781677246e-02 -7.129850983619689941e-02
-8.102072775363922119e-02 5.552604794502258301e-01 4.354809820652008057e-01 -1.739596948027610779e-02 1.759357303380966187e-01 7.821232825517654419e-02 1.834997832775115967e-01 2.476985007524490356e-01 -8.548635244369506836e-02 1.956929713487625122e-01 -9.529983997344970703e-02 3.832943141460418701e-01 -8.146321177482604980e-01 3.131648302078247070e-01 1.892078667879104614e-01 -1.210561096668243408e-01 -1.968068629503250122e-01 4.124014973640441895e-01 2.770197391510009766e-01 -1.189360544085502625e-01 -9.311016201972961426e-01 9.227648377418518066e-03 -1.424742937088012695e-01 1.190832108259201050e-01 -3.951687812805175781e-01 -3.388551995158195496e-02 2.238094955682754517e-01 3.887779712677001953e-01 -2.036995291709899902e-01 -3.229227960109710693e-01 -3.322313353419303894e-02 7.534136623144149780e-02 -6.265172958374023438e-01 4.109688401222229004e-01 3.994188904762268066e-01 -3.215825930237770081e-02 2.123186886310577393e-01 -8.374662399291992188e-01 -2.180737815797328949e-02 -4.882908761501312256e-01 -6.886044144630432129e-02 -1.633605659008026123e-01 1.481625139713287354e-01 2.281795591115951538e-01 1.152438595890998840e-01 2.791082262992858887e-01 3.179697692394256592e-01 4.681382477283477783e-01 -5.507236719131469727e-01 -1.315078288316726685e-01 3.658163845539093018e-01 9.704633057117462158e-02 5.100814700126647949e-01 -6.216289103031158447e-02 6.212406158447265625e-01 -2.280738651752471924e-01 2.596157789230346680e-01 2.527885437011718750e-01 1.173736602067947388e-01 1.141255646944046021e-01 5.209931135177612305e-01 3.782500624656677246e-01 2.167704105377197266e-01 1.394094228744506836e-01
-7.089384645223617554e-02 -8.593402802944183350e-02 -3.092363104224205017e-02 2.009768784046173096e-02 -3.796111792325973511e-02 -1.741431206464767456e-01 -8.446910977363586426e-01 1.905101537704467773e-01 -1.384361147880554199e+00 2.255600392818450928e-01 -3.245543241500854492e-01 2.423744499683380127e-01 6.537062525749206543e-01 3.615608811378479004e-01 1.174827888607978821e-01 -1.994717419147491455e-01 7.877815514802932739e-02 -3.408082574605941772e-02 6.192133426666259766e-01 3.024691939353942871e-01 9.681772589683532715e-01 -8.378713577985763550e-02 7.810751348733901978e-02 3.713432848453521729e-01 -6.306658685207366943e-02 -3.346256911754608154e-01 2.545228004455566406e-01 3.667633533477783203e-01 5.056060552597045898e-01 6.576766371726989746e-01 -2.490104548633098602e-02 -4.070860147476196289e-01 6.420761942863464355e-01 5.984408855438232422e-01 1.743402481079101562e-01 1.088323965668678284e-01 4.966849386692047119e-01 9.360817074775695801e-01 -1.630104631185531616e-01 9.513679146766662598e-01 7.184414565563201904e-02 3.325783312320709229e-01 1.621093451976776123e-01 -1.591207534074783325e-01 2.150608897209167480e-01 4.756858106702566147e-03 2.284431159496307373e-01 8.718638122081756592e-02 2.137200534343719482e-01 5.302050709724426270e-01 -2.778170704841613770e-01 6.959076225757598877e-02 3.118747770786285400e-01 6.801591068506240845e-02 -2.072170972824096680e-01 3.805618882179260254e-01 -3.433216810226440430e-01 6.755007058382034302e-02 -1.151200830936431885e-01 -3.583352565765380859e-01 3.943901658058166504e-01 -8.865431696176528931e-02 -3.843533694744110107e-01 6.380113214254379272e-02
2.958208322525024414e-02 6.148356944322586060e-02 -2.112288326025009155e-01 6.083615589886903763e-03 -1.031823158264160156e-01 -3.290775418281555176e-02 -8.932680487632751465e-01 3.437329232692718506e-01 -2.071973800659179688e+00 3.765299320220947266e-01 -3.880189955234527588e-01 3.778252601623535156e-01 1.662944853305816650e-01 3.477512001991271973e-01 4.712544679641723633e-01 2.974164299666881561e-02 -6.337166577577590942e-02 1.785419583320617676e-01 5.530269145965576172e-01 4.672560989856719971e-01 8.871577382087707520e-01 7.575207948684692383e-02 -3.884520614519715309e-03 4.018477201461791992e-01 -4.005199968814849854e-01 -7.338753342628479004e-01 1.339779198169708252e-01 4.561010003089904785e-01 2.222175449132919312e-01 7.298020124435424805e-01 -9.021785110235214233e-02 -4.351581931114196777e-01 4.154737293720245361e-01 6.235973834991455078e-01 2.490983903408050537e-01 2.682595849037170410e-01 6.748442053794860840e-01 1.061654925346374512e+00 -3.267221748828887939e-01 3.946223258972167969e-01 1.148044094443321228e-01 -3.197081759572029114e-02 2.413238435983657837e-01 -2.436942309141159058e-01 5.145218372344970703e-01 2.327391058206558228e-01 2.940317392349243164e-01 4.496307671070098877e-02 3.468835949897766113e-01 2.529961764812469482e-01 -2.728922665119171143e-01 2.788651175796985626e-02 6.623011827468872070e-01 1.333968434482812881e-02 3.049661777913570404e-02 3.748714923858642578e-01 -2.241144180297851562e-01 3.080551624298095703e-01 -3.414658457040786743e-02 -4.505255818367004395e-01 2.646590471267700195e-01 -5.961392819881439209e-02 -4.414071440696716309e-01 -6.584209203720092773e-02
-2.387683540582656860e-01 5.815216302871704102e-01 4.408086240291595459e-01 7.984044402837753296e-02 1.518344134092330933e-01 6.609509140253067017e-02 1.528719812631607056e-01 2.025991231203079224e-01 -5.119935423135757446e-02 1.962282955646514893e-01 2.087591215968132019e-02 1.905589699745178223e-01 -8.412106633186340332e-01 2.802728712558746338e-01 2.067176103591918945e-01 -7.423402369022369385e-02 -2.038725912570953369e-01 2.683315575122833252e-01 3.659027814865112305e-01 -1.326589137315750122e-01 -8.994075059890747070e-01 1.577888429164886475e-01 -1.613459438085556030e-01 3.411301672458648682e-01 -4.647170305252075195e-01 1.567819267511367798e-01 2.387713640928268433e-01 3.610748052597045898e-01 -4.279089570045471191e-01 -4.623639583587646484e-01 7.904691994190216064e-02 -6.872028112411499023e-02 -6.126571297645568848e-01 4.357834458351135254e-01 4.541059732437133789e-01 1.119055971503257751e-01 3.521085679531097412e-01 -8.309009075164794922e-01 4.240619763731956482e-02 -5.009552240371704102e-01 6.466954946517944336e-02 -4.716423153877258301e-02 2.880788445472717285e-01 1.439457386732101440e-01 8.828882128000259399e-02 1.193640530109405518e-01 2.109300792217254639e-01 5.183482766151428223e-01 -5.257522463798522949e-01 -7.070852816104888916e-02 3.613779842853546143e-01 7.567419856786727905e-02 4.694997966289520264e-01 1.069373637437820435e-01 7.141343355178833008e-01 -3.542457222938537598e-01 2.547585070133209229e-01 1.253545731306076050e-01 9.510859847068786621e-03 -6.252534687519073486e-02 4.503156244754791260e-01 3.899377882480621338e-01 5.672190338373184204e-02 1.188329830765724182e-01
-2.593155801296234131e-01 6.265883445739746094e-01 3.821229040622711182e-01 1.023365259170532227e-01 2.664909958839416504e-01 -1.171521618962287903e-01 1.482998877763748169e-01 1.597380787134170532e-01 -1.900854706764221191e-01 2.172426432371139526e-01 -1.876275986433029175e-01 2.637110650539398193e-01 -8.279401659965515137e-01 3.684922754764556885e-01 1.515508443117141724e-01 -9.874070435762405396e-02 -2.634140551090240479e-01 3.805886209011077881e-01 2.931454479694366455e-01 -1.899424940347671509e-01 -9.036329984664916992e-01 2.635578513145446777e-01 -9.323325008153915405e-02 1.527992933988571167e-01 -3.548675477504730225e-01 -2.117788419127464294e-02 3.775383234024047852e-01 3.325591683387756348e-01 -2.589219808578491211e-01 -4.984880089759826660e-01 -9.663052856922149658e-02 -1.220834776759147644e-01 -5.717816948890686035e-01 3.318357169628143311e-01 3.937688171863555908e-01 1.138063147664070129e-01 3.074142336845397949e-01 -7.916107773780822754e-01 -4.006304219365119934e-02 -5.066701173782348633e-01 -1.566257476806640625e-01 -1.548227965831756592e-01 2.873222231864929199e-01 2.199176698923110962e-01 -3.660886734724044800e-02 2.199490368366241455e-02 3.495205342769622803e-01 3.765383064746856689e-01 -7.029359936714172363e-01 -1.646357327699661255e-01 2.981528937816619873e-01 6.473971903324127197e-02 3.436043858528137207e-01 -1.143454387784004211e-02 6.127721667289733887e-01 -2.197256535291671753e-01 1.986299157142639160e-01 2.508698999881744385e-01 1.343514323234558105e-01 -1.154468953609466553e-01 2.844637930393218994e-01 1.908923089504241943e-01 1.891710162162780762e-01 2.501409873366355896e-02
-2.330730408430099487e-01 4.483988583087921143e-01 2.097580581903457642e-01 6.764887273311614990e-02 2.050434947013854980e-01 1.202550530433654785e-01 1.389699876308441162e-01 1.181738004088401794e-01 -3.267428576946258545e-01 3.340375423431396484e-01 -1.099812760949134827e-01 2.099124640226364136e-01 -6.940100789070129395e-01 3.117415010929107666e-01 2.830828726291656494e-01 -2.743312716484069824e-01 -2.158646434545516968e-01 3.227652907371520996e-01 2.515642344951629639e-01 -7.346852868795394897e-02 -9.255653619766235352e-01 4.757650196552276611e-02 -6.821035593748092651e-02 2.312302738428115845e-01 -4.781590402126312256e-01 1.175360232591629028e-01 1.451762467622756958e-01 3.885741531848907471e-01 -2.521659731864929199e-01 -5.674970149993896484e-01 8.770194649696350098e-02 -1.003041863441467285e-02 -4.690608680248260498e-01 3.553300797939300537e-01 3.994275331497192383e-01 8.769002556800842285e-02 3.292886316776275635e-01 -8.156726360321044922e-01 -6.581430137157440186e-02 -4.581144750118255615e-01 -3.321180865168571472e-02 -1.018873527646064758e-01 1.496895700693130493e-01 1.864741891622543335e-01 4.080174490809440613e-02 1.743193715810775757e-01 2.132980525493621826e-01 4.661529660224914551e-01 -6.284261941909790039e-01 -3.211456239223480225e-01 4.184226691722869873e-01 -3.688903152942657471e-02 2.686679065227508545e-01 7.149265706539154053e-02 6.559009552001953125e-01 -2.798545062541961670e-01 3.052000105381011963e-01 2.407836467027664185e-01 7.044208794832229614e-02 7.210932672023773193e-02 3.615467250347137451e-01 1.822980195283889771e-01 5.512390285730361938e-02 -9.016371518373489380e-02
-3.482088744640350342e-01 6.482646465301513672e-01 4.228809773921966553e-01 -9.211653843522071838e-03 2.138996571302413940e-01 -8.125606924295425415e-03 2.432987540960311890e-01 2.969556152820587158e-01 -1.506437957286834717e-01 1.470082104206085205e-01 -9.072373807430267334e-02 3.171866238117218018e-01 -6.499568223953247070e-01 2.132112979888916016e-01 2.887284159660339355e-01 -1.402025669813156128e-01 -1.560248285531997681e-01 2.348847538232803345e-01 2.107726484537124634e-01 5.539958924055099487e-02 -8.962285518646240234e-01 6.790059059858322144e-02 -3.980506211519241333e-02 2.818899452686309814e-01 -3.720522820949554443e-01 3.960637003183364868e-02 3.565890192985534668e-01 3.992610573768615723e-01 -3.187254071235656738e-01 -5.372990965843200684e-01 -2.192754298448562622e-02 -1.575270891189575195e-01 -4.506835043430328369e-01 3.016873896121978760e-01 4.373925924301147461e-01 4.607400298118591309e-02 1.501027047634124756e-01 -8.770111799240112305e-01 2.381772734224796295e-02 -5.005280375480651855e-01 1.106522232294082642e-02 -9.561017155647277832e-02 1.826336383819580078e-01 2.145413309335708618e-01 1.550328545272350311e-02 9.903212077915668488e-03 3.168537616729736328e-01 4.559806883335113525e-01 -7.277197837829589844e-01 -1.659871935844421387e-01 3.269692063331604004e-01 1.294115334749221802e-01 4.413267076015472412e-01 -3.262016922235488892e-02 5.702812075614929199e-01 -3.880118429660797119e-01 1.800238043069839478e-01 1.279011368751525879e-01 6.048395112156867981e-02 6.147617008537054062e-03 2.741732895374298096e-01 2.710063457489013672e-01 1.171279773116111755e-01 7.507636398077011108e-02
-2.666263580322265625e-01 6.393006443977355957e-01 2.523895502090454102e-01 -6.865488737821578979e-02 3.196119517087936401e-02 -1.016861423850059509e-01 1.438700109720230103e-01 2.689926028251647949e-01 -2.739670276641845703e-01 1.514173001050949097e-01 -1.136065647006034851e-01 2.852138578891754150e-01 -7.458490133285522461e-01 2.573036551475524902e-01 1.484079509973526001e-01 -2.409721761941909790e-01 -1.558249145746231079e-01 1.833936721086502075e-01 3.503274619579315186e-01 4.780597053468227386e-03 -1.000053048133850098e+00 2.104067206382751465e-01 -2.164173312485218048e-02 1.926181018352508545e-01 -4.750829637050628662e-01 -3.391650319099426270e-02 2.902900874614715576e-01 3.606796264648437500e-01 -3.810638189315795898e-01 -4.106284976005554199e-01 -7.324778288602828979e-02 5.198014900088310242e-03 -4.302744865417480469e-01 4.379184842109680176e-01 3.941052556037902832e-01 1.675181649625301361e-02 1.630503237247467041e-01 -8.196384310722351074e-01 4.469768702983856201e-02 -4.728786051273345947e-01 -5.137854442000389099e-02 -1.371836066246032715e-01 1.584812998771667480e-01 7.235916703939437866e-02 -4.519163630902767181e-03 9.526387602090835571e-02 1.281121075153350830e-01 3.232314586639404297e-01 -6.216907501220703125e-01 -2.601319253444671631e-01 2.216569632291793823e-01 1.027535367757081985e-02 3.298994898796081543e-01 8.089463517535477877e-05 6.447440981864929199e-01 -2.214042842388153076e-01 1.648645997047424316e-01 5.206464603543281555e-02 1.124717965722084045e-01 -1.084127202630043030e-01 2.561235725879669189e-01 3.340522348880767822e-01 1.187498569488525391e-01 6.759645789861679077e-02
-6.022828072309494019e-02 5.842396616935729980e-01 4.931606352329254150e-01 1.088855974376201630e-02 1.813840419054031372e-01 -8.015502989292144775e-02 2.246260941028594971e-01 3.250402212142944336e-01 -2.162469923496246338e-01 2.531431019306182861e-01 -6.823381781578063965e-02 3.081917464733123779e-01 -7.094839811325073242e-01 5.068260431289672852e-01 3.359788358211517334e-01 -9.101437032222747803e-02 -2.343354225158691406e-01 5.030140876770019531e-01 4.992788136005401611e-01 -7.481513079255819321e-03 -1.068610668182373047e+00 1.653657555580139160e-01 -6.985288113355636597e-02 1.849882006645202637e-01 -4.391556084156036377e-01 -1.247355993837118149e-02 3.447580933570861816e-01 3.271536231040954590e-01 -3.126652538776397705e-01 -4.251830875873565674e-01 6.512786448001861572e-02 7.076485455036163330e-02 -4.292382299900054932e-01 3.684480488300323486e-01 4.063693583011627197e-01 -9.724875912070274353e-03 4.149023294448852539e-01 -6.500320434570312500e-01 1.496221721172332764e-01 -6.048285365104675293e-01 -3.861147537827491760e-02 -1.081314124166965485e-02 1.060106977820396423e-01 3.328117728233337402e-01 4.755910485982894897e-02 2.371463328599929810e-01 2.496940046548843384e-01 5.663201808929443359e-01 -6.134242415428161621e-01 -7.500236481428146362e-02 2.989394068717956543e-01 1.055167913436889648e-01 4.425011873245239258e-01 8.824291080236434937e-02 5.571542382240295410e-01 -3.663363456726074219e-01 2.695081830024719238e-01 2.460932582616806030e-01 1.962723582983016968e-01 1.433076709508895874e-01 4.866614043712615967e-01 2.339818179607391357e-01 2.136527597904205322e-01 9.737291187047958374e-02
1.417696923017501831e-01 -1.845685094594955444e-01 9.989988803863525391e-02 -1.845061779022216797e-01 -4.737089329864829779e-05 -4.382279887795448303e-02 -3.775615692138671875e+00 6.057308316230773926e-01 -2.042668819427490234e+00 4.032864868640899658e-01 -7.084049582481384277e-01 5.456896424293518066e-01 7.997721433639526367e-01 -8.040132373571395874e-02 3.314352035522460938e-01 -2.625102996826171875e-01 2.439813166856765747e-01 2.700648903846740723e-01 6.305215954780578613e-01 6.437690854072570801e-01 9.591857194900512695e-01 2.261603064835071564e-02 -6.755591630935668945e-01 4.432592988014221191e-01 -8.857085704803466797e-01 -1.351581662893295288e-01 3.366501033306121826e-01 6.069117188453674316e-01 5.846861004829406738e-01 2.472034990787506104e-01 -3.778406605124473572e-02 -8.646429777145385742e-01 6.202591657638549805e-01 6.087245345115661621e-01 1.580640822649002075e-01 1.355911195278167725e-01 3.277991414070129395e-01 7.722809314727783203e-01 -5.177897214889526367e-01 1.131025433540344238e+00 -1.885439008474349976e-01 3.431083559989929199e-01 1.564042568206787109e-01 -1.348870843648910522e-01 -1.385693550109863281e-01 2.477195262908935547e-01 4.624655246734619141e-01 1.646309643983840942e-01 6.375323981046676636e-02 6.545936316251754761e-02 -3.797433674335479736e-01 3.122164905071258545e-01 6.406626701354980469e-01 -2.482162117958068848e-01 1.459410637617111206e-01 3.163055479526519775e-01 -4.187407493591308594e-01 6.523433327674865723e-02 -1.461885124444961548e-01 -6.701085567474365234e-01 3.916894495487213135e-01 1.940298825502395630e-01 -2.426901608705520630e-01 -8.621933311223983765e-02
1.388332247734069824e-01 -2.258266955614089966e-01 2.659797072410583496e-01 2.886749804019927979e-01 1.748694032430648804e-01 -2.603854238986968994e-02 -2.952386856079101562e+00 5.748568773269653320e-01 -1.157192945480346680e+00 5.033258795738220215e-01 4.515774548053741455e-01 2.725061178207397461e-01 5.564675331115722656e-01 -3.641873002052307129e-01 6.275223493576049805e-01 3.045096807181835175e-02 1.385550051927566528e-01 1.060386598110198975e-01 2.818205654621124268e-01 6.014785766601562500e-01 7.808243632316589355e-01 -2.740119695663452148e-01 -8.525725603103637695e-01 1.744054555892944336e-01 -3.409410417079925537e-01 2.771230936050415039e-01 2.983591556549072266e-01 3.678845465183258057e-01 2.114787399768829346e-01 -1.470241546630859375e-01 1.688376069068908691e-01 -7.287026047706604004e-01 4.602457582950592041e-01 4.463371634483337402e-01 -3.144336165860295296e-03 2.032672911882400513e-01 2.608374655246734619e-01 7.788451910018920898e-01 -3.444137871265411377e-01 7.605040073394775391e-01 3.759839534759521484e-01 3.889285027980804443e-01 1.173076853156089783e-01 -2.646408975124359131e-01 1.244792416691780090e-01 1.037698704749345779e-02 4.092985987663269043e-01 1.698139123618602753e-02 2.955348491668701172e-01 5.908047035336494446e-02 -6.134166717529296875e-01 1.519019901752471924e-01 3.302425742149353027e-01 -1.543937325477600098e-01 3.314712345600128174e-01 1.638257950544357300e-01 -2.688833475112915039e-01 1.793792098760604858e-01 -5.858128145337104797e-02 -5.274592041969299316e-01 2.111424952745437622e-01 2.083177864551544189e-01 2.893276512622833252e-01 -1.090270746499300003e-02
-1.582483500242233276e-01 4.651407003402709961e-01 2.482245415449142456e-01 -9.066733717918395996e-02 1.690254509449005127e-01 -1.045053452253341675e-01 2.635048031806945801e-01 2.444589883089065552e-01 -9.087496995925903320e-02 3.777170181274414062e-01 5.465238541364669800e-02 3.049030005931854248e-01 -6.722280383110046387e-01 2.176197171211242676e-01 1.242480054497718811e-01 -4.183332994580268860e-02 -1.675398051738739014e-01 3.074632883071899414e-01 3.954941928386688232e-01 -6.787882745265960693e-02 -8.291162252426147461e-01 3.381710499525070190e-02 6.489755213260650635e-02 2.753362953662872314e-01 -3.156940042972564697e-01 1.147633325308561325e-02 3.876392841339111328e-01 4.624130427837371826e-01 -2.068107724189758301e-01 -2.899401187896728516e-01 -7.307865656912326813e-03 5.569955334067344666e-02 -4.541196823120117188e-01 4.959066808223724365e-01 3.731129765510559082e-01 1.665379554033279419e-01 2.847501635551452637e-01 -7.938613295555114746e-01 -1.346849184483289719e-02 -4.060354232788085938e-01 -7.005099952220916748e-02 -2.387653142213821411e-01 1.605259776115417480e-01 1.412191689014434814e-01 -9.177983738481998444e-03 1.211513802409172058e-01 2.870276868343353271e-01 3.604330122470855713e-01 -5.385622382164001465e-01 -2.718749642372131348e-01 3.910388052463531494e-01 1.043459028005599976e-01 3.267685472965240479e-01 -6.272643059492111206e-02 5.033608675003051758e-01 -3.301573693752288818e-01 3.271378278732299805e-01 2.369512319564819336e-01 1.224862709641456604e-01 2.383138053119182587e-02 4.306613802909851074e-01 3.814099133014678955e-01 1.957163214683532715e-01 -2.099724952131509781e-03
-2.074773013591766357e-01 5.301982760429382324e-01 2.340502291917800903e-01 -9.184686094522476196e-02 2.579309642314910889e-01 -7.827331125736236572e-02 3.005453944206237793e-01 2.718918919563293457e-01 -1.147007867693901062e-01 2.582191228866577148e-01 -7.668696343898773193e-02 3.436919748783111572e-01 -8.138256669044494629e-01 4.364860355854034424e-01 3.195720911026000977e-01 -2.469136267900466919e-01 -3.302476406097412109e-01 2.864575982093811035e-01 4.264436662197113037e-01 -1.377092450857162476e-01 -1.061530828475952148e+00 7.921101152896881104e-02 -1.766768246889114380e-01 3.114570975303649902e-01 -5.125964879989624023e-01 1.037961766123771667e-01 3.578009903430938721e-01 4.342120587825775146e-01 -4.588219523429870605e-01 -4.419435858726501465e-01 -5.488794669508934021e-02 1.135858986526727676e-02 -5.640799403190612793e-01 4.649856388568878174e-01 2.955827414989471436e-01 1.383346915245056152e-01 1.447537839412689209e-01 -8.272199034690856934e-01 -8.132373541593551636e-02 -5.784437656402587891e-01 -7.126253098249435425e-02 -2.542156279087066650e-01 1.969568282365798950e-01 9.779728204011917114e-02 1.425908952951431274e-01 2.349267750978469849e-01 1.399753987789154053e-01 4.946133494377136230e-01 -6.690962910652160645e-01 -1.071446761488914490e-01 3.730841875076293945e-01 1.951418668031692505e-01 3.475960493087768555e-01 3.313591331243515015e-02 5.148684978485107422e-01 -1.890634894371032715e-01 2.591110765933990479e-01 1.544663757085800171e-01 1.595748029649257660e-02 5.221419408917427063e-02 4.540883302688598633e-01 2.406829446554183960e-01 6.412897258996963501e-02 1.868380978703498840e-02
-1.683400720357894897e-01 5.684875845909118652e-01 4.294141829013824463e-01 -3.854084387421607971e-02 1.272643655538558960e-01 -4.644436761736869812e-02 2.034810334444046021e-01 3.797093927860260010e-01 -1.862125247716903687e-01 4.143646955490112305e-01 3.686941042542457581e-02 2.618267834186553955e-01 -7.318203449249267578e-01 5.082455277442932129e-01 3.927209675312042236e-01 -2.618880756199359894e-02 -9.737161546945571899e-02 4.036517143249511719e-01 3.421925008296966553e-01 4.590398166328668594e-03 -1.106927633285522461e+00 6.047843024134635925e-02 -1.367738097906112671e-01 2.349549233913421631e-01 -4.459073245525360107e-01 5.128099396824836731e-02 2.442789524793624878e-01 3.936494886875152588e-01 -3.709405660629272461e-01 -2.817940115928649902e-01 -2.473973482847213745e-02 2.933895587921142578e-02 -5.755488872528076172e-01 5.420224666595458984e-01 4.063282907009124756e-01 4.747735336422920227e-02 2.998670935630798340e-01 -8.870429992675781250e-01 -1.049934234470129013e-02 -5.630921125411987305e-01 1.087204739451408386e-01 2.060906216502189636e-02 3.250297904014587402e-01 1.843509972095489502e-01 1.894405335187911987e-01 8.653359115123748779e-02 3.720764815807342529e-01 5.520331263542175293e-01 -5.061287879943847656e-01 -2.953870892524719238e-01 2.583324015140533447e-01 1.285790354013442993e-01 4.973541200160980225e-01 -2.721706032752990723e-02 6.917501091957092285e-01 -3.799193799495697021e-01 3.930474519729614258e-01 2.846660614013671875e-01 1.629307270050048828e-01 1.465430110692977905e-01 3.690909743309020996e-01 2.133414000272750854e-01 1.148979812860488892e-01 -5.655127763748168945e-02
-1.696625053882598877e-01 5.375312566757202148e-01 3.551887869834899902e-01 4.230460897088050842e-02 1.173170059919357300e-01 6.128606945276260376e-02 2.711365222930908203e-01 6.391976773738861084e-02 -1.310303509235382080e-01 1.423236131668090820e-01 -6.255428493022918701e-02 1.462397724390029907e-01 -8.178704380989074707e-01 3.798258900642395020e-01 2.615078389644622803e-01 -1.544695645570755005e-01 -3.229286074638366699e-01 1.642812192440032959e-01 3.445699512958526611e-01 -1.576762944459915161e-01 -9.962356090545654297e-01 1.343000978231430054e-01 -1.096806302666664124e-01 8.299597352743148804e-02 -5.161364674568176270e-01 1.353297978639602661e-01 1.697870492935180664e-01 2.861197292804718018e-01 -3.504779040813446045e-01 -4.040607810020446777e-01 7.667899876832962036e-02 -1.273151487112045288e-01 -5.304055213928222656e-01 3.001260459423065186e-01 2.614292502403259277e-01 9.446018934249877930e-02 2.899067103862762451e-01 -9.756221175193786621e-01 6.847786903381347656e-02 -4.223798513412475586e-01 -4.810211434960365295e-02 -1.398958116769790649e-01 2.471482604742050171e-01 1.007266715168952942e-01 -3.452449664473533630e-02 3.305412828922271729e-02 2.868498265743255615e-01 2.181965559720993042e-01 -7.684117555618286133e-01 -1.660329252481460571e-01 3.127985596656799316e-01 1.155544817447662354e-01 2.945985794067382812e-01 1.363160461187362671e-01 5.342018008232116699e-01 -2.270021289587020874e-01 1.767858564853668213e-01 1.220524385571479797e-01 8.643327653408050537e-02 -1.589704006910324097e-01 2.027647644281387329e-01 2.482865005731582642e-01 5.429039523005485535e-02 -8.562692999839782715e-02
5.942552909255027771e-02 -6.297744065523147583e-02 -1.862711459398269653e-01 -1.098121404647827148e-01 -9.347815811634063721e-02 -3.432016447186470032e-02 -8.396401405334472656e-01 2.378213405609130859e-01 -1.816598057746887207e+00 2.637670338153839111e-01 -5.254924297332763672e-01 3.919804096221923828e-01 3.339827954769134521e-01 2.395256310701370239e-01 2.555405497550964355e-01 1.877373782917857170e-03 1.725338399410247803e-02 4.774269461631774902e-02 5.308747291564941406e-01 3.329644799232482910e-01 9.175270795822143555e-01 2.790497988462448120e-02 3.147841095924377441e-01 3.282875120639801025e-01 -2.754840254783630371e-01 -6.514040827751159668e-01 3.147317767143249512e-01 3.981952965259552002e-01 3.623740375041961670e-01 9.868872761726379395e-01 2.963817678391933441e-02 -3.538663089275360107e-01 4.982156157493591309e-01 4.848894774913787842e-01 2.895959317684173584e-01 -5.812845379114151001e-02 5.326448082923889160e-01 9.905328750610351562e-01 -1.883928626775741577e-01 5.960275530815124512e-01 2.864667214453220367e-02 1.540665626525878906e-01 6.725826114416122437e-02 -1.665818244218826294e-01 4.706613346934318542e-02 2.585359811782836914e-01 1.738612353801727295e-01 9.453469514846801758e-02 2.980678081512451172e-01 6.147955060005187988e-01 -2.101883888244628906e-01 4.441057331860065460e-03 5.326141715049743652e-01 -4.366015270352363586e-02 -1.486757844686508179e-01 4.923351109027862549e-01 -2.440545111894607544e-01 3.818075060844421387e-01 1.659125089645385742e-02 -1.721958070993423462e-01 3.933564424514770508e-01 -2.223805189132690430e-01 -5.495659708976745605e-01 -1.631332747638225555e-02
3.226026594638824463e-01 -5.099584534764289856e-02 -3.379363715648651123e-01 -1.242109537124633789e+00 -1.395542502403259277e+00 9.060221165418624878e-02 1.790261387825012207e+00 -2.582874894142150879e-01 -1.595362275838851929e-01 7.926087826490402222e-02 9.549872577190399170e-02 -7.859784364700317383e-02 5.339095592498779297e-01 -9.036652743816375732e-02 9.846308268606662750e-03 3.695048689842224121e-01 1.356165558099746704e-01 -5.381124019622802734e-01 2.964883744716644287e-01 3.082747757434844971e-01 8.897215723991394043e-01 1.012262821197509766e+00 3.042897582054138184e-01 -9.106645360589027405e-03 7.299011349678039551e-01 -1.542852967977523804e-01 -6.801934242248535156e-01 2.815670706331729889e-02 -1.423522114753723145e+00 8.938180282711982727e-03 -3.585166763514280319e-03 -5.689556896686553955e-02 4.680461287498474121e-01 3.814543485641479492e-01 -5.431198477745056152e-01 -4.093316197395324707e-01 1.916376501321792603e-01 5.905051827430725098e-01 -1.326328992843627930e+00 -9.476787596940994263e-02 1.407515630125999451e-02 -6.582305580377578735e-02 -3.097122907638549805e-01 -2.284722924232482910e-01 -1.092331051826477051e+00 1.607883572578430176e-01 -6.071059107780456543e-01 7.555955648422241211e-02 4.803912341594696045e-01 -6.345794349908828735e-02 7.208144664764404297e-01 -1.996539086103439331e-01 -2.427153736352920532e-01 2.348722368478775024e-01 -3.094628155231475830e-01 3.101103007793426514e-01 -3.019866943359375000e+00 9.815144538879394531e-02 -3.120460808277130127e-01 4.304016828536987305e-01 -4.531407356262207031e-01 -2.304270267486572266e-01 -4.528538286685943604e-01 1.461025476455688477e-01
7.897078394889831543e-01 -4.110306799411773682e-01 -2.345074564218521118e-01 6.967135667800903320e-01 2.527851462364196777e-01 4.633429646492004395e-01 5.967627763748168945e-01 5.919228196144104004e-01 6.918488740921020508e-01 -1.376339644193649292e-01 -3.232803568243980408e-02 -7.975616306066513062e-02 6.230152249336242676e-01 4.051410127431154251e-03 -1.233998313546180725e-01 -3.268538713455200195e-01 -6.498963385820388794e-02 2.296369671821594238e-01 -1.778842061758041382e-01 3.818763196468353271e-01 5.442324280738830566e-01 -1.322538703680038452e-01 5.142964795231819153e-02 1.118000596761703491e-01 7.539813518524169922e-01 1.359558999538421631e-01 1.627846658229827881e-01 -7.486055046319961548e-02 -3.551356196403503418e-01 7.673692703247070312e-02 3.325292468070983887e-01 -8.341129124164581299e-02 4.749917984008789062e-01 -6.615679860115051270e-01 1.302635073661804199e-01 7.267607748508453369e-02 1.140842661261558533e-01 -9.049124270677566528e-02 3.775641918182373047e-01 2.253908663988113403e-01 -3.958385288715362549e-01 -4.259845614433288574e-01 -6.624914705753326416e-02 -2.321130335330963135e-01 -8.582475781440734863e-02 1.966177374124526978e-01 -2.444171346724033356e-02 -1.930044144392013550e-01 1.156624853610992432e-01 -4.861385747790336609e-02 -3.780096769332885742e-01 -8.285260200500488281e-02 -1.289465129375457764e-01 1.284528821706771851e-01 -9.063708186149597168e-01 6.458116322755813599e-02 9.192454069852828979e-02 -7.151684165000915527e-02 3.393208980560302734e-01 4.112420380115509033e-01 2.112625725567340851e-02 -4.246776700019836426e-01 1.418386399745941162e-01 3.937032520771026611e-01
1.534430868923664093e-02 -5.987682961858808994e-04 -1.621921956539154053e-01 2.112145423889160156e-01 2.314837649464607239e-02 -1.005478203296661377e-01 -5.003528594970703125e-01 5.768733024597167969e-01 -1.737820744514465332e+00 2.512781322002410889e-01 -5.514304041862487793e-01 3.359422087669372559e-01 7.331206798553466797e-01 3.919129073619842529e-01 5.320265889167785645e-01 1.987452358007431030e-01 4.036107957363128662e-01 2.089471071958541870e-01 2.117160856723785400e-01 1.090283036231994629e+00 5.939514040946960449e-01 -2.163442671298980713e-01 -5.906348302960395813e-02 3.189283311367034912e-01 -3.437942266464233398e-01 -5.409116744995117188e-01 1.970633864402770996e-01 4.412505030632019043e-01 3.418025970458984375e-01 1.160232573747634888e-01 1.055838726460933685e-02 -6.507898569107055664e-01 5.666316151618957520e-01 -3.164591640233993530e-02 1.464010924100875854e-01 2.970621287822723389e-01 5.156953930854797363e-01 6.421421766281127930e-01 -3.428862392902374268e-01 1.189422726631164551e+00 9.479718655347824097e-02 8.217407763004302979e-02 5.645220875740051270e-01 3.592999577522277832e-01 7.156054973602294922e-01 1.780412048101425171e-01 4.125821590423583984e-01 3.850666582584381104e-01 6.049290895462036133e-01 4.452258646488189697e-01 -6.494328379631042480e-01 1.995303928852081299e-01 3.983987867832183838e-01 1.740968823432922363e-01 1.477460861206054688e-01 2.667332589626312256e-01 -2.444640994071960449e-01 5.363891720771789551e-01 -3.172926604747772217e-02 -5.553524494171142578e-01 3.830681443214416504e-01 2.161110006272792816e-02 -4.999316632747650146e-01 -1.742295026779174805e-01
