-4.223632216453552246e-01
9.271357655525207520e-01
8.974952697753906250e-01
5.044203400611877441e-01
-5.136223435401916504e-01
8.117628693580627441e-01
3.559634387493133545e-01
8.454621583223342896e-02
8.799573779106140137e-01
-2.856588065624237061e-01
6.046982407569885254e-01
2.631143331527709961e-01
-2.199984937906265259e-01
3.260561227798461914e-01
-3.317958712577819824e-01
5.204146504402160645e-01
7.879581451416015625e-01
-5.624545812606811523e-01
1.120540499687194824e-02
-8.194670081138610840e-03
4.868242517113685608e-02
-2.238011360168457031e-01
-6.538794040679931641e-01
2.651576995849609375e-01
-6.818111240863800049e-02
-1.049396872520446777e+00
-1.129364728927612305e+00
6.628121733665466309e-01
4.468862116336822510e-01
-1.752951025962829590e+00
9.240912795066833496e-01
4.100736677646636963e-01
8.119394183158874512e-01
2.257516533136367798e-01
7.204097509384155273e-01
-6.270446181297302246e-01
1.111072897911071777e+00
7.432819604873657227e-01
-1.188253521919250488e+00
-3.674971461296081543e-01
-2.708372771739959717e-01
-3.411108553409576416e-01
1.153729319572448730e+00
6.447171568870544434e-01
-1.738236695528030396e-01
-1.121828317642211914e+00
5.872517824172973633e-02
-4.528745114803314209e-01
5.532226562500000000e-01
-6.046693921089172363e-01
3.165032267570495605e-01
-8.340954780578613281e-01
6.550838947296142578e-01
-2.597981393337249756e-01
3.336673080921173096e-01
1.003329992294311523e+00
-7.726216316223144531e-02
-9.817110896110534668e-01
-2.868802547454833984e-01
1.278608441352844238e-01
-1.005385220050811768e-01
-1.789594292640686035e+00
-1.166087090969085693e-01
7.006509304046630859e-01
