1.609641551971435547e+00 3.654711544513702393e-01 1.005055546760559082e+00 3.365578055381774902e-01 6.068615317344665527e-01 -1.590717732906341553e-01 -4.251971840858459473e-02 4.144830256700515747e-02
7.252016663551330566e-01 -5.737452507019042969e-01 3.446864187717437744e-01 -4.282825887203216553e-01 3.681823909282684326e-01 -3.366829454898834229e-01 1.985584497451782227e-01 1.500475686043500900e-02
4.896070361137390137e-01 4.008513316512107849e-02 -4.596517980098724365e-01 -1.976957321166992188e-01 2.120206877589225769e-02 1.045452237129211426e+00 -5.930556654930114746e-01 -7.658494263887405396e-02
-1.530351024121046066e-02 -4.276463091373443604e-01 -2.157706022262573242e+00 -2.416340410709381104e-01 -1.648437976837158203e+00 1.513087423518300056e-03 -3.396539390087127686e-01 4.114061892032623291e-01
2.811074815690517426e-02 3.197379410266876221e-01 6.231656074523925781e-01 4.803905263543128967e-02 2.430599415674805641e-04 -1.386609226465225220e-01 1.362530440092086792e-01 -4.715279042720794678e-01
-2.430263757705688477e-01 7.808437198400497437e-02 -7.446742802858352661e-02 3.510476946830749512e-01 8.647084236145019531e-02 4.817946553230285645e-01 6.434783339500427246e-02 -2.464295327663421631e-01
-7.892524003982543945e-01 2.476382702589035034e-01 -1.375989168882369995e-01 2.634000480175018311e-01 -2.521174252033233643e-01 1.110096946358680725e-01 -6.546170711517333984e-01 1.293972730636596680e-01
3.850684463977813721e-01 -9.614878147840499878e-02 -3.191580772399902344e-01 -2.557911574840545654e-01 1.703530400991439819e-01 1.406657993793487549e-01 1.323276162147521973e-01 2.376724267378449440e-03
-8.613937497138977051e-01 1.727295666933059692e-01 1.758680343627929688e-01 5.822212100028991699e-01 -4.276403188705444336e-01 1.214532367885112762e-02 -1.020997524261474609e+00 2.370840311050415039e-02
-8.278252929449081421e-02 -6.225048750638961792e-02 2.821210920810699463e-01 8.993100374937057495e-02 -2.795190215110778809e-01 2.421611733734607697e-02 1.018039807677268982e-01 -1.236139331012964249e-03
6.051514744758605957e-01 -6.711106002330780029e-02 -3.579854369163513184e-01 -1.498378962278366089e-01 1.022928655147552490e-01 8.487219214439392090e-01 -4.082145392894744873e-01 -3.183503821492195129e-02
1.660079956054687500e+00 1.203298419713973999e-01 -1.235686540603637695e+00 -2.544419169425964355e-01 -8.296841382980346680e-01 2.855848893523216248e-02 2.562970221042633057e-01 -1.735386848449707031e-01
1.007754087448120117e+00 8.560571074485778809e-01 6.471912860870361328e-01 6.573885679244995117e-01 2.531112730503082275e-01 6.124126538634300232e-02 5.896400660276412964e-02 -1.344105321913957596e-02
-8.485062122344970703e-01 -1.705396473407745361e-01 7.526742666959762573e-02 -5.144504830241203308e-03 2.608213722705841064e-01 -5.182286500930786133e-01 -6.534626334905624390e-02 4.700342416763305664e-01
1.846155226230621338e-01 6.853355169296264648e-01 -7.776564955711364746e-01 8.611119985580444336e-01 -3.897042870521545410e-01 1.976281255483627319e-01 -1.200539059937000275e-02 9.923085570335388184e-03
7.011920809745788574e-01 -6.049122810363769531e-01 -9.865946173667907715e-01 -1.706638783216476440e-01 -1.563259243965148926e+00 3.120132489129900932e-03 -6.396081447601318359e-01 1.790779083967208862e-02
-5.686901807785034180e-01 6.289773434400558472e-02 1.176758781075477600e-01 4.229911267757415771e-01 1.531783342361450195e-01 1.444029659032821655e-01 3.605371713638305664e-01 1.300086230039596558e-01
6.958918571472167969e-01 7.865557074546813965e-01 7.554093599319458008e-01 8.571763038635253906e-01 1.053316285833716393e-03 3.659718632698059082e-01 -6.625208258628845215e-02 6.666118744760751724e-03
3.776538670063018799e-01 -7.765475511550903320e-01 3.964256048202514648e-01 -8.254297375679016113e-01 6.208094954490661621e-02 1.232285201549530029e-01 -3.004755638539791107e-02 2.418201044201850891e-02
-6.375679373741149902e-01 -1.382252946496009827e-02 1.724683940410614014e-01 3.705657646059989929e-02 -4.148399233818054199e-01 2.356065958738327026e-01 -3.272154033184051514e-01 -2.158028483390808105e-01
7.584967464208602905e-02 4.795200824737548828e-01 -6.049218773841857910e-01 4.719417095184326172e-01 -8.800611644983291626e-02 8.721441626548767090e-01 -4.089457392692565918e-01 -5.226014554500579834e-02
1.070487856864929199e+00 3.108312189579010010e-01 8.020420074462890625e-01 8.172436952590942383e-01 1.666889339685440063e-02 3.321347832679748535e-01 -7.136833667755126953e-02 4.008891060948371887e-02
-6.927557587623596191e-01 6.626946926116943359e-01 -2.729137539863586426e-01 4.382230043411254883e-01 1.103622764348983765e-01 7.247316837310791016e-02 1.407828647643327713e-02 -9.802620857954025269e-03
-4.369978308677673340e-01 -1.505148559808731079e-01 1.820726320147514343e-02 2.281274050474166870e-01 5.553914606571197510e-02 -3.688490390777587891e-02 2.186575382947921753e-01 -1.648997664451599121e-01
2.937811613082885742e-01 -4.086368978023529053e-01 -1.228375792503356934e+00 2.331452667713165283e-01 -9.475717544555664062e-01 5.192111134529113770e-01 2.820834219455718994e-01 -2.470914721488952637e-01
2.600989639759063721e-01 -6.237773299217224121e-01 -5.365083813667297363e-01 -7.911015152931213379e-01 2.999441623687744141e-01 -6.638962626457214355e-01 1.649869829416275024e-01 1.602274179458618164e-01
8.033865690231323242e-02 -6.708294153213500977e-02 4.215753972530364990e-01 5.980348214507102966e-02 4.175917506217956543e-01 -2.108673006296157837e-01 1.474331915378570557e-01 -2.205426096916198730e-01
-8.886156082153320312e-01 6.674212217330932617e-02 8.558310568332672119e-03 -1.623359620571136475e-01 2.188549041748046875e-01 -3.248348534107208252e-01 3.142347335815429688e-01 -3.704662621021270752e-01
6.705009937286376953e-01 -2.674264311790466309e-01 -1.319417953491210938e-01 -1.882484257221221924e-01 5.692033171653747559e-01 2.277920246124267578e-01 -2.124140560626983643e-01 3.812969895079731941e-03
-4.596053808927536011e-02 9.040278196334838867e-02 7.015089988708496094e-01 5.117095634341239929e-02 7.621240615844726562e-01 -2.298034727573394775e-01 3.856145963072776794e-02 -6.505555473268032074e-03
-1.044965581968426704e-03 3.384048491716384888e-02 -8.061286807060241699e-01 5.001448094844818115e-02 6.299681030213832855e-03 5.021982789039611816e-01 -4.512385725975036621e-01 3.561212494969367981e-02
-6.128361821174621582e-01 3.455300033092498779e-01 6.218306953087449074e-04 2.542264573276042938e-02 1.628791242837905884e-01 5.627862215042114258e-01 -4.401225149631500244e-01 1.804715394973754883e-02
-2.688894271850585938e-01 2.911248207092285156e-01 2.205978929996490479e-01 2.645353078842163086e-01 2.379087358713150024e-01 2.655963897705078125e-01 3.108746111392974854e-01 1.835545003414154053e-01
-6.102634668350219727e-01 -5.321675911545753479e-02 -3.789703130722045898e+00 -2.095189541578292847e-01 -2.248874664306640625e+00 2.751304805278778076e-01 1.412624120712280273e-01 -5.916073545813560486e-02
6.140797138214111328e-01 3.334653377532958984e-01 -5.385209918022155762e-01 -4.346504434943199158e-02 3.880366086959838867e-01 1.508930176496505737e-01 -2.850880026817321777e-01 -4.372083842754364014e-01
1.706188797950744629e+00 -1.336846798658370972e-01 1.773402392864227295e-01 -2.528896033763885498e-01 1.143209695816040039e+00 -2.257978916168212891e-01 -7.008384168148040771e-02 -4.480172693729400635e-02
1.016446113586425781e+00 -2.625559866428375244e-01 2.584857940673828125e-01 -9.396368265151977539e-02 5.679380297660827637e-01 2.952733449637889862e-02 2.624811828136444092e-01 9.432901442050933838e-02
-6.216564178466796875e-01 -2.207302749156951904e-01 1.005629748106002808e-01 3.173288106918334961e-01 -1.586838364601135254e-01 -1.440443564206361771e-02 3.196220397949218750e-01 2.348858304321765900e-02
7.503761649131774902e-01 -1.687873899936676025e-01 7.397148609161376953e-01 -2.709600627422332764e-01 5.371645689010620117e-01 -2.301921136677265167e-02 9.445207566022872925e-02 2.795345708727836609e-02
9.883579015731811523e-01 3.262381553649902344e-01 5.563703179359436035e-01 1.471199691295623779e-01 -5.447199102491140366e-03 1.616495400667190552e-01 -1.008650809526443481e-01 -1.466736197471618652e-01
-1.138258352875709534e-01 3.052002750337123871e-02 -1.762354932725429535e-02 2.383347973227500916e-02 2.935338765382766724e-02 3.299640491604804993e-02 8.062497526407241821e-02 1.753392815589904785e-02
-9.651657342910766602e-01 4.914640486240386963e-01 -7.652994990348815918e-01 6.161438226699829102e-01 6.894915550947189331e-02 2.399315237998962402e-01 -1.395873632282018661e-02 -1.005979180335998535e-01
-1.076594516634941101e-01 -6.224734336137771606e-02 -4.790056049823760986e-01 3.213366866111755371e-02 -3.398638963699340820e-01 1.063046455383300781e+00 -7.573587894439697266e-01 -5.399581789970397949e-02
9.275405406951904297e-01 2.468434721231460571e-01 -1.050056144595146179e-01 -4.835526645183563232e-01 3.363469541072845459e-01 1.510109156370162964e-01 -1.068130731582641602e-01 -3.781953593716025352e-03
-2.237664759159088135e-01 -2.023956477642059326e-01 -1.726129502058029175e-01 1.632187366485595703e-01 -2.150841951370239258e-01 1.924053952097892761e-02 4.445754364132881165e-02 -7.947064936161041260e-03
-6.471530348062515259e-02 2.916987836360931396e-01 8.421268463134765625e-01 4.367955029010772705e-02 2.893731594085693359e-01 -4.700801074504852295e-01 3.794086223933845758e-04 -1.977756619453430176e-02
2.635476589202880859e-01 -1.598750501871109009e-01 2.805707156658172607e-01 -9.842309355735778809e-02 -4.115152657032012939e-01 1.572616957128047943e-02 1.929186098277568817e-02 -1.917979307472705841e-02
-1.210697531700134277e+00 4.686441645026206970e-02 6.472882032394409180e-01 -2.806460112333297729e-02 3.233074843883514404e-01 3.261944949626922607e-01 3.872455060482025146e-01 8.335668593645095825e-03
4.412412047386169434e-01 2.935119271278381348e-01 -1.032038569450378418e+00 4.694809913635253906e-01 2.944011986255645752e-01 3.090278990566730499e-02 -5.183290243148803711e-01 1.141445711255073547e-01
5.101795196533203125e-01 6.418895125389099121e-01 7.025747299194335938e-01 6.788024902343750000e-01 -6.968537345528602600e-03 3.555562794208526611e-01 5.322843790054321289e-02 6.384328939020633698e-03
1.101432085037231445e+00 -9.703721851110458374e-03 -1.365814924240112305e+00 -1.167703270912170410e-01 -2.953984588384628296e-02 4.508263766765594482e-01 2.414185553789138794e-02 6.608231458812952042e-03
1.563611030578613281e+00 3.921074792742729187e-02 1.624738126993179321e-01 -2.746852636337280273e-01 9.679988622665405273e-01 -5.594175457954406738e-01 -8.857125788927078247e-02 -2.666887082159519196e-02
5.444255471229553223e-01 2.575559914112091064e-01 -1.272417139261960983e-02 -3.917276263236999512e-01 4.711918905377388000e-02 3.385823965072631836e-01 1.529917120933532715e-01 3.423844650387763977e-02
7.772336006164550781e-01 3.363103866577148438e-01 6.351249814033508301e-01 6.282123327255249023e-01 2.057523094117641449e-02 2.639842033386230469e-01 -6.182354688644409180e-02 2.181690372526645660e-02
3.869324624538421631e-01 8.044115304946899414e-01 -1.466399431228637695e+00 5.588904023170471191e-01 -8.004973530769348145e-01 2.683458030223846436e-01 -4.871639609336853027e-02 2.907382138073444366e-02
-1.236306786537170410e+00 1.128973215818405151e-01 -1.635845661163330078e+00 5.701539516448974609e-01 -9.547002911567687988e-01 -4.071477428078651428e-02 -2.734947204589843750e-01 -4.274012520909309387e-02
-6.438786536455154419e-02 -6.306523829698562622e-02 7.087614387273788452e-02 2.880023717880249023e-01 -3.776610642671585083e-02 2.481636554002761841e-01 -2.617703974246978760e-01 6.730729341506958008e-02
-9.991991519927978516e-01 2.927409708499908447e-01 5.058334469795227051e-01 3.811260163784027100e-01 -7.162819504737854004e-01 -2.398394942283630371e-01 -3.891592472791671753e-02 -1.012221574783325195e-01
3.043274402618408203e+00 3.827858865261077881e-01 -4.462433159351348877e-01 -3.691764548420906067e-02 -1.042108610272407532e-01 3.788306144997477531e-03 -6.011286750435829163e-03 7.835442200303077698e-03
7.989193201065063477e-01 -7.854077816009521484e-01 2.702824473381042480e-01 -1.045915603637695312e+00 8.023525029420852661e-02 2.656374573707580566e-01 -1.126397132873535156e+00 3.981108777225017548e-03
2.197358198463916779e-02 -2.273341268301010132e-01 -2.141916155815124512e-01 2.419728338718414307e-01 2.421227097511291504e-01 7.361804693937301636e-02 8.515249192714691162e-02 -1.660767942667007446e-02
1.481778472661972046e-01 9.702539443969726562e-01 -8.782241493463516235e-03 7.288746833801269531e-01 3.437606990337371826e-01 5.758128687739372253e-02 -2.509486675262451172e-01 -1.726999646052718163e-03
-8.048804402351379395e-01 -4.010282084345817566e-02 -1.082180023193359375e+00 2.912910878658294678e-01 -4.201213419437408447e-01 2.776157855987548828e-01 -1.991857588291168213e-02 -1.074835658073425293e-01
1.434010148048400879e+00 5.489500239491462708e-02 -3.979053735733032227e+00 1.366682201623916626e-01 -1.805342078208923340e+00 1.530099660158157349e-02 -1.578601151704788208e-01 -3.871428966522216797e-02
