3.171920478343963623e-01
-8.759919404983520508e-01
7.791013717651367188e-01
2.049335688352584839e-01
8.000610470771789551e-01
9.299308061599731445e-01
3.415639698505401611e-01
8.940458297729492188e-01
7.218834757804870605e-01
2.941048741340637207e-01
9.434819817543029785e-01
4.440121650695800781e-01
2.810826003551483154e-01
7.137461900711059570e-01
6.701523661613464355e-01
7.121376395225524902e-01
1.732757538557052612e-01
2.224872112274169922e-01
2.666849493980407715e-01
3.371092975139617920e-01
2.537840008735656738e-01
8.991888165473937988e-01
2.522078156471252441e-01
6.285336017608642578e-01
7.715862393379211426e-01
-6.952379345893859863e-01
7.526046633720397949e-01
7.727197408676147461e-01
1.789094209671020508e-01
2.305725216865539551e-01
6.633621454238891602e-01
7.570312023162841797e-01
