-6.112715005874633789e-01 3.641794919967651367e-01 3.768534362316131592e-01 -4.006354429293423891e-04 -1.850757747888565063e-01 2.342914044857025146e-01 -3.718214109539985657e-02 3.359777852892875671e-02 2.514052763581275940e-02 8.938945084810256958e-02 4.230179488658905029e-01 -3.174127265810966492e-02 -1.373086422681808472e-01 1.418347209692001343e-01 1.844411790370941162e-01 9.537676572799682617e-01 2.139476090669631958e-01 -5.485348105430603027e-01 2.251059114933013916e-01 1.162578761577606201e-01 3.107220232486724854e-01 -2.305976003408432007e-01 -6.864418089389801025e-02 1.126016452908515930e-01 -3.019523620605468750e-01 -7.562304288148880005e-02 2.562709748744964600e-01 1.897193193435668945e-01 5.727000236511230469e-01 -3.154158353805541992e+00 4.515068531036376953e-01 1.336150765419006348e-01 4.473428726196289062e-01 3.288735151290893555e-01 4.246595203876495361e-01 -7.105342149734497070e-01 5.242250561714172363e-01 2.712482511997222900e-01 1.988569617271423340e+00 -7.023924589157104492e-01 5.034693330526351929e-02 3.439215198159217834e-02 4.431104362010955811e-01 3.049566745758056641e-01 7.714838534593582153e-02 -2.936128675937652588e-01 9.575272910296916962e-03 -3.642619550228118896e-01 1.744129061698913574e-01 -3.916597664356231689e-01 -3.607186675071716309e-01 1.610733866691589355e-01 2.798799872398376465e-01 -7.419169694185256958e-02 4.000328183174133301e-01 6.324235796928405762e-01 1.716144382953643799e-01 -6.371083259582519531e-01 8.233429193496704102e-01 3.636977076530456543e-01 -6.226638704538345337e-02 -1.550246119499206543e+00 -1.970650851726531982e-01 -8.336676359176635742e-01
-5.219877958297729492e-01 3.240697681903839111e-01 2.118167132139205933e-01 2.762289047241210938e-01 -1.994843244552612305e+00 -7.254355549812316895e-01 -4.391711950302124023e-01 9.606890380382537842e-02 -8.903819918632507324e-01 -4.909935295581817627e-01 2.255787998437881470e-01 3.938985764980316162e-01 -2.809988260269165039e-01 -6.705118715763092041e-02 -6.354438662528991699e-01 7.562117576599121094e-01 -5.094901919364929199e-01 -1.112081184983253479e-01 6.279833316802978516e-01 1.570010632276535034e-01 7.876876741647720337e-02 -3.690521419048309326e-01 -9.260299056768417358e-02 1.338280737400054932e-01 6.333885341882705688e-02 1.703295469284057617e+00 -1.156865358352661133e+00 1.525104939937591553e-01 4.632512480020523071e-02 1.494835615158081055e+00 4.931924939155578613e-01 -2.695010006427764893e-01 -9.220755696296691895e-01 1.745712637901306152e+00 -2.817606031894683838e-01 1.965555787086486816e+00 -2.679260075092315674e-01 -4.981204401701688766e-03 1.202753305435180664e+00 -1.090770661830902100e-01 -2.867384348064661026e-03 1.451504975557327271e-01 2.068994790315628052e-01 8.337615132331848145e-01 4.059639573097229004e-02 2.642834186553955078e-01 -1.720094233751296997e-01 -3.886975049972534180e-01 2.336477488279342651e-01 -1.484772413969039917e-01 1.961220800876617432e-02 8.882539868354797363e-01 -3.006105422973632812e-01 -1.979879885911941528e-01 1.391342133283615112e-01 -9.554862976074218750e-01 -6.394117474555969238e-01 -8.705257773399353027e-01 7.516592144966125488e-01 8.964062929153442383e-01 1.703318953514099121e-01 7.891743183135986328e-01 3.188570216298103333e-02 -6.576389074325561523e-02
2.280573844909667969e-01 5.436885952949523926e-01 3.040804862976074219e-01 -9.854040294885635376e-02 -5.823530629277229309e-02 1.902267634868621826e-01 2.094939947128295898e-01 2.163348644971847534e-01 5.600897669792175293e-01 -3.070298582315444946e-02 2.781676650047302246e-01 -2.708894312381744385e-01 3.177565634250640869e-01 2.294391244649887085e-01 6.351477503776550293e-01 -7.689308524131774902e-01 3.731729388236999512e-01 -7.098519802093505859e-02 -4.470031261444091797e-01 2.804458439350128174e-01 -3.202930390834808350e-01 1.509207673370838165e-02 -1.089021414518356323e-01 2.662024199962615967e-01 4.671690464019775391e-01 -2.153354734182357788e-01 -2.623680830001831055e-01 2.219417244195938110e-01 2.933557629585266113e-01 -3.698598742485046387e-01 3.484873771667480469e-01 2.005728036165237427e-01 2.236897051334381104e-01 -7.708550691604614258e-01 -2.454342134296894073e-02 8.625604957342147827e-02 4.250852465629577637e-01 1.203838065266609192e-01 -4.828205108642578125e-01 -3.150723129510879517e-02 -1.403119713068008423e-01 -3.233587145805358887e-01 4.082055389881134033e-01 1.841532737016677856e-01 1.495146453380584717e-01 -1.781245470046997070e-01 1.414991021156311035e-01 4.734990596771240234e-01 -2.546694576740264893e-01 -2.041068822145462036e-01 5.099523067474365234e-01 4.751608967781066895e-01 5.605885386466979980e-02 -4.927818849682807922e-02 -4.228248596191406250e-01 -5.505020022392272949e-01 1.200978234410285950e-01 -3.067079484462738037e-01 -1.060711741447448730e+00 -9.157386422157287598e-01 -1.019059941172599792e-01 -1.709974288940429688e+00 2.770448625087738037e-01 4.380684196949005127e-01
-6.048398017883300781e-01 3.384321033954620361e-01 4.229823052883148193e-01 6.000963598489761353e-02 -2.961404025554656982e-01 3.249372839927673340e-01 5.392207950353622437e-02 1.524223685264587402e-01 -7.010670006275177002e-02 -3.806662932038307190e-02 4.295129776000976562e-01 1.185850277543067932e-01 -1.252537369728088379e-01 1.196962818503379822e-01 4.044930636882781982e-02 9.092282056808471680e-01 2.704876661300659180e-01 -4.709980487823486328e-01 1.382574290037155151e-01 5.195801705121994019e-02 3.629716038703918457e-01 -1.114203482866287231e-01 8.111578971147537231e-02 2.303942143917083740e-01 -3.803123235702514648e-01 -2.722000181674957275e-01 3.147124946117401123e-01 9.458103775978088379e-02 5.356283783912658691e-01 -2.980654239654541016e+00 2.452237010002136230e-01 7.175998389720916748e-02 3.143804967403411865e-01 4.739982485771179199e-01 4.471330344676971436e-01 -9.177164435386657715e-01 3.892016708850860596e-01 2.256589233875274658e-01 2.154017686843872070e+00 -5.927954316139221191e-01 9.419333189725875854e-02 -1.253758072853088379e-01 2.865941524505615234e-01 1.903291046619415283e-01 1.712443828582763672e-01 -1.954871714115142822e-01 2.190472632646560669e-01 -2.964535355567932129e-01 1.448108553886413574e-01 -3.404917120933532715e-01 -2.500414550304412842e-01 1.613909453153610229e-01 2.503893375396728516e-01 5.039660632610321045e-02 2.257578670978546143e-01 5.870315432548522949e-01 2.395482063293457031e-01 -4.754501879215240479e-01 7.581358551979064941e-01 4.397192299365997314e-01 -1.279902458190917969e-01 -1.504848241806030273e+00 -2.814854681491851807e-01 -8.356623053550720215e-01
3.851060271263122559e-01 4.560182392597198486e-01 1.493352502584457397e-01 -3.494910597801208496e-01 6.848637014627456665e-02 2.354375272989273071e-01 1.575665026903152466e-01 2.227651141583919525e-02 6.241149306297302246e-01 -5.668629333376884460e-02 1.707031130790710449e-01 -2.783625423908233643e-01 3.101786673069000244e-01 3.782482147216796875e-01 6.284038424491882324e-01 -8.084929585456848145e-01 3.112761676311492920e-01 -3.524159267544746399e-02 -4.224190413951873779e-01 1.340749561786651611e-01 -2.329828888177871704e-01 4.754871502518653870e-02 -1.258613020181655884e-01 1.582708507776260376e-01 4.532597064971923828e-01 -2.115186005830764771e-01 -2.452014237642288208e-01 2.312646359205245972e-01 2.795028984546661377e-01 -4.109770059585571289e-01 4.397104680538177490e-01 1.795561909675598145e-01 1.361378729343414307e-01 -6.435648798942565918e-01 1.794266998767852783e-01 6.155733764171600342e-02 3.199618160724639893e-01 2.384348511695861816e-01 -5.928487181663513184e-01 -5.136818066239356995e-02 -3.938316181302070618e-02 -1.594130396842956543e-01 3.480388224124908447e-01 1.684699505567550659e-01 1.054622828960418701e-01 -1.108277216553688049e-01 8.229809999465942383e-02 5.112810134887695312e-01 -3.131242096424102783e-01 -1.787789165973663330e-01 6.225638985633850098e-01 5.464835166931152344e-01 9.933815151453018188e-02 -7.059846073389053345e-02 -2.987136840820312500e-01 -8.505232334136962891e-01 1.617589890956878662e-01 -1.729171425104141235e-01 -1.139238357543945312e+00 -7.498324513435363770e-01 1.086522638797760010e-01 -1.624042987823486328e+00 4.572661519050598145e-01 5.518545508384704590e-01
4.588179290294647217e-01 4.741506874561309814e-01 4.711983501911163330e-01 -2.955920398235321045e-01 1.220203340053558350e-01 4.027647674083709717e-01 2.745510935783386230e-01 1.016356199979782104e-01 6.042549014091491699e-01 2.912833914160728455e-02 3.440695703029632568e-01 -7.657239586114883423e-02 4.179795980453491211e-01 3.242538571357727051e-01 4.858626425266265869e-01 -9.630686044692993164e-01 4.199625849723815918e-01 6.718134880065917969e-02 -4.566141366958618164e-01 2.751912176609039307e-01 -2.838232219219207764e-01 7.752867788076400757e-02 -2.374884486198425293e-01 2.533109188079833984e-01 3.743968904018402100e-01 -1.193359792232513428e-01 -4.500287026166915894e-02 3.704495429992675781e-01 2.075835764408111572e-01 -2.406114190816879272e-01 3.234064579010009766e-01 2.960565686225891113e-01 3.957698643207550049e-01 -7.845872044563293457e-01 9.935078024864196777e-02 3.373578935861587524e-02 3.994853794574737549e-01 2.860608398914337158e-01 -4.528297781944274902e-01 6.167855858802795410e-02 2.874171920120716095e-02 -1.413833349943161011e-01 4.584257602691650391e-01 2.016545385122299194e-01 2.700547128915786743e-02 1.095425710082054138e-02 6.010362878441810608e-02 6.950218677520751953e-01 -1.511984616518020630e-01 -1.520084738731384277e-01 5.963857769966125488e-01 4.237604439258575439e-01 3.693498671054840088e-01 6.666020303964614868e-02 -2.225902378559112549e-01 -6.149141192436218262e-01 1.721334904432296753e-01 -2.497356981039047241e-01 -9.847322702407836914e-01 -7.210959196090698242e-01 -8.617787063121795654e-02 -1.601532340049743652e+00 3.501201570034027100e-01 4.389732480049133301e-01
-9.168232679367065430e-01 2.906161546707153320e-01 3.555415868759155273e-01 5.161341279745101929e-02 -2.209118902683258057e-01 3.676616847515106201e-01 2.149302810430526733e-01 2.728106975555419922e-01 1.525437235832214355e-01 1.381190866231918335e-02 1.963246017694473267e-01 9.869724512100219727e-02 -4.200288653373718262e-01 3.968923985958099365e-01 2.787757515907287598e-01 1.230261802673339844e+00 5.361136794090270996e-01 -8.182060718536376953e-01 2.326688468456268311e-01 1.843762695789337158e-01 4.123764634132385254e-01 -5.578780770301818848e-01 1.255473345518112183e-01 5.093668103218078613e-01 -3.385355928912758827e-03 -1.319784298539161682e-02 1.355424284934997559e+00 4.928786456584930420e-01 3.036202788352966309e-01 -2.488496065139770508e+00 4.992180466651916504e-01 7.353603839874267578e-02 4.561687409877777100e-01 5.746602416038513184e-01 2.250482887029647827e-01 -3.227753341197967529e-01 5.100830197334289551e-01 3.718998134136199951e-01 2.046926021575927734e-01 -8.386002182960510254e-01 -9.239624440670013428e-02 2.098681330680847168e-01 4.039081931114196777e-01 -1.465700268745422363e-01 9.936987608671188354e-02 -2.155576795339584351e-01 1.637081056833267212e-01 -2.788982689380645752e-01 4.587888121604919434e-01 -6.868401765823364258e-01 -3.615533113479614258e-01 4.071207344532012939e-01 3.382954895496368408e-01 -3.383995592594146729e-01 2.414532005786895752e-01 5.409925580024719238e-01 -3.337326273322105408e-02 -5.157321691513061523e-01 8.769575357437133789e-01 5.814629197120666504e-01 9.427361935377120972e-02 -1.100674629211425781e+00 -1.499698907136917114e-01 -6.242928504943847656e-01
4.159343242645263672e-01 5.639185905456542969e-01 2.823652029037475586e-01 -1.867060363292694092e-01 1.263749897480010986e-01 3.535723388195037842e-01 4.074595570564270020e-01 2.725877761840820312e-01 6.355541944503784180e-01 4.497653990983963013e-02 2.177067250013351440e-01 -1.058209016919136047e-01 4.344803094863891602e-01 3.074810206890106201e-01 6.441097259521484375e-01 -9.762634634971618652e-01 2.454642951488494873e-01 1.454996913671493530e-01 -3.434925973415374756e-01 1.349118798971176147e-01 -2.721594274044036865e-01 8.365684747695922852e-02 -1.836063116788864136e-01 2.524145543575286865e-01 3.321675062179565430e-01 -1.443545669317245483e-01 -2.848166525363922119e-01 2.998109757900238037e-01 3.978435397148132324e-01 -2.459539920091629028e-01 3.343954384326934814e-01 2.074062228202819824e-01 2.864712178707122803e-01 -6.882826089859008789e-01 -2.079811692237854004e-02 9.625478088855743408e-02 3.315956294536590576e-01 3.228793442249298096e-01 -5.138583183288574219e-01 -1.386613696813583374e-01 2.312109619379043579e-02 -2.059171497821807861e-01 5.460432767868041992e-01 7.184248417615890503e-02 4.367372766137123108e-02 -1.172468215227127075e-01 -2.950974926352500916e-02 5.880186557769775391e-01 -3.632257878780364990e-01 -8.467253297567367554e-02 5.643672943115234375e-01 5.371574163436889648e-01 2.114895433187484741e-01 1.270461082458496094e-01 -3.521449565887451172e-01 -6.085472106933593750e-01 4.541059955954551697e-02 -2.941209077835083008e-01 -1.081810355186462402e+00 -8.426473736763000488e-01 2.935140579938888550e-02 -1.501839280128479004e+00 2.780998051166534424e-01 5.618816018104553223e-01
4.776580333709716797e-01 5.016677379608154297e-01 4.194633960723876953e-01 -1.381198763847351074e-01 -4.561213776469230652e-02 3.945524394512176514e-01 2.282422035932540894e-01 1.657896041870117188e-01 4.941700696945190430e-01 -4.623306170105934143e-02 1.608926504850387573e-01 -1.132784932851791382e-01 2.377125769853591919e-01 3.625974953174591064e-01 4.747714102268218994e-01 -9.914343357086181641e-01 2.252012044191360474e-01 1.129366308450698853e-01 -4.598610103130340576e-01 2.241476327180862427e-01 -2.081760168075561523e-01 2.966958843171596527e-02 -1.978560239076614380e-01 1.846050173044204712e-01 4.920804500579833984e-01 -1.694073230028152466e-01 -2.376614362001419067e-01 4.976334571838378906e-01 1.719100773334503174e-01 -2.719502449035644531e-01 3.224846720695495605e-01 3.833250105381011963e-01 3.127084672451019287e-01 -6.548106670379638672e-01 2.553600072860717773e-01 -4.101848602294921875e-02 3.976548910140991211e-01 3.767602741718292236e-01 -5.715587735176086426e-01 -2.845805697143077850e-02 1.270345225930213928e-02 -2.786372601985931396e-01 5.544900298118591309e-01 1.137661710381507874e-01 2.864571101963520050e-02 5.393942818045616150e-02 9.891266375780105591e-02 5.503116846084594727e-01 -3.076289892196655273e-01 -4.182192310690879822e-02 6.947509646415710449e-01 5.052264332771301270e-01 2.529853582382202148e-01 9.767371416091918945e-02 -2.540670931339263916e-01 -6.169070601463317871e-01 8.280713856220245361e-02 -1.413722634315490723e-01 -1.076631426811218262e+00 -7.356373071670532227e-01 -9.273111820220947266e-02 -1.567834615707397461e+00 2.713070213794708252e-01 5.885229110717773438e-01
-4.491493999958038330e-01 2.098569571971893311e-01 4.603518843650817871e-01 5.183487012982368469e-02 -1.580738574266433716e-01 3.767363429069519043e-01 -7.583501935005187988e-02 -5.662005767226219177e-02 2.308112569153308868e-03 6.132633611559867859e-02 2.756915092468261719e-01 2.580104768276214600e-02 -1.904887259006500244e-01 2.020411640405654907e-01 -6.159725412726402283e-02 9.834912419319152832e-01 2.190939337015151978e-01 -5.308189988136291504e-01 1.624092906713485718e-01 -4.168469086289405823e-02 3.577232658863067627e-01 -1.951885074377059937e-01 1.011226177215576172e-01 1.991211771965026855e-01 -2.262252271175384521e-01 -3.577199280261993408e-01 5.240566134452819824e-01 4.748944565653800964e-02 3.360169827938079834e-01 -3.094020843505859375e+00 2.181664258241653442e-01 1.075463667511940002e-01 2.962248921394348145e-01 3.914680480957031250e-01 4.799942672252655029e-01 -8.892101645469665527e-01 4.749837517738342285e-01 2.631180286407470703e-01 2.289820432662963867e+00 -4.922798871994018555e-01 -1.044819317758083344e-02 -9.837053716182708740e-02 2.997276782989501953e-01 2.298038303852081299e-01 2.997153205797076225e-03 -2.403277456760406494e-01 7.543676346540451050e-02 -3.447508513927459717e-01 2.049481421709060669e-01 -1.944710910320281982e-01 -3.470104634761810303e-01 6.098921876400709152e-03 1.511026024818420410e-01 -8.656654506921768188e-02 1.855441331863403320e-01 5.737311840057373047e-01 2.474761754274368286e-01 -6.661247014999389648e-01 8.720791339874267578e-01 4.361644685268402100e-01 7.064621150493621826e-02 -1.545547842979431152e+00 -2.696806788444519043e-01 -6.472305655479431152e-01
3.716236054897308350e-01 4.142684936523437500e-01 4.551055133342742920e-01 -2.375865429639816284e-01 1.179902479052543640e-01 2.717318236827850342e-01 3.624514341354370117e-01 6.584438681602478027e-02 4.846611618995666504e-01 -8.355638384819030762e-02 3.533053100109100342e-01 -1.361836344003677368e-01 2.273131161928176880e-01 4.432762265205383301e-01 4.826483130455017090e-01 -9.107317328453063965e-01 3.234438002109527588e-01 -6.486944109201431274e-02 -4.632101953029632568e-01 2.748060524463653564e-01 -1.632798016071319580e-01 1.329728811979293823e-01 -1.344142705202102661e-01 1.469710916280746460e-01 5.380003452301025391e-01 -1.197403073310852051e-01 -6.673948466777801514e-02 3.674529194831848145e-01 2.950872778892517090e-01 -4.137710928916931152e-01 5.254763364791870117e-01 2.648561894893646240e-01 3.798585832118988037e-01 -5.346460938453674316e-01 2.360284477472305298e-01 4.428289830684661865e-02 3.109311461448669434e-01 3.687880039215087891e-01 -5.478867292404174805e-01 1.415854599326848984e-02 -5.313288420438766479e-03 -1.499527245759963989e-01 5.002424716949462891e-01 6.886622309684753418e-02 1.718757599592208862e-01 5.575862154364585876e-02 1.869259327650070190e-01 6.342168450355529785e-01 -1.956069022417068481e-01 -1.396894901990890503e-01 5.318166613578796387e-01 6.058453321456909180e-01 2.007710337638854980e-01 1.292998641729354858e-01 -3.345472216606140137e-01 -6.278331279754638672e-01 1.837622374296188354e-01 -1.104616448283195496e-01 -9.989867806434631348e-01 -8.803569078445434570e-01 -4.302051663398742676e-02 -1.617883563041687012e+00 3.683236539363861084e-01 5.247735381126403809e-01
5.212042853236198425e-02 1.989313811063766479e-01 6.118476390838623047e-02 -4.018094837665557861e-01 -1.255640387535095215e-01 1.013218089938163757e-01 6.659509241580963135e-02 -1.831486672163009644e-01 3.795758783817291260e-01 2.992189824581146240e-01 -1.699697785079479218e-02 -5.104135274887084961e-01 6.847351044416427612e-02 1.238366886973381042e-01 9.235961437225341797e-01 -1.061288118362426758e+00 -9.653633832931518555e-02 1.373891830444335938e-01 -2.612887620925903320e-01 -1.068371012806892395e-01 -2.816741764545440674e-01 6.819650530815124512e-02 3.226765245199203491e-02 -9.883104264736175537e-02 3.794429600238800049e-01 -7.672414183616638184e-01 -4.016540050506591797e-01 3.903044760227203369e-02 8.214998058974742889e-03 -4.792563915252685547e-01 3.326976299285888672e-02 5.619110167026519775e-02 5.662559345364570618e-02 -2.582094371318817139e-01 -4.196252226829528809e-01 -5.574966073036193848e-01 -1.868256330490112305e-01 -3.627848997712135315e-02 -3.400996327400207520e-01 3.258766829967498779e-01 1.397635489702224731e-01 1.404914259910583496e-01 3.187965452671051025e-01 -6.963958740234375000e-01 -5.814669281244277954e-02 -3.128590062260627747e-02 -9.760557115077972412e-02 2.871275246143341064e-01 -2.982867956161499023e-01 -1.662722975015640259e-01 1.692037820816040039e+00 1.157976463437080383e-01 -1.932503730058670044e-01 -1.089150607585906982e-01 -3.854225575923919678e-01 -8.218622803688049316e-01 -1.561590880155563354e-01 6.429111361503601074e-01 -1.899539232254028320e+00 -8.246285319328308105e-01 -4.198497906327247620e-02 -1.534018158912658691e+00 2.728490531444549561e-01 1.603927493095397949e+00
-4.746355414390563965e-01 1.364937573671340942e-01 2.968752384185791016e-01 -8.939051628112792969e-02 -1.668751686811447144e-01 2.937912344932556152e-01 6.646047532558441162e-02 9.223940223455429077e-02 9.108734130859375000e-02 4.561240971088409424e-02 2.798027396202087402e-01 -2.862653136253356934e-02 -2.591223418712615967e-01 2.030218392610549927e-01 1.357128173112869263e-01 1.093293905258178711e+00 2.494169324636459351e-01 -4.249029159545898438e-01 2.073219865560531616e-01 1.072302367538213730e-02 2.523891925811767578e-01 -1.386700421571731567e-01 -5.769472941756248474e-02 1.843011230230331421e-01 -3.126766085624694824e-01 -2.969714999198913574e-01 6.045779585838317871e-01 2.303369790315628052e-01 2.870240509510040283e-01 -2.884296417236328125e+00 3.688249588012695312e-01 1.443614065647125244e-01 2.286084145307540894e-01 4.654495120048522949e-01 3.317891359329223633e-01 -8.338424563407897949e-01 4.140879809856414795e-01 2.169605493545532227e-01 2.018424510955810547e+00 -5.423635244369506836e-01 -2.307548420503735542e-03 -3.213272988796234131e-02 2.442408204078674316e-01 1.807482838630676270e-01 1.024473905563354492e-01 -2.410063743591308594e-01 2.983864024281501770e-02 -3.701325654983520508e-01 2.619311213493347168e-01 -3.622188270092010498e-01 -2.074162364006042480e-01 1.412903219461441040e-01 1.295121908187866211e-01 7.768428325653076172e-02 4.536722302436828613e-01 4.697833061218261719e-01 1.084567159414291382e-01 -8.640434145927429199e-01 6.389887332916259766e-01 3.577025234699249268e-01 3.688060864806175232e-02 -1.461085081100463867e+00 -3.433277606964111328e-01 -6.715851426124572754e-01
4.267794489860534668e-01 4.236679673194885254e-01 1.984295696020126343e-01 -3.160907328128814697e-01 7.824114710092544556e-02 2.209872305393218994e-01 1.310341507196426392e-01 4.137108568102121353e-03 6.071661710739135742e-01 6.319380551576614380e-02 1.323388665914535522e-01 -3.477203249931335449e-01 2.293194681406021118e-01 3.384383320808410645e-01 5.778363347053527832e-01 -8.853552341461181641e-01 2.809469997882843018e-01 7.180593907833099365e-02 -4.336158633232116699e-01 1.055376604199409485e-01 -2.965959608554840088e-01 2.122087217867374420e-02 -1.793583929538726807e-01 1.322733610868453979e-01 3.504585325717926025e-01 -2.500653266906738281e-01 -3.329062759876251221e-01 3.532559871673583984e-01 1.870056986808776855e-01 -2.969495058059692383e-01 4.138224720954895020e-01 1.504504382610321045e-01 2.707099318504333496e-01 -7.660368084907531738e-01 -4.681600257754325867e-02 -7.306722551584243774e-02 3.974673449993133545e-01 2.930894494056701660e-01 -5.467171669006347656e-01 -1.007157638669013977e-01 5.376312136650085449e-02 -1.823663711547851562e-01 5.123197436332702637e-01 -1.630895305424928665e-03 6.836825609207153320e-02 -1.949726194143295288e-01 3.081955574452877045e-02 3.387472629547119141e-01 -3.512276709079742432e-01 -9.704786539077758789e-02 6.355939507484436035e-01 4.619311392307281494e-01 2.267254590988159180e-01 -8.821285516023635864e-02 -3.338201045989990234e-01 -6.163935065269470215e-01 -1.090337708592414856e-02 -1.805587559938430786e-01 -1.116050601005554199e+00 -9.659740328788757324e-01 3.442127257585525513e-03 -1.486117482185363770e+00 3.395744562149047852e-01 3.678442835807800293e-01
3.559638261795043945e-01 3.903700113296508789e-01 2.491002529859542847e-01 -1.652857363224029541e-01 1.123137865215539932e-02 1.594811975955963135e-01 2.912921309471130371e-01 2.301132977008819580e-01 4.352678358554840088e-01 -2.432696893811225891e-02 2.547577023506164551e-01 -1.605806499719619751e-01 1.714988946914672852e-01 4.072596430778503418e-01 5.128684639930725098e-01 -8.508178591728210449e-01 2.123669087886810303e-01 5.351397767663002014e-02 -2.937859296798706055e-01 1.165784820914268494e-01 -1.616205573081970215e-01 2.866286411881446838e-02 -1.559999138116836548e-01 2.070719897747039795e-01 4.334569275379180908e-01 -2.105249017477035522e-01 -8.843349665403366089e-02 2.659274339675903320e-01 2.417232543230056763e-01 -4.607183933258056641e-01 4.227059185504913330e-01 3.247888684272766113e-01 3.730919361114501953e-01 -7.556348443031311035e-01 1.696887165307998657e-01 -1.418704241514205933e-01 2.244421243667602539e-01 3.636591136455535889e-01 -5.437696576118469238e-01 -2.229013592004776001e-01 -1.374894380569458008e-01 -1.231788024306297302e-01 3.621708154678344727e-01 1.259570568799972534e-01 4.173601791262626648e-02 -1.518055647611618042e-01 1.474035531282424927e-01 3.942049741744995117e-01 -3.197701573371887207e-01 -2.207553237676620483e-01 4.751709699630737305e-01 6.128310561180114746e-01 1.528804898262023926e-01 -3.930480033159255981e-02 -3.327564299106597900e-01 -6.423321366310119629e-01 1.009853109717369080e-01 -2.115844637155532837e-01 -9.093090295791625977e-01 -9.300342202186584473e-01 5.655078962445259094e-02 -1.492185831069946289e+00 3.442317247390747070e-01 4.345963597297668457e-01
3.014456629753112793e-01 5.110073089599609375e-01 3.957081139087677002e-01 -2.798039019107818604e-01 1.706078834831714630e-02 3.125487864017486572e-01 3.090977668762207031e-01 5.253818631172180176e-02 6.194227933883666992e-01 4.535967856645584106e-02 1.962951719760894775e-01 -8.408808708190917969e-02 2.811287939548492432e-01 3.803252279758453369e-01 6.661376953125000000e-01 -8.397849202156066895e-01 4.292562305927276611e-01 2.870354801416397095e-02 -3.417915701866149902e-01 1.513428390026092529e-01 -2.339274883270263672e-01 5.204059928655624390e-02 -2.837725281715393066e-01 1.148413941264152527e-01 3.109368085861206055e-01 -3.581609129905700684e-01 -3.523499369621276855e-01 2.956930994987487793e-01 1.987329125404357910e-01 -2.862678170204162598e-01 3.298532068729400635e-01 3.605833053588867188e-01 2.019939869642257690e-01 -7.023010849952697754e-01 9.436824172735214233e-02 9.095025807619094849e-02 2.738749086856842041e-01 3.187929987907409668e-01 -4.579104483127593994e-01 1.479145605117082596e-02 7.961995154619216919e-02 -1.703696846961975098e-01 5.203031897544860840e-01 1.289978474378585815e-01 5.459147691726684570e-02 -2.609775960445404053e-02 1.098656356334686279e-01 5.826986432075500488e-01 -4.367887377738952637e-01 -1.577351689338684082e-01 6.279255151748657227e-01 4.565477073192596436e-01 1.865153610706329346e-01 -7.996532320976257324e-02 -3.866961300373077393e-01 -6.767753958702087402e-01 1.458176821470260620e-01 -2.847463786602020264e-01 -9.670194387435913086e-01 -9.831648468971252441e-01 -1.091223210096359253e-01 -1.656903028488159180e+00 2.753038108348846436e-01 4.430031478404998779e-01
-3.824789822101593018e-01 3.651880025863647461e-01 3.672692477703094482e-01 1.150464043021202087e-01 -3.587616682052612305e-01 3.754839301109313965e-01 2.738543227314949036e-02 2.025971710681915283e-01 7.925092428922653198e-02 -6.364928930997848511e-02 3.040928542613983154e-01 1.440204530954360962e-01 -2.171246558427810669e-01 1.473336517810821533e-01 -7.066068798303604126e-02 1.022847533226013184e+00 2.472385913133621216e-01 -4.603266716003417969e-01 2.698183953762054443e-01 -9.634718298912048340e-02 3.121915459632873535e-01 -2.017548382282257080e-01 -8.027574047446250916e-03 2.729435861110687256e-01 -1.424220204353332520e-01 -3.711066246032714844e-01 4.745930135250091553e-01 1.901573687791824341e-01 5.086185336112976074e-01 -3.272603273391723633e+00 3.074202537536621094e-01 1.618548184633255005e-01 2.933819890022277832e-01 5.107557773590087891e-01 3.809570372104644775e-01 -6.181429624557495117e-01 4.230900108814239502e-01 1.806445568799972534e-01 2.131836175918579102e+00 -6.106894016265869141e-01 -2.668662182986736298e-02 2.625480666756629944e-02 4.629555344581604004e-01 3.394113481044769287e-01 2.252479195594787598e-01 -2.448457628488540649e-01 2.199847996234893799e-01 -4.105691909790039062e-01 1.426630169153213501e-01 -3.588862419128417969e-01 -3.767410218715667725e-01 1.798924058675765991e-01 1.972126215696334839e-01 -1.021348405629396439e-02 4.015386402606964111e-01 5.823893547058105469e-01 5.771354213356971741e-02 -6.125899553298950195e-01 8.604457974433898926e-01 2.426604330539703369e-01 -9.850326925516128540e-02 -1.564633607864379883e+00 -1.959549039602279663e-01 -8.175652623176574707e-01
-5.302236676216125488e-01 3.048771023750305176e-01 5.278378129005432129e-01 1.196581274271011353e-01 -2.267700582742691040e-01 3.199562132358551025e-01 7.935998030006885529e-03 1.396106481552124023e-01 -1.005461961030960083e-01 3.264787793159484863e-02 4.283583462238311768e-01 1.781793385744094849e-01 -3.143404126167297363e-01 2.154469639062881470e-01 -3.242413327097892761e-02 9.407505393028259277e-01 3.622049391269683838e-01 -4.494102001190185547e-01 3.185342252254486084e-01 2.452396601438522339e-02 3.279761970043182373e-01 -2.890064418315887451e-01 -1.201345846056938171e-01 1.087625622749328613e-01 -2.649183571338653564e-01 -1.901850849390029907e-01 4.961907267570495605e-01 3.123941123485565186e-01 4.509127438068389893e-01 -3.428231716156005859e+00 3.008000552654266357e-01 1.778917312622070312e-01 2.881085872650146484e-01 4.252632856369018555e-01 4.756564497947692871e-01 -8.649764060974121094e-01 5.810050368309020996e-01 4.289091825485229492e-01 2.083743095397949219e+00 -6.321237087249755859e-01 -8.102506399154663086e-04 -1.584842987358570099e-02 4.871381819248199463e-01 2.102179527282714844e-01 6.636393070220947266e-02 -4.165214002132415771e-01 -2.872495679184794426e-03 -3.742948472499847412e-01 2.766205072402954102e-01 -3.206566870212554932e-01 -2.101944983005523682e-01 1.303347945213317871e-01 3.688574135303497314e-01 -1.982799619436264038e-01 3.962348401546478271e-01 6.039246916770935059e-01 2.465619891881942749e-01 -7.556552886962890625e-01 6.860523819923400879e-01 4.918584823608398438e-01 -1.022116914391517639e-01 -1.415752649307250977e+00 -3.544448316097259521e-01 -7.790632843971252441e-01
-4.822954833507537842e-01 2.893479168415069580e-01 4.108320772647857666e-01 1.072054728865623474e-01 -2.463294565677642822e-01 3.031517863273620605e-01 1.238836720585823059e-01 2.004806548357009888e-01 5.393391940742731094e-03 9.308813512325286865e-02 4.956716597080230713e-01 1.323973536491394043e-01 -2.714654207229614258e-01 1.390425711870193481e-01 -1.451406534761190414e-02 9.960635900497436523e-01 4.980678260326385498e-01 -5.952650308609008789e-01 2.299682348966598511e-01 -2.884925901889801025e-02 3.879925608634948730e-01 -3.849508166313171387e-01 -8.876912295818328857e-02 1.645618081092834473e-01 -8.596339821815490723e-02 -1.176532283425331116e-01 7.040163874626159668e-01 3.504274189472198486e-01 4.622817635536193848e-01 -3.296576738357543945e+00 5.012561678886413574e-01 8.126622438430786133e-02 3.288964629173278809e-01 5.391840338706970215e-01 3.114432692527770996e-01 -5.199912190437316895e-01 4.901012480258941650e-01 5.100568532943725586e-01 1.709007263183593750e+00 -6.468082070350646973e-01 -1.957624107599258423e-01 4.806019365787506104e-02 4.931498169898986816e-01 2.867840230464935303e-01 1.534478645771741867e-02 -3.040947914123535156e-01 1.355152130126953125e-01 -2.391087561845779419e-01 2.878659963607788086e-01 -6.454266905784606934e-01 -2.428230792284011841e-01 1.404760032892227173e-01 2.633494138717651367e-01 -2.276067137718200684e-01 2.708637118339538574e-01 7.417531609535217285e-01 8.268935978412628174e-02 -8.200357556343078613e-01 8.692502975463867188e-01 4.368352591991424561e-01 6.461504101753234863e-02 -1.162434220314025879e+00 -3.143966197967529297e-01 -7.340343594551086426e-01
-5.156830549240112305e-01 1.364371478557586670e-01 3.808272182941436768e-01 -7.935520261526107788e-03 -2.147857397794723511e-01 3.974464833736419678e-01 -9.222923964262008667e-02 -9.519116580486297607e-02 -1.956570893526077271e-02 -2.201139461249113083e-03 2.107812017202377319e-01 4.666078835725784302e-02 -2.416062206029891968e-01 2.349947541952133179e-01 5.375589430332183838e-02 8.831689357757568359e-01 1.965144276618957520e-01 -3.088476061820983887e-01 4.959342256188392639e-02 -5.106562003493309021e-02 3.463996648788452148e-01 -1.176112964749336243e-01 -7.722420617938041687e-03 1.944657862186431885e-01 -3.378307521343231201e-01 -3.317948579788208008e-01 5.384832024574279785e-01 8.635843545198440552e-02 4.980915486812591553e-01 -2.871843576431274414e+00 3.787416815757751465e-01 4.908202588558197021e-02 2.586427628993988037e-01 3.559008538722991943e-01 4.593544006347656250e-01 -8.751172423362731934e-01 4.664684236049652100e-01 2.000572085380554199e-01 2.184281587600708008e+00 -5.006268024444580078e-01 9.737775474786758423e-02 9.697491303086280823e-03 2.808692455291748047e-01 2.327227145433425903e-01 4.390496760606765747e-03 -1.750596314668655396e-01 2.250444591045379639e-01 -3.734335601329803467e-01 1.783728599548339844e-01 -2.665258646011352539e-01 -4.571842849254608154e-01 6.448969244956970215e-02 2.712001204490661621e-01 -1.091223210096359253e-01 4.225773513317108154e-01 5.008161067962646484e-01 1.930222660303115845e-01 -5.774264931678771973e-01 6.731274724006652832e-01 3.512052297592163086e-01 -1.118259355425834656e-01 -1.607478380203247070e+00 -3.583427965641021729e-01 -7.411208152770996094e-01
-4.646671712398529053e-01 2.301163375377655029e-01 4.964799582958221436e-01 -9.277576208114624023e-02 -2.656306922435760498e-01 3.223218321800231934e-01 -4.014073312282562256e-02 2.338944189250469208e-02 9.898424148559570312e-02 -2.222859486937522888e-02 2.906683087348937988e-01 1.473054885864257812e-01 -2.158910334110260010e-01 2.533911466598510742e-01 -1.145232319831848145e-01 1.071351408958435059e+00 3.533018231391906738e-01 -4.211655855178833008e-01 2.234633713960647583e-01 9.464705735445022583e-02 3.589651584625244141e-01 -2.883754074573516846e-01 -1.130622029304504395e-01 1.573655605316162109e-01 -2.192958891391754150e-01 -2.281153351068496704e-01 5.679497122764587402e-01 2.266689985990524292e-01 5.891467332839965820e-01 -3.320815324783325195e+00 4.524503946304321289e-01 4.282524809241294861e-02 2.055629491806030273e-01 4.588058292865753174e-01 5.204393267631530762e-01 -7.287415862083435059e-01 4.588988423347473145e-01 2.784735560417175293e-01 2.170402050018310547e+00 -5.748249888420104980e-01 2.957453206181526184e-02 -1.871476173400878906e-01 4.178521335124969482e-01 2.647495865821838379e-01 1.035613715648651123e-01 -4.184608161449432373e-01 6.156770884990692139e-02 -4.048891663551330566e-01 2.662842273712158203e-01 -3.846403062343597412e-01 -3.890042304992675781e-01 7.035832852125167847e-02 1.902420520782470703e-01 4.556226730346679688e-02 4.315401017665863037e-01 5.655259490013122559e-01 9.985183924436569214e-02 -5.376008749008178711e-01 8.907644748687744141e-01 3.229249417781829834e-01 4.857563879340887070e-03 -1.524807333946228027e+00 -3.815895020961761475e-01 -7.114142179489135742e-01
4.162313044071197510e-01 5.547242760658264160e-01 3.125908672809600830e-01 -2.549824416637420654e-01 8.204579353332519531e-02 3.038739860057830811e-01 2.707422077655792236e-01 1.976933628320693970e-01 5.806107521057128906e-01 -3.630895167589187622e-02 1.999984532594680786e-01 -2.864534854888916016e-01 3.184632062911987305e-01 3.888201415538787842e-01 6.158210635185241699e-01 -8.523502349853515625e-01 4.129445850849151611e-01 -2.447684668004512787e-02 -4.912952482700347900e-01 1.621202528476715088e-01 -2.293315827846527100e-01 1.363650858402252197e-01 -6.386078894138336182e-02 2.556419372558593750e-01 5.565391182899475098e-01 -2.081882655620574951e-01 -1.569432914257049561e-01 3.932189941406250000e-01 1.932848691940307617e-01 -3.174713850021362305e-01 3.183391988277435303e-01 3.524265289306640625e-01 3.270257413387298584e-01 -8.364107608795166016e-01 1.088133361190557480e-02 -2.112968079745769501e-02 4.614281952381134033e-01 1.809427589178085327e-01 -5.314659476280212402e-01 8.998152799904346466e-03 -8.532493561506271362e-02 -2.913876175880432129e-01 5.474147200584411621e-01 1.400626748800277710e-01 5.422920361161231995e-02 -1.509025692939758301e-01 8.386114984750747681e-02 5.018478035926818848e-01 -2.730556726455688477e-01 -1.616771519184112549e-01 6.029759645462036133e-01 4.552057385444641113e-01 1.821305155754089355e-01 1.139191165566444397e-01 -3.572193086147308350e-01 -6.622744202613830566e-01 5.617394298315048218e-02 -1.698003858327865601e-01 -1.019189476966857910e+00 -8.593693375587463379e-01 -3.876287862658500671e-02 -1.491481900215148926e+00 2.995223701000213623e-01 3.596529066562652588e-01
-5.130237936973571777e-01 3.634444475173950195e-01 3.869033157825469971e-01 1.157266274094581604e-01 -2.764992713928222656e-01 2.005878835916519165e-01 1.535030454397201538e-01 7.943803817033767700e-02 -8.668620884418487549e-02 1.142414584755897522e-01 4.402846395969390869e-01 3.976028785109519958e-02 -2.570194900035858154e-01 1.128024831414222717e-01 -8.678766340017318726e-02 1.101527810096740723e+00 3.755406141281127930e-01 -5.246384739875793457e-01 2.406049966812133789e-01 7.688766717910766602e-02 2.235580831766128540e-01 -2.491341084241867065e-01 -7.394688576459884644e-02 2.983379960060119629e-01 -2.481937408447265625e-01 -1.392245143651962280e-01 5.960552096366882324e-01 3.363116681575775146e-01 2.869439125061035156e-01 -2.915852308273315430e+00 3.281978964805603027e-01 1.850241273641586304e-01 4.723881483078002930e-01 4.410576224327087402e-01 3.331856131553649902e-01 -4.337645769119262695e-01 3.788391351699829102e-01 2.462835460901260376e-01 1.967785000801086426e+00 -5.500475764274597168e-01 -3.875443339347839355e-02 8.525781333446502686e-02 3.433982729911804199e-01 2.488263100385665894e-01 1.578123122453689575e-01 -4.171137809753417969e-01 2.920902967453002930e-01 -4.070158004760742188e-01 3.448145985603332520e-01 -3.075116872787475586e-01 -2.347744554281234741e-01 2.995335310697555542e-02 1.768517494201660156e-01 -1.190756782889366150e-01 4.228588044643402100e-01 5.839834213256835938e-01 1.480758190155029297e-01 -8.303688764572143555e-01 8.233636021614074707e-01 3.264086842536926270e-01 -7.346439361572265625e-02 -1.342004299163818359e+00 -3.015511333942413330e-01 -7.576997876167297363e-01
3.498876392841339111e-01 3.766514360904693604e-01 1.721377670764923096e-01 -6.020236015319824219e-01 -1.149518489837646484e-01 1.003357768058776855e-01 3.973596915602684021e-02 1.224867417477071285e-03 4.410199820995330811e-01 1.388228386640548706e-01 1.494619250297546387e-01 -2.171963155269622803e-01 1.696089357137680054e-01 1.908516585826873779e-01 5.814982056617736816e-01 -9.051808118820190430e-01 2.512788772583007812e-01 3.848982229828834534e-02 -5.900771021842956543e-01 4.748164862394332886e-02 -3.992735147476196289e-01 -1.843792498111724854e-01 -3.482325673103332520e-01 5.500918999314308167e-02 1.282401531934738159e-01 -3.378702104091644287e-01 -2.858338952064514160e-01 2.651137709617614746e-01 2.573444880545139313e-02 -4.946065843105316162e-01 2.975134253501892090e-01 2.814340218901634216e-02 1.242982223629951477e-01 -9.139200448989868164e-01 1.459073275327682495e-01 -1.278845220804214478e-01 2.330894023180007935e-01 2.018018513917922974e-01 -5.851085186004638672e-01 -2.399149537086486816e-01 -5.947191640734672546e-02 -2.851065993309020996e-01 2.211811393499374390e-01 -5.929213017225265503e-02 -6.375561654567718506e-02 -2.062798142433166504e-01 2.463072836399078369e-01 3.027062118053436279e-01 -4.588284790515899658e-01 -1.829860508441925049e-01 3.990736603736877441e-01 4.968817532062530518e-01 -7.017823308706283569e-02 -7.816819101572036743e-02 -4.545108079910278320e-01 -6.982376575469970703e-01 1.422766596078872681e-03 -1.490311622619628906e-01 -9.083550572395324707e-01 -9.092146158218383789e-01 1.034316197037696838e-01 -1.513906598091125488e+00 2.964171469211578369e-01 3.101452291011810303e-01
4.126906096935272217e-01 5.069605708122253418e-01 2.510655522346496582e-01 -2.393975704908370972e-01 -4.838013276457786560e-02 2.110173702239990234e-01 3.941556215286254883e-01 1.313367784023284912e-01 6.637991070747375488e-01 4.884648323059082031e-02 3.797652721405029297e-01 -1.040127351880073547e-01 3.650263845920562744e-01 3.447124063968658447e-01 5.536332726478576660e-01 -9.837028384208679199e-01 2.406782954931259155e-01 -8.351254463195800781e-02 -5.116914510726928711e-01 1.465564072132110596e-01 -2.085138708353042603e-01 8.084645122289657593e-02 -8.314444124698638916e-02 2.875862419605255127e-01 3.184388279914855957e-01 -1.825709342956542969e-01 -2.413801401853561401e-01 2.971293330192565918e-01 3.148792088031768799e-01 -4.163309633731842041e-01 4.300171136856079102e-01 2.381895631551742554e-01 2.864046692848205566e-01 -5.547990202903747559e-01 1.850772202014923096e-01 -1.268637329339981079e-01 2.631865143775939941e-01 3.486007750034332275e-01 -6.213955283164978027e-01 -8.550832420587539673e-02 2.631949074566364288e-02 -3.034612238407135010e-01 5.198050141334533691e-01 2.423638701438903809e-01 1.390413939952850342e-01 -9.165275841951370239e-02 1.419424712657928467e-01 6.216001510620117188e-01 -3.842789530754089355e-01 -7.769817113876342773e-02 6.315338611602783203e-01 5.737518668174743652e-01 2.249558269977569580e-01 1.089970953762531281e-02 -3.846935331821441650e-01 -6.998571157455444336e-01 2.283415347337722778e-01 -8.017751574516296387e-02 -1.003356337547302246e+00 -7.456294894218444824e-01 7.793127745389938354e-02 -1.582149624824523926e+00 4.039413332939147949e-01 3.987497389316558838e-01
6.120201945304870605e-01 -9.877134859561920166e-02 -1.804422140121459961e-01 5.858329534530639648e-01 3.211132287979125977e-01 -7.320051640272140503e-02 -7.282358407974243164e-01 7.040794473141431808e-03 -1.283299446105957031e+00 -8.275230415165424347e-03 -3.040896058082580566e-01 2.085867077112197876e-01 -8.603210002183914185e-02 -3.538617491722106934e-01 6.984157562255859375e-01 -1.833644136786460876e-02 -2.963181138038635254e-01 1.159587621688842773e+00 6.080155372619628906e-01 -1.307530641555786133e+00 -2.612040638923645020e-01 6.629403233528137207e-01 4.848016798496246338e-01 -2.754450142383575439e-01 2.746895849704742432e-01 6.941011548042297363e-01 -1.495747685432434082e+00 -5.085086226463317871e-01 1.871074438095092773e-01 -1.673278093338012695e+00 -6.202952191233634949e-02 -6.260364651679992676e-01 -2.100406587123870850e-01 4.361402094364166260e-01 -8.434085547924041748e-02 -1.306534409523010254e+00 -2.537112832069396973e-01 -3.819582462310791016e-01 1.863361716270446777e+00 3.465594947338104248e-01 4.700939357280731201e-02 -4.468117654323577881e-01 -2.381482124328613281e-01 6.546807009726762772e-03 -2.136698178946971893e-02 4.239976108074188232e-01 -1.893266476690769196e-02 -1.856750845909118652e+00 -3.389140665531158447e-01 7.779256701469421387e-01 2.299857735633850098e-01 5.454383492469787598e-01 -1.147838030010461807e-02 3.934596478939056396e-01 -6.830640882253646851e-02 -9.496277570724487305e-01 -4.277724325656890869e-01 -9.398037791252136230e-01 1.793257951736450195e+00 1.315863013267517090e+00 6.769381463527679443e-03 -1.583783984184265137e+00 -2.067618668079376221e-01 7.070182561874389648e-01
2.586473524570465088e-01 5.839223861694335938e-01 3.609286248683929443e-01 -1.798213720321655273e-01 -2.525813318789005280e-02 2.698358595371246338e-01 2.143915295600891113e-01 1.430624127388000488e-01 5.656309723854064941e-01 7.437819987535476685e-02 2.386310100555419922e-01 -2.173195630311965942e-01 2.417175769805908203e-01 2.107163369655609131e-01 6.786127090454101562e-01 -9.888204336166381836e-01 2.239835858345031738e-01 1.278188824653625488e-01 -3.055735230445861816e-01 9.358373284339904785e-02 -2.044806927442550659e-01 -5.608551204204559326e-02 -2.375044226646423340e-01 2.101546674966812134e-01 3.548031747341156006e-01 -3.028513789176940918e-01 -2.513954639434814453e-01 4.707717001438140869e-01 2.019865065813064575e-01 -3.391856551170349121e-01 3.335063457489013672e-01 2.900560498237609863e-01 2.285616844892501831e-01 -7.935339212417602539e-01 1.961723417043685913e-01 6.644815951585769653e-02 4.485860466957092285e-01 2.457367181777954102e-01 -4.305421113967895508e-01 -6.997468322515487671e-02 -9.734334051609039307e-02 -1.899672150611877441e-01 5.271213650703430176e-01 1.957200914621353149e-01 1.075461208820343018e-01 6.019856035709381104e-02 -2.899961918592453003e-02 5.285894274711608887e-01 -4.044612348079681396e-01 -2.231201082468032837e-01 5.480565428733825684e-01 5.199360847473144531e-01 1.155727729201316833e-01 1.162577047944068909e-01 -3.437342345714569092e-01 -7.698780894279479980e-01 1.322186291217803955e-01 -1.786289364099502563e-01 -1.070437550544738770e+00 -9.403634667396545410e-01 6.360551714897155762e-02 -1.563221573829650879e+00 3.467221260070800781e-01 5.434789657592773438e-01
2.441722154617309570e-01 4.261479973793029785e-01 4.273359775543212891e-01 -2.978151142597198486e-01 9.419986605644226074e-02 2.645588517189025879e-01 1.879262030124664307e-01 1.306220591068267822e-01 6.914517879486083984e-01 1.514078080654144287e-01 2.282642722129821777e-01 -1.170174330472946167e-01 2.541141510009765625e-01 3.242342770099639893e-01 6.129003167152404785e-01 -9.204452633857727051e-01 2.646852433681488037e-01 1.231918483972549438e-02 -3.609256148338317871e-01 1.445338129997253418e-01 -1.953604966402053833e-01 1.018179059028625488e-01 -1.965580433607101440e-01 3.355076313018798828e-01 4.243196547031402588e-01 -1.282157301902770996e-01 -2.857809364795684814e-01 4.000551998615264893e-01 2.770440876483917236e-01 -3.585260510444641113e-01 3.620372712612152100e-01 2.614952027797698975e-01 2.242298573255538940e-01 -7.758710980415344238e-01 1.948411762714385986e-01 -1.341935545206069946e-01 3.366832435131072998e-01 2.215682268142700195e-01 -5.962517261505126953e-01 -4.821812734007835388e-02 5.902986973524093628e-02 -2.863278985023498535e-01 5.406936407089233398e-01 2.858996987342834473e-01 9.887330234050750732e-02 -6.315841339528560638e-03 -4.232583194971084595e-02 5.813499093055725098e-01 -3.110509514808654785e-01 -2.383892983198165894e-01 5.407232642173767090e-01 5.290251374244689941e-01 2.072479277849197388e-01 8.875932544469833374e-02 -3.210782706737518311e-01 -7.155817151069641113e-01 2.002050280570983887e-01 -1.338310837745666504e-01 -1.117996215820312500e+00 -9.280410408973693848e-01 1.215798929333686829e-01 -1.566348552703857422e+00 4.505822956562042236e-01 5.978732705116271973e-01
-1.070228219032287598e+00 -2.381022647023200989e-02 2.334845811128616333e-01 -1.148243807256221771e-02 1.943528354167938232e-01 4.330208897590637207e-01 5.115423798561096191e-01 2.049386948347091675e-01 1.852910816669464111e-01 1.880334168672561646e-01 2.897756099700927734e-01 4.276475906372070312e-01 -4.023288488388061523e-01 1.116802021861076355e-01 1.541360765695571899e-01 7.965089082717895508e-01 2.670662999153137207e-01 -5.662930011749267578e-01 1.280733495950698853e-01 8.308364450931549072e-02 3.684822022914886475e-01 -5.170035362243652344e-01 3.179199695587158203e-01 3.377708792686462402e-01 -1.703425049781799316e-01 -2.128563523292541504e-01 1.986548542976379395e+00 1.718332171440124512e-01 4.893351793289184570e-01 -1.966982245445251465e+00 3.491095006465911865e-01 3.882521390914916992e-01 2.875961363315582275e-01 5.918353199958801270e-01 1.186604984104633331e-02 -9.513356089591979980e-01 4.173760414123535156e-01 4.080343842506408691e-01 7.907515168190002441e-01 -8.913547396659851074e-01 3.781754672527313232e-01 2.433964759111404419e-01 4.251572191715240479e-01 -5.049028620123863220e-02 4.780730307102203369e-01 -8.614527583122253418e-01 1.206781491637229919e-01 -9.421700984239578247e-02 2.557183802127838135e-01 -6.113303899765014648e-01 -5.185604691505432129e-01 -8.057631254196166992e-01 3.262914419174194336e-01 -3.349159359931945801e-01 3.783954083919525146e-01 5.903021097183227539e-01 4.028645157814025879e-01 -1.687762290239334106e-01 7.797181010246276855e-01 5.177106261253356934e-01 -4.352069646120071411e-02 -1.318986535072326660e+00 1.743805706501007080e-01 -5.489246845245361328e-01
-5.206145644187927246e-01 2.921929955482482910e-01 5.481976866722106934e-01 2.459268085658550262e-02 -1.593619287014007568e-01 3.164316713809967041e-01 1.021891906857490540e-01 3.474744856357574463e-01 1.322341430932283401e-02 -2.348204702138900757e-02 3.196217417716979980e-01 1.149996742606163025e-01 -2.959942519664764404e-01 2.480040192604064941e-01 1.288578957319259644e-01 1.198356509208679199e+00 4.041649997234344482e-01 -6.697850227355957031e-01 2.868040502071380615e-01 8.536499924957752228e-03 2.900075018405914307e-01 -3.109546899795532227e-01 1.173141878098249435e-02 2.688602805137634277e-01 -1.601259857416152954e-01 -1.239161491394042969e-01 7.214009761810302734e-01 2.565846145153045654e-01 3.644874989986419678e-01 -3.187228441238403320e+00 5.144268274307250977e-01 5.209898948669433594e-02 4.179923236370086670e-01 4.475650489330291748e-01 3.662067055702209473e-01 -5.361275672912597656e-01 4.826079010963439941e-01 3.584449291229248047e-01 1.779763340950012207e+00 -6.197118759155273438e-01 -1.548698395490646362e-01 7.264059036970138550e-02 4.075204133987426758e-01 3.752582669258117676e-01 2.634896896779537201e-02 -3.635870218276977539e-01 1.142277345061302185e-01 -2.111202180385589600e-01 3.349566459655761719e-01 -6.091246008872985840e-01 -1.418247669935226440e-01 2.550695538520812988e-01 2.717537879943847656e-01 -2.257556319236755371e-01 4.345538318157196045e-01 7.285397648811340332e-01 1.420096904039382935e-01 -7.643670439720153809e-01 8.527270555496215820e-01 4.566236734390258789e-01 1.626801341772079468e-01 -1.244988679885864258e+00 -5.939480289816856384e-02 -5.854043960571289062e-01
3.447127938270568848e-01 5.428519248962402344e-01 3.582516908645629883e-01 -1.530154496431350708e-01 1.060615777969360352e-01 2.790021896362304688e-01 2.965040802955627441e-01 2.479796260595321655e-01 4.391213357448577881e-01 8.211462758481502533e-03 1.598933786153793335e-01 -2.680980861186981201e-01 1.647049188613891602e-01 1.956409215927124023e-01 7.167043089866638184e-01 -8.356995582580566406e-01 2.116073071956634521e-01 5.526247993111610413e-02 -3.752667903900146484e-01 2.237736880779266357e-01 -1.738222092390060425e-01 1.714335195720195770e-02 -2.608066499233245850e-01 1.276243329048156738e-01 4.053256809711456299e-01 -2.867485880851745605e-01 -1.954810619354248047e-01 2.495684921741485596e-01 3.077790737152099609e-01 -4.038015604019165039e-01 4.562491178512573242e-01 3.630702197551727295e-01 2.992489933967590332e-01 -7.024121880531311035e-01 5.691715702414512634e-02 2.448380459100008011e-03 3.876918852329254150e-01 1.771138161420822144e-01 -4.294797778129577637e-01 -3.246624767780303955e-02 -4.105984792113304138e-02 -2.553326189517974854e-01 4.249421656131744385e-01 4.471718892455101013e-02 1.228920221328735352e-01 5.542993918061256409e-02 9.982416033744812012e-02 3.718522191047668457e-01 -3.678041100502014160e-01 -2.044808715581893921e-01 6.250432729721069336e-01 3.428268730640411377e-01 2.236808985471725464e-01 2.722244150936603546e-02 -4.238259196281433105e-01 -6.873761415481567383e-01 5.194545537233352661e-02 -1.025619581341743469e-01 -1.095518708229064941e+00 -9.381425976753234863e-01 2.491769753396511078e-02 -1.565492391586303711e+00 2.542328834533691406e-01 5.067806839942932129e-01
3.869465589523315430e-01 4.130025506019592285e-01 3.428087830543518066e-01 -1.484746336936950684e-01 8.356977999210357666e-02 2.591536939144134521e-01 2.982819378376007080e-01 2.569152116775512695e-01 6.349915266036987305e-01 -6.709800660610198975e-02 4.035625755786895752e-01 -2.967778146266937256e-01 4.003069698810577393e-01 2.629844546318054199e-01 5.415797829627990723e-01 -8.868842720985412598e-01 3.061931729316711426e-01 1.272370964288711548e-01 -3.485286235809326172e-01 1.475012451410293579e-01 -2.342107295989990234e-01 -8.840656280517578125e-02 -2.619060575962066650e-01 1.952062696218490601e-01 5.199120640754699707e-01 -7.499429583549499512e-02 -1.224795877933502197e-01 4.571895003318786621e-01 2.967806756496429443e-01 -4.056465923786163330e-01 3.209683597087860107e-01 4.105425477027893066e-01 1.946941465139389038e-01 -7.800597548484802246e-01 1.131399944424629211e-01 -1.701636984944343567e-02 3.040949404239654541e-01 3.512841463088989258e-01 -4.456380009651184082e-01 -1.780658960342407227e-01 7.127564400434494019e-02 -1.024542525410652161e-01 3.731649816036224365e-01 1.403716951608657837e-01 3.916689753532409668e-02 -1.272684633731842041e-01 1.545841805636882782e-03 4.355840086936950684e-01 -1.455806642770767212e-01 -1.147171482443809509e-01 5.459830760955810547e-01 4.797948896884918213e-01 3.242791593074798584e-01 -5.905942525714635849e-04 -4.211928546428680420e-01 -7.531446814537048340e-01 3.956324607133865356e-02 -1.438828408718109131e-01 -9.954593777656555176e-01 -7.918710708618164062e-01 7.753321528434753418e-02 -1.592983484268188477e+00 4.130361974239349365e-01 4.832502901554107666e-01
