1.044730544090270996e+00 2.491464167833328247e-01 7.094421386718750000e-01 5.773888230323791504e-01 3.991855382919311523e-01 -1.983845084905624390e-01 -2.204211503267288208e-01 -2.342226449400186539e-03
1.376269340515136719e+00 3.594954311847686768e-01 5.881217718124389648e-01 1.693142950534820557e-01 5.530938506126403809e-01 -3.362306654453277588e-01 3.164684772491455078e-01 8.273680508136749268e-02
1.033982396125793457e+00 2.092805206775665283e-01 -3.206449985504150391e+00 1.270845532417297363e-01 -1.655726194381713867e+00 3.584739565849304199e-01 8.685334585607051849e-03 9.009791910648345947e-02
7.796086668968200684e-01 -7.108572125434875488e-01 5.421075820922851562e-01 -7.016617059707641602e-01 7.467928528785705566e-01 4.659529328346252441e-01 -2.303264588117599487e-01 -8.639109879732131958e-02
-5.473811626434326172e-01 4.999190270900726318e-01 3.559814095497131348e-01 6.698904186487197876e-02 3.544132113456726074e-01 6.672409772872924805e-01 1.683382689952850342e-01 -2.055895142257213593e-02
-5.635963082313537598e-01 2.512021064758300781e-01 1.670512408018112183e-01 4.056585952639579773e-02 -2.085846811532974243e-01 2.126129716634750366e-01 1.344123035669326782e-01 -1.710774302482604980e-01
6.507127285003662109e-01 3.360481560230255127e-01 4.926885366439819336e-01 4.310544133186340332e-01 -2.184683084487915039e-02 -1.481404304504394531e-01 -1.001481562852859497e-01 -1.603246629238128662e-01
7.134224772453308105e-01 4.773879647254943848e-01 8.074807524681091309e-01 5.274330973625183105e-01 1.935987919569015503e-01 6.569369230419397354e-03 -1.118175536394119263e-01 6.236624903976917267e-03
-3.427949547767639160e-01 3.458055257797241211e-01 2.115854322910308838e-01 -2.603117823600769043e-01 -4.459228217601776123e-01 2.048181742429733276e-02 -1.588043011724948883e-02 1.731983274221420288e-01
2.191917151212692261e-01 8.684597909450531006e-02 -1.296241395175457001e-02 3.849169984459877014e-02 -6.511968374252319336e-02 9.601821005344390869e-02 -1.015502214431762695e-01 -2.706318348646163940e-02
-1.385914206504821777e+00 1.834306418895721436e-01 -7.750704288482666016e-01 1.544834375381469727e-01 -7.736054658889770508e-01 -1.616008952260017395e-02 1.425430178642272949e-01 5.655534099787473679e-03
2.458528056740760803e-02 2.111424058675765991e-01 8.028610944747924805e-01 1.349310278892517090e-01 3.244090378284454346e-01 7.566451281309127808e-02 -1.579942926764488220e-02 -1.230192929506301880e-02
9.569600224494934082e-02 -1.558614373207092285e-01 3.845092654228210449e-01 9.342230111360549927e-02 -4.787198603153228760e-01 5.600306391716003418e-02 -5.621894448995590210e-02 -2.673835027962923050e-03
-7.017093300819396973e-01 9.165215492248535156e-02 2.618586122989654541e-01 5.660459399223327637e-02 -5.051782131195068359e-01 -2.553809285163879395e-01 -2.794296666979789734e-02 -9.732885360717773438e-01
5.108627080917358398e-01 -6.214510202407836914e-01 1.631058007478713989e-01 -8.643509745597839355e-01 6.061040610074996948e-02 -1.444883644580841064e-01 -5.258604884147644043e-01 1.807226426899433136e-02
6.014713048934936523e-01 -1.019803509116172791e-01 -8.085463047027587891e-01 2.992956340312957764e-01 3.918981254100799561e-01 2.943333387374877930e-01 -1.848158985376358032e-01 3.188929557800292969e-01
1.049063324928283691e+00 -1.590003073215484619e-01 1.869203746318817139e-01 -1.376645565032958984e-01 2.226006388664245605e-01 -9.992212802171707153e-02 -4.930974245071411133e-01 4.066855013370513916e-01
3.093482553958892822e-01 -3.469398319721221924e-01 -2.819702625274658203e-01 -6.217177584767341614e-02 -3.334669172763824463e-01 4.630123265087604523e-03 -4.675304591655731201e-01 -4.950143769383430481e-02
-3.957219123840332031e-01 -2.715529501438140869e-01 1.279711425304412842e-01 5.136342719197273254e-02 -3.160609304904937744e-01 -3.194847702980041504e-01 -1.562719792127609253e-01 -1.448149830102920532e-01
-5.173112750053405762e-01 -1.844403296709060669e-01 -2.005940973758697510e-01 2.130514681339263916e-01 8.801313489675521851e-02 -1.505431234836578369e-01 -4.084636270999908447e-01 1.023021787405014038e-01
1.052334383130073547e-01 -6.785076111555099487e-02 -5.021430850028991699e-01 -2.888649702072143555e-01 -1.168359518051147461e-01 -5.058049038052558899e-02 -3.997778892517089844e-01 -1.553004831075668335e-01
8.639008998870849609e-01 1.495039016008377075e-01 -4.068066775798797607e-01 -2.471675723791122437e-01 -1.028693541884422302e-01 2.534179985523223877e-01 1.912864148616790771e-01 4.169732630252838135e-01
-1.951059848070144653e-01 -1.937782466411590576e-01 4.341703057289123535e-01 4.111686348915100098e-01 2.039444744586944580e-01 2.070610225200653076e-01 3.173348605632781982e-01 3.587964773178100586e-01
2.879483997821807861e-01 5.477122589945793152e-02 4.649736583232879639e-01 -1.570886522531509399e-01 3.129741922020912170e-02 -4.003567993640899658e-02 1.556916236877441406e-01 -1.264381920918822289e-03
4.603371918201446533e-01 3.722243905067443848e-01 -2.749298572540283203e+00 -1.974419057369232178e-01 -3.285055756568908691e-01 1.744493097066879272e-02 -2.826355025172233582e-02 -2.904972061514854431e-02
-8.898583650588989258e-01 4.305120706558227539e-01 2.629042565822601318e-01 1.955635547637939453e-01 2.561477124691009521e-01 5.139116048812866211e-01 4.755102097988128662e-01 2.973414361476898193e-01
-6.833847165107727051e-01 4.849006235599517822e-01 3.962762057781219482e-01 1.818904280662536621e-01 5.109606981277465820e-01 -2.442605048418045044e-01 1.059000730514526367e+00 -4.445759057998657227e-01
5.322180688381195068e-02 -3.147296607494354248e-01 -9.394651055335998535e-01 -1.457519531250000000e-01 9.074881076812744141e-01 -5.414173603057861328e-01 -1.936403103172779083e-02 -1.167423278093338013e-01
-6.618792414665222168e-01 -2.544548511505126953e-01 2.884081602096557617e-01 1.357180476188659668e-01 -4.733073413372039795e-01 1.782317012548446655e-01 -3.103671073913574219e-01 -2.850008606910705566e-01
4.151032269001007080e-01 -4.358937442302703857e-01 -2.194595038890838623e-01 -9.299671649932861328e-02 -4.887646734714508057e-01 1.272490024566650391e+00 -5.557575225830078125e-01 -2.282000929117202759e-01
-2.630332708358764648e-01 1.346921771764755249e-01 2.050471901893615723e-01 -7.894843071699142456e-02 2.652662694454193115e-01 -4.646776616573333740e-01 7.326451689004898071e-02 -5.123905465006828308e-02
-2.460600808262825012e-02 2.537622749805450439e-01 2.407360076904296875e-01 2.708402872085571289e-01 5.477037280797958374e-02 5.054460763931274414e-01 -3.851824998855590820e-01 1.988848857581615448e-02
5.651462674140930176e-01 -7.112579941749572754e-01 3.500443398952484131e-01 -5.713783502578735352e-01 2.453531026840209961e-01 -1.661088019609451294e-01 -3.522964939475059509e-02 -1.173799205571413040e-02
-6.858062744140625000e-01 9.482178092002868652e-02 -6.720179319381713867e-01 -4.022084772586822510e-01 -1.605096459388732910e-01 -1.455393433570861816e-01 -4.697993099689483643e-01 3.845562338829040527e-01
-2.940309941768646240e-01 2.896995246410369873e-01 2.029010504484176636e-01 -5.941355600953102112e-02 1.997262835502624512e-01 4.693594574928283691e-01 -7.609944343566894531e-01 1.093880273401737213e-02
-2.502909600734710693e-01 1.902057677507400513e-01 2.776257991790771484e-01 1.639104783535003662e-01 -2.565064728260040283e-01 2.708331942558288574e-01 7.690432481467723846e-03 -2.168081700801849365e-02
-7.711060643196105957e-01 3.418553769588470459e-01 -1.251766085624694824e+00 2.734150290489196777e-01 -6.089142709970474243e-02 1.361102461814880371e-01 -7.621915638446807861e-02 1.379888411611318588e-02
-7.878838479518890381e-02 3.190544084645807743e-04 -1.387168020009994507e-01 -3.915917873382568359e-01 -7.391144335269927979e-02 -7.281593233346939087e-02 -5.080200433731079102e-01 1.444962024688720703e-01
-6.024819612503051758e-01 -2.894517183303833008e-01 3.345385789871215820e-01 -3.440802693367004395e-01 2.116986364126205444e-01 -2.250605970621109009e-01 -5.505243539810180664e-01 2.395438402891159058e-01
-7.614721059799194336e-01 2.561140656471252441e-01 2.354026138782501221e-01 -2.131325900554656982e-01 9.199476987123489380e-02 2.283868938684463501e-01 -3.340901136398315430e-01 -2.757933735847473145e-01
-2.731629088521003723e-02 3.426243364810943604e-01 -4.048991799354553223e-01 -2.759996950626373291e-01 -8.213253319263458252e-02 6.858346462249755859e-01 -4.845310747623443604e-01 1.771758252289146185e-04
-1.506629139184951782e-01 -2.772187888622283936e-01 -2.922559529542922974e-02 -1.645475029945373535e-01 -1.669833958148956299e-01 -3.165187835693359375e-01 -4.334870278835296631e-01 4.584369808435440063e-02
-2.497768104076385498e-01 -3.617270290851593018e-01 4.394883289933204651e-03 -2.806859314441680908e-01 1.725506223738193512e-02 -5.437937378883361816e-01 -2.130297720432281494e-01 3.757942840456962585e-02
2.368485033512115479e-01 -3.525725603103637695e-01 -7.152700424194335938e-01 -2.617218196392059326e-01 -3.729222416877746582e-01 -2.828736007213592529e-01 -9.131790995597839355e-01 -1.003360375761985779e-01
5.238582491874694824e-01 3.215340971946716309e-01 7.833149433135986328e-01 5.696025490760803223e-01 2.868171036243438721e-01 -2.278748452663421631e-01 2.737127617001533508e-02 -1.949189230799674988e-02
1.254576891660690308e-01 -3.834451138973236084e-01 -2.025363147258758545e-01 -2.085443437099456787e-01 -1.014005303382873535e+00 2.739338576793670654e-02 -8.662305772304534912e-02 8.694282174110412598e-02
6.216750741004943848e-01 -3.696643114089965820e-01 4.662856161594390869e-01 -7.864759564399719238e-01 2.387109547853469849e-01 2.655488848686218262e-01 -1.835529655218124390e-01 -4.969805944710969925e-03
-4.401299059391021729e-01 5.286464095115661621e-01 -1.049271464347839355e+00 2.147574424743652344e-01 -6.720603257417678833e-02 7.925938814878463745e-02 -1.316822506487369537e-02 2.186724543571472168e-02
-1.740952730178833008e-01 -1.067831516265869141e-01 -3.504056632518768311e-01 1.707901060581207275e-01 6.123045831918716431e-02 1.805381476879119873e-01 -3.172924816608428955e-01 -1.582691818475723267e-01
-1.255621612071990967e-01 -2.842084169387817383e-01 -4.637864530086517334e-01 1.003686860203742981e-01 -1.510796695947647095e-01 9.959270805120468140e-02 -4.325357973575592041e-01 3.218233212828636169e-02
-5.208127498626708984e-01 2.090459018945693970e-01 -8.192194700241088867e-01 6.442765593528747559e-01 -1.965440958738327026e-01 3.167590359225869179e-03 -3.912592828273773193e-01 4.270507022738456726e-02
-8.650012016296386719e-01 1.446146070957183838e-01 -1.626589775085449219e+00 2.603448331356048584e-01 2.132308334112167358e-01 -5.614274144172668457e-01 -3.139895200729370117e-02 -5.148642510175704956e-02
3.523442894220352173e-02 1.634688526391983032e-01 -4.124517738819122314e-02 -2.257484048604965210e-01 -2.273163013160228729e-02 2.999770082533359528e-02 1.837798580527305603e-02 1.851449371315538883e-03
-2.035526484251022339e-01 -6.033662557601928711e-01 7.137458026409149170e-02 -6.909242272377014160e-01 4.393743872642517090e-01 -4.635860323905944824e-01 -3.599212765693664551e-01 6.201392784714698792e-02
-7.047489881515502930e-01 3.911244869232177734e-01 5.187652707099914551e-01 -4.079978168010711670e-02 1.594931930303573608e-01 -9.922282695770263672e-01 6.988397240638732910e-01 -2.062167376279830933e-01
7.498973608016967773e-01 7.336437702178955078e-02 -2.378566265106201172e+00 -1.252572387456893921e-01 -3.137545585632324219e-01 2.558731734752655029e-01 2.806590497493743896e-01 -1.073370054364204407e-01
4.192824065685272217e-01 -4.821192026138305664e-01 -1.672864854335784912e-01 -9.287738800048828125e-01 -1.818962544202804565e-01 4.955821931362152100e-01 -5.389492511749267578e-01 -4.611817374825477600e-02
-3.948462903499603271e-01 -4.945916831493377686e-01 3.304945826530456543e-01 1.561727561056613922e-02 6.448590755462646484e-01 -2.572056651115417480e-02 -1.338288784027099609e-01 2.467987388372421265e-01
3.177573382854461670e-01 6.780259311199188232e-02 1.017963141202926636e-01 -1.468522995710372925e-01 -2.822751104831695557e-01 3.597682416439056396e-01 1.275412291288375854e-01 -5.035582184791564941e-01
-1.043643593788146973e+00 -1.823413819074630737e-01 -1.771711409091949463e-01 1.309989094734191895e-01 -5.188601016998291016e-01 4.560068547725677490e-01 -4.534583687782287598e-01 2.342140302062034607e-03
1.496988058090209961e+00 1.614524573087692261e-01 7.306511402130126953e-01 9.301495552062988281e-02 -2.876925468444824219e-01 -1.411792486906051636e-01 -2.125833183526992798e-02 -4.101160913705825806e-02
5.686329603195190430e-01 -6.965476870536804199e-01 2.537779808044433594e-01 -5.089927911758422852e-01 2.550953030586242676e-01 4.055806994438171387e-01 -4.545875638723373413e-02 2.088253796100616455e-01
-6.344283819198608398e-01 4.998509287834167480e-01 -1.096315979957580566e+00 8.829886466264724731e-02 4.434514045715332031e-01 -2.725951671600341797e-01 -9.785564243793487549e-02 -1.665104776620864868e-01
3.220313489437103271e-01 1.933421194553375244e-01 -8.251624703407287598e-01 -1.506997644901275635e-02 -2.152693271636962891e-01 6.108082085847854614e-02 -4.299106895923614502e-01 -1.731580123305320740e-02
