-4.506700336933135986e-01
-5.933986976742744446e-02
1.700890958309173584e-01
1.017177850008010864e-01
-1.735043376684188843e-01
-5.039502978324890137e-01
-9.674497246742248535e-01
-6.041119098663330078e-01
1.423390805721282959e-01
-3.044865429401397705e-01
-8.266291767358779907e-02
-1.194687724113464355e+00
-6.025306135416030884e-02
-5.353295207023620605e-01
-3.763644695281982422e-01
4.947350323200225830e-01
-1.194150075316429138e-01
7.997372746467590332e-01
1.019713163375854492e+00
8.630353808403015137e-01
4.468955695629119873e-01
-1.651204675436019897e-01
1.600140184164047241e-01
-4.959729313850402832e-01
-3.789960741996765137e-01
2.672879993915557861e-01
-1.001343131065368652e+00
-2.690483331680297852e-01
-2.057222127914428711e-01
7.931338548660278320e-01
-7.511160969734191895e-01
5.885498523712158203e-01
1.241313144564628601e-01
-4.810183644294738770e-01
4.752357900142669678e-01
4.293838143348693848e-02
1.043398752808570862e-01
-5.555468797683715820e-02
-1.497246026992797852e-01
-1.772159524261951447e-02
1.051081299781799316e+00
1.306714773178100586e+00
1.183382034301757812e+00
1.221141457557678223e+00
-4.274058938026428223e-01
-1.125280708074569702e-01
-6.724261641502380371e-01
-1.626472026109695435e-01
8.167870640754699707e-01
3.442557752132415771e-01
1.480654627084732056e-01
-4.861322939395904541e-01
-6.701720505952835083e-02
2.213024646043777466e-01
-8.786900639533996582e-01
-8.121798932552337646e-02
1.424092173576354980e+00
-4.113710820674896240e-01
1.408770233392715454e-01
4.449859261512756348e-01
1.740501075983047485e-01
-2.754631340503692627e-01
-5.231686234474182129e-01
3.100518882274627686e-01
