1.637734472751617432e-01
6.921607851982116699e-01
1.352375298738479614e-01
4.786460399627685547e-01
5.439563989639282227e-01
2.577768266201019287e-02
8.233365416526794434e-02
-5.350886285305023193e-02
5.038567781448364258e-01
1.015719622373580933e-01
5.285492539405822754e-01
5.422344207763671875e-01
-4.291680455207824707e-02
6.767088770866394043e-01
1.149200722575187683e-01
6.654569506645202637e-01
5.446010231971740723e-01
6.230260133743286133e-01
7.193792462348937988e-01
6.719105839729309082e-01
4.995212256908416748e-01
1.235407404601573944e-02
3.641816079616546631e-01
6.671971827745437622e-02
3.397268950939178467e-01
1.616273671388626099e-01
7.013106346130371094e-01
2.534759044647216797e-01
5.548099279403686523e-01
5.582746863365173340e-01
8.392211794853210449e-02
5.078674554824829102e-01
