1.830734014511108398e-01 1.564552076160907745e-02 -7.016265392303466797e-01 -7.644889503717422485e-02 1.526451408863067627e-01 7.392164319753646851e-02 5.847508311271667480e-01 2.865366935729980469e-01 4.275799095630645752e-01 3.851881250739097595e-02 2.166262567043304443e-01 -1.050777077674865723e+00 5.674422904849052429e-02 7.729408740997314453e-01 -9.033062458038330078e-01 -2.509528696537017822e-01 -2.933319807052612305e-01 -1.500739343464374542e-02 3.330973386764526367e-01 1.930820494890213013e-01 5.595391616225242615e-02 -1.775445938110351562e-01 1.139836981892585754e-01 -1.007781848311424255e-01 5.365054681897163391e-02 8.679836988449096680e-02 -7.148737311363220215e-01 9.792097806930541992e-01 1.789518445730209351e-01 3.110259473323822021e-01 2.014929354190826416e-01 1.777625679969787598e-01 1.889542341232299805e-01 1.453676521778106689e-01 -1.875902758911252022e-03 2.955693900585174561e-01 1.991068571805953979e-01 8.359320461750030518e-02 -2.043724656105041504e-01 -9.100902825593948364e-02 2.022012174129486084e-01 2.032027542591094971e-01 1.365722715854644775e-01 -5.685648918151855469e-01 7.792477309703826904e-02 5.222233533859252930e-01 -1.175872683525085449e+00 1.244429573416709900e-01 2.233608663082122803e-01 2.149217873811721802e-01 2.264033854007720947e-01 8.636835217475891113e-01 1.900458186864852905e-01 -1.459176093339920044e-01 -1.167753338813781738e+00 1.935572475194931030e-01 1.837185770273208618e-01 -4.617535471916198730e-01 4.444153606891632080e-01 3.388488888740539551e-01 -2.258190959692001343e-01 -5.456108972430229187e-02 3.919952809810638428e-01 -3.771986067295074463e-01
1.149385869503021240e-01 4.630453512072563171e-02 2.753162384033203125e-01 3.277939856052398682e-01 3.086293935775756836e-01 1.702790856361389160e-01 -3.386894613504409790e-02 2.431247942149639130e-02 7.997547090053558350e-02 -7.192105054855346680e-02 -1.054954621940851212e-02 -3.967391848564147949e-01 7.715515792369842529e-03 -1.454150583595037460e-02 -6.768374443054199219e-01 -2.379625290632247925e-01 2.627744078636169434e-01 2.592793405055999756e-01 3.101309239864349365e-01 3.599502444267272949e-01 8.391302078962326050e-02 -1.470559984445571899e-01 9.311793744564056396e-02 -3.550164103507995605e-01 -3.818535208702087402e-01 4.378037452697753906e-01 4.282222688198089600e-01 -8.265812695026397705e-02 2.677247524261474609e-01 2.951236665248870850e-01 -1.721599996089935303e-01 1.278538256883621216e-01 -5.687827467918395996e-01 2.562391385436058044e-02 3.878245949745178223e-01 1.762225329875946045e-01 4.244294017553329468e-02 1.175623089075088501e-01 2.021000385284423828e-01 3.241347074508666992e-01 2.422392070293426514e-01 4.788741767406463623e-01 4.343718588352203369e-01 4.654906392097473145e-01 -7.311567664146423340e-03 1.280859392136335373e-02 -9.169005751609802246e-01 -1.755742281675338745e-01 1.751901805400848389e-01 1.339037418365478516e-01 -1.613031327724456787e-01 -3.378545045852661133e-01 -5.203966051340103149e-02 2.969418466091156006e-01 7.328081727027893066e-01 -3.494786024093627930e-01 4.217757880687713623e-01 1.852319687604904175e-01 1.103290021419525146e-01 3.719473481178283691e-01 -8.497323840856552124e-02 -2.520710825920104980e-01 1.848949790000915527e-01 6.921613961458206177e-02
-5.930305123329162598e-01 -2.840412259101867676e-01 -1.012434810400009155e-01 3.714430928230285645e-01 -2.181639373302459717e-01 -1.207239627838134766e-01 -3.462723791599273682e-01 -6.063792109489440918e-01 -7.834488898515701294e-02 3.385341539978981018e-02 3.307100236415863037e-01 -1.511220216751098633e+00 8.932071737945079803e-03 -3.530274033546447754e-01 2.576656043529510498e-01 5.070495605468750000e-01 -1.486658751964569092e-01 4.198770225048065186e-01 3.236707150936126709e-01 1.745966076850891113e-01 2.686718702316284180e-01 -1.535503268241882324e-01 -1.357773244380950928e-01 3.647587001323699951e-01 4.905582070350646973e-01 -1.409956812858581543e-01 9.150671958923339844e-01 3.622945845127105713e-01 -1.306754201650619507e-01 3.816097378730773926e-01 1.874755173921585083e-01 2.095096856355667114e-01 6.322850286960601807e-02 2.584661245346069336e-01 1.143653318285942078e-01 -7.077112793922424316e-02 4.619928598403930664e-01 2.215853333473205566e-01 -2.299186214804649353e-02 -3.064797446131706238e-02 1.677569895982742310e-01 3.354198932647705078e-01 2.782921493053436279e-01 9.629904627799987793e-01 -9.556350708007812500e-01 9.481111168861389160e-02 -3.926967619918286800e-04 3.113323748111724854e-01 2.230114191770553589e-01 1.835031658411026001e-01 4.360153675079345703e-01 6.821671724319458008e-01 1.471532881259918213e-01 1.528026163578033447e-01 1.209323778748512268e-01 4.343124032020568848e-01 5.012251138687133789e-01 -1.670779474079608917e-02 2.222305685281753540e-01 1.837852150201797485e-01 2.447919547557830811e-01 4.705782532691955566e-01 4.235403239727020264e-01 3.538272082805633545e-01
-8.708971738815307617e-02 -1.628142148256301880e-01 2.516423165798187256e-01 9.067951887845993042e-02 8.840642869472503662e-02 1.251980066299438477e-01 -1.231254041194915771e-01 5.456211790442466736e-02 1.126888021826744080e-01 1.219499558210372925e-01 1.301879622042179108e-02 -3.326338827610015869e-01 -8.903765678405761719e-02 1.416092365980148315e-01 -6.776005625724792480e-01 -1.416031420230865479e-01 1.288211196660995483e-01 1.802099645137786865e-01 2.102559506893157959e-01 3.411790132522583008e-01 1.468972116708755493e-01 -6.492437422275543213e-02 2.099027186632156372e-01 -2.518574893474578857e-01 -4.396781921386718750e-01 4.836004078388214111e-01 4.131658673286437988e-01 -1.425097882747650146e-02 8.351092040538787842e-02 4.437644183635711670e-01 -8.022499829530715942e-02 1.424514949321746826e-01 -5.348430275917053223e-01 -9.015180915594100952e-02 2.216884195804595947e-01 2.071092575788497925e-01 -1.691382825374603271e-01 1.838945895433425903e-01 1.902416497468948364e-01 1.181818395853042603e-01 3.689979314804077148e-01 3.889329731464385986e-01 3.986438810825347900e-01 4.922563731670379639e-01 9.030432254076004028e-02 2.697513252496719360e-02 -1.055123567581176758e+00 -1.042460873723030090e-01 3.074128329753875732e-01 4.216346144676208496e-02 -1.138485744595527649e-01 -3.924916386604309082e-01 -5.892754346132278442e-02 3.209870755672454834e-01 8.313677906990051270e-01 -1.957521885633468628e-01 2.726993858814239502e-01 1.568711400032043457e-01 -1.283460259437561035e-01 4.410419762134552002e-01 1.424827519804239273e-02 -3.348537087440490723e-01 7.867868058383464813e-03 1.903453916311264038e-01
1.075617671012878418e-01 -7.768499106168746948e-02 1.790578514337539673e-01 3.354161679744720459e-01 2.693291604518890381e-01 -5.757447332143783569e-02 -1.283581852912902832e-01 5.729005485773086548e-02 5.375586077570915222e-02 -4.946998134255409241e-02 -4.321157932281494141e-02 -2.987059354782104492e-01 -6.448011100292205811e-02 5.545674636960029602e-02 -6.677505970001220703e-01 -1.601342856884002686e-01 2.208410948514938354e-01 2.979581654071807861e-01 2.958725690841674805e-01 3.160572946071624756e-01 2.461783289909362793e-01 -4.570491984486579895e-02 2.698778510093688965e-01 -1.372328698635101318e-01 -3.436549305915832520e-01 3.240370452404022217e-01 5.613862872123718262e-01 -2.143051475286483765e-01 1.188293248414993286e-01 3.742457032203674316e-01 4.846586659550666809e-02 1.398894488811492920e-01 -6.230688095092773438e-01 1.692284713499248028e-03 1.456909626722335815e-01 3.016813285648822784e-02 -9.573410451412200928e-02 9.478626400232315063e-02 1.201787441968917847e-01 2.127577066421508789e-01 2.107032835483551025e-01 3.289402425289154053e-01 3.192704617977142334e-01 4.316046535968780518e-01 -6.957713514566421509e-02 -5.367548391222953796e-02 -1.001920580863952637e+00 -2.793592214584350586e-02 2.158709615468978882e-01 1.770151853561401367e-01 -2.555632591247558594e-01 -3.902374505996704102e-01 4.032078012824058533e-02 2.836962640285491943e-01 6.087012887001037598e-01 -4.174757599830627441e-01 4.078332185745239258e-01 2.526552677154541016e-01 1.233061924576759338e-01 3.636324405670166016e-01 9.205529093742370605e-02 -3.707213401794433594e-01 2.126833610236644745e-02 7.079749833792448044e-03
-1.552421301603317261e-01 -8.373588323593139648e-02 -3.440985381603240967e-01 6.843298673629760742e-02 2.672183811664581299e-01 3.644701838493347168e-01 5.628305077552795410e-01 3.559404909610748291e-01 5.132306218147277832e-01 2.097368389368057251e-01 -4.306447803974151611e-01 -9.662491083145141602e-01 3.002170324325561523e-01 5.478757619857788086e-01 -1.301617622375488281e+00 4.840082302689552307e-02 -3.172125816345214844e-01 -2.342303097248077393e-01 1.366604417562484741e-01 6.625258922576904297e-02 -3.182416856288909912e-01 1.220247521996498108e-01 3.527094125747680664e-01 4.251159131526947021e-01 4.834421277046203613e-01 3.098788559436798096e-01 -2.562815546989440918e-01 -6.732661724090576172e-01 1.473351567983627319e-01 1.879336088895797729e-01 -3.165609389543533325e-02 1.567004472017288208e-01 6.927182674407958984e-01 -3.357717022299766541e-02 3.822930529713630676e-02 4.069708883762359619e-01 7.096146792173385620e-02 -9.736441820859909058e-02 -1.382702589035034180e-01 1.069743372499942780e-02 1.168886795639991760e-01 -1.089651733636856079e-01 -1.772467046976089478e-02 -6.604348421096801758e-01 8.874255418777465820e-02 4.476690292358398438e-01 -8.371210098266601562e-01 2.747643291950225830e-01 3.628257662057876587e-02 -2.662828005850315094e-02 2.026127427816390991e-01 8.214173913002014160e-01 2.510223686695098877e-01 -1.895086020231246948e-01 -1.203286886215209961e+00 5.360329151153564453e-01 3.587966039776802063e-02 -3.658735454082489014e-01 2.415413707494735718e-01 2.396112829446792603e-01 -4.286872968077659607e-02 5.293513834476470947e-02 2.505533993244171143e-01 -3.321819901466369629e-01
2.840100824832916260e-01 1.188196167349815369e-01 -2.889464497566223145e-01 -8.408022671937942505e-02 8.116412162780761719e-02 2.679339349269866943e-01 7.270200848579406738e-01 3.587948679924011230e-01 3.891593813896179199e-01 1.871394515037536621e-01 2.824280560016632080e-01 -9.043195843696594238e-01 -1.217528358101844788e-01 8.900581598281860352e-01 -4.802857637405395508e-01 -2.186282724142074585e-02 -4.785444959998130798e-02 1.332678087055683136e-02 2.605396509170532227e-01 2.020727246999740601e-01 1.574242264032363892e-01 -6.285957247018814087e-02 -5.918463692069053650e-02 -1.483262777328491211e-01 3.514784872531890869e-01 1.536094397306442261e-01 -3.654233217239379883e-01 6.502460241317749023e-01 2.753430008888244629e-01 3.665173053741455078e-01 -1.251766830682754517e-01 1.058913171291351318e-01 -1.252472680062055588e-02 -2.042169421911239624e-01 3.205217048525810242e-02 2.461867928504943848e-01 3.015568256378173828e-01 -1.000758707523345947e-01 -1.414882689714431763e-01 1.566355302929878235e-02 2.615712583065032959e-01 1.864688247442245483e-01 -3.171284124255180359e-02 -4.066261053085327148e-01 1.028230339288711548e-01 5.975752472877502441e-01 -9.650416970252990723e-01 1.226192787289619446e-01 1.918342113494873047e-01 1.190204247832298279e-01 2.862334847450256348e-01 1.237478971481323242e+00 4.645880684256553650e-02 -6.562268733978271484e-02 -1.278115272521972656e+00 4.131421446800231934e-01 3.717197775840759277e-01 -5.577958226203918457e-01 2.754689753055572510e-01 3.505707085132598877e-01 -1.210259180516004562e-02 -2.982563078403472900e-01 5.016840100288391113e-01 -3.702118992805480957e-02
9.969675540924072266e-02 -8.302485942840576172e-01 -5.857902765274047852e-01 1.163759112358093262e+00 -7.319916039705276489e-02 -7.539936155080795288e-02 -3.426686823368072510e-01 3.657609969377517700e-02 3.291776478290557861e-01 -2.512274086475372314e-01 2.500089406967163086e-01 -2.263214588165283203e+00 -5.069227814674377441e-01 -1.172985315322875977e+00 1.077127270400524139e-02 5.040393471717834473e-01 2.497928589582443237e-01 -5.610650032758712769e-02 -1.252692639827728271e-01 3.129183650016784668e-01 3.611574769020080566e-01 4.232016801834106445e-01 -1.392960101366043091e-01 -4.092603325843811035e-01 1.073606610298156738e+00 6.148246675729751587e-02 2.099026441574096680e-01 1.380080636590719223e-02 -5.336103439331054688e-01 -9.214588254690170288e-02 -1.261912286281585693e-01 2.247769087553024292e-01 -2.277171611785888672e-01 1.165124535560607910e+00 7.619237061589956284e-03 2.478899806737899780e-01 3.675350248813629150e-01 4.369404017925262451e-01 1.467908825725317001e-02 -4.039027392864227295e-01 1.777197271585464478e-01 1.029795631766319275e-01 -1.654416173696517944e-01 6.438713669776916504e-01 -1.306430995464324951e-01 -4.625349864363670349e-02 1.372313201427459717e-01 2.793766260147094727e-01 1.765182465314865112e-01 1.135702580213546753e-01 4.863260686397552490e-01 8.762784600257873535e-01 1.099926754832267761e-01 -3.620900154113769531e+00 4.724972248077392578e-01 7.103179693222045898e-01 8.007014393806457520e-01 -2.012345790863037109e+00 -2.142949402332305908e-01 3.161058425903320312e-01 -4.007863700389862061e-01 -7.841303348541259766e-01 6.380261182785034180e-01 2.651599347591400146e-01
1.134990826249122620e-01 -7.026594132184982300e-02 2.575626671314239502e-01 3.386736214160919189e-01 2.320374399423599243e-01 7.897440344095230103e-02 -1.170188114047050476e-01 6.968478113412857056e-02 1.749581694602966309e-01 8.692145347595214844e-02 -1.322485804557800293e-01 -2.346619218587875366e-01 -7.396136876195669174e-03 3.256003558635711670e-02 -7.485989928245544434e-01 -1.144470274448394775e-01 1.691800057888031006e-01 1.443970948457717896e-01 2.966728210449218750e-01 1.888345181941986084e-01 2.585802376270294189e-01 -3.201727569103240967e-02 1.631742864847183228e-01 -3.360452353954315186e-01 -3.663502335548400879e-01 3.459812700748443604e-01 5.968465209007263184e-01 -5.569320172071456909e-02 3.188520073890686035e-01 4.242888689041137695e-01 -7.580352574586868286e-02 2.974098622798919678e-01 -5.735207796096801758e-01 5.249981954693794250e-02 2.891172170639038086e-01 1.550874263048171997e-01 2.184378542006015778e-02 3.144148364663124084e-02 3.519727587699890137e-01 2.162543386220932007e-01 2.628456056118011475e-01 2.548209428787231445e-01 2.189225703477859497e-01 4.510821998119354248e-01 1.130146980285644531e-01 3.157515823841094971e-02 -1.017191529273986816e+00 3.375463932752609253e-02 2.646543681621551514e-01 5.379335954785346985e-02 -2.494546622037887573e-01 -2.973278164863586426e-01 1.636300832033157349e-01 1.957886070013046265e-01 7.192920446395874023e-01 -3.418114781379699707e-01 4.187362194061279297e-01 5.812199041247367859e-02 7.865747436881065369e-03 4.689484536647796631e-01 -3.961521666496992111e-03 -2.499971836805343628e-01 -3.557256609201431274e-02 1.462596803903579712e-01
-1.391789793968200684e+00 -1.677756190299987793e+00 -5.080284476280212402e-01 4.718616008758544922e-01 3.436795771121978760e-01 2.580158710479736328e-01 -7.421427965164184570e-01 -9.501632452011108398e-01 1.480951607227325439e-01 1.772931963205337524e-01 7.015867233276367188e-01 -7.759247422218322754e-01 2.083747684955596924e-01 6.207785382866859436e-02 2.256454080343246460e-01 5.681058764457702637e-01 -8.775081038475036621e-01 1.829978823661804199e-01 2.260707616806030273e-01 2.066457420587539673e-01 -6.099345162510871887e-02 1.503892689943313599e-01 2.769279479980468750e-01 8.393224477767944336e-01 1.352382659912109375e+00 1.980624496936798096e-01 3.411870300769805908e-01 1.593050599098205566e+00 8.237954229116439819e-02 3.025726079940795898e-01 1.734874367713928223e+00 1.866906881332397461e-01 1.866371035575866699e-01 -8.057975023984909058e-02 1.587305665016174316e-01 2.498507201671600342e-01 5.707994699478149414e-01 3.346892893314361572e-01 2.158729434013366699e-01 3.067314624786376953e-01 4.197657406330108643e-01 2.260507643222808838e-01 1.152110099792480469e-01 8.536989986896514893e-02 -1.721797347068786621e+00 4.906670153141021729e-01 3.460586369037628174e-01 3.956263661384582520e-01 2.487791180610656738e-01 5.950301885604858398e-02 6.644669771194458008e-01 1.319955229759216309e+00 1.111900657415390015e-01 4.667888581752777100e-01 -3.387319564819335938e+00 4.876258075237274170e-01 4.036006629467010498e-01 1.035775169730186462e-01 1.616345942020416260e-01 3.465905487537384033e-01 -7.266079783439636230e-01 3.790523707866668701e-01 -5.635014176368713379e-02 4.602321386337280273e-01
-1.156768500804901123e-01 -1.377023756504058838e-01 1.857638657093048096e-01 1.177613213658332825e-01 2.179361283779144287e-01 1.064684167504310608e-01 -8.298102021217346191e-02 -3.618505224585533142e-02 1.731493324041366577e-01 5.934318155050277710e-02 -8.047031238675117493e-03 -4.727964103221893311e-01 -3.396093845367431641e-02 -7.712344173341989517e-03 -7.346543073654174805e-01 -1.982918977737426758e-01 2.654150724411010742e-01 2.638888359069824219e-01 2.971583604812622070e-01 2.361817061901092529e-01 6.388971209526062012e-02 -1.703624576330184937e-01 1.381259560585021973e-01 -2.005868405103683472e-01 -3.909324705600738525e-01 3.245877027511596680e-01 4.968126714229583740e-01 -1.661060303449630737e-01 2.280524969100952148e-01 2.992203533649444580e-01 -3.809190168976783752e-02 1.566268801689147949e-01 -5.916960239410400391e-01 -7.810153812170028687e-02 1.770593225955963135e-01 1.979041695594787598e-01 -1.280550360679626465e-01 8.480565994977951050e-02 2.930100262165069580e-01 2.318271547555923462e-01 2.100213617086410522e-01 4.422054886817932129e-01 2.008395344018936157e-01 3.692950904369354248e-01 2.191471308469772339e-02 -1.530702970921993256e-02 -9.860176444053649902e-01 -1.875774264335632324e-01 7.824285328388214111e-02 9.849251806735992432e-02 -6.926759332418441772e-02 -2.735955715179443359e-01 -3.605461120605468750e-02 1.839283704757690430e-01 8.216474056243896484e-01 -2.877879738807678223e-01 3.647189140319824219e-01 1.168368607759475708e-01 6.416418123990297318e-03 4.761445224285125732e-01 -1.834425888955593109e-02 -4.480121135711669922e-01 1.195390895009040833e-01 6.469912827014923096e-02
6.316519528627395630e-02 8.877801895141601562e-02 9.471821784973144531e-02 2.835597991943359375e-01 2.147543430328369141e-01 9.289429336786270142e-02 -5.132112279534339905e-02 9.854085743427276611e-02 1.580411195755004883e-01 1.180112957954406738e-01 -1.814579032361507416e-02 -4.022410213947296143e-01 -2.704096771776676178e-02 2.053267061710357666e-01 -7.111731171607971191e-01 -1.411675512790679932e-01 1.670606136322021484e-01 1.765948832035064697e-01 3.276981413364410400e-01 2.507264912128448486e-01 2.528665363788604736e-01 -1.193483993411064148e-01 1.391592770814895630e-01 -2.212065309286117554e-01 -4.753828048706054688e-01 3.062230944633483887e-01 5.687823295593261719e-01 -7.135952357202768326e-03 3.387286067008972168e-01 4.695608019828796387e-01 -9.812749922275543213e-02 2.539885342121124268e-01 -5.708245635032653809e-01 5.301184579730033875e-02 3.040279448032379150e-01 1.881255507469177246e-01 -6.816769391298294067e-02 2.747691869735717773e-01 1.596104949712753296e-01 2.702190279960632324e-01 4.081339538097381592e-01 3.948305547237396240e-01 4.352299571037292480e-01 5.310327410697937012e-01 3.375238552689552307e-02 -1.499664187431335449e-01 -9.820574522018432617e-01 -9.797589480876922607e-02 2.785490453243255615e-01 1.979332864284515381e-01 -1.292410492897033691e-01 -3.458434939384460449e-01 1.758541017770767212e-01 4.021759927272796631e-01 8.726325631141662598e-01 -2.598654627799987793e-01 4.305638968944549561e-01 2.798871994018554688e-01 3.554128110408782959e-02 3.113713264465332031e-01 -7.888300716876983643e-02 -2.310355454683303833e-01 9.229613468050956726e-03 1.752073615789413452e-01
-2.157888859510421753e-01 -4.753504991531372070e-01 -4.979563951492309570e-01 1.586336791515350342e-01 -5.159016847610473633e-01 -8.428693413734436035e-01 -6.583230495452880859e-01 3.399246931076049805e-02 1.097694709897041321e-01 -8.759780973196029663e-02 6.374324560165405273e-01 -2.145044803619384766e+00 2.921316027641296387e-01 5.759929120540618896e-02 5.778317451477050781e-01 2.541766464710235596e-01 -6.705571711063385010e-02 6.999735534191131592e-02 -7.780362665653228760e-02 2.664281725883483887e-01 9.959741681814193726e-02 4.546396136283874512e-01 -2.533374130725860596e-01 -1.330173909664154053e-01 1.750022768974304199e+00 -4.706887006759643555e-01 -2.197585999965667725e-01 -9.164520502090454102e-01 -2.732402272522449493e-02 1.179989054799079895e-01 2.595638856291770935e-02 -9.810934960842132568e-02 1.372695900499820709e-02 3.069340288639068604e-01 5.927679687738418579e-02 -1.603837013244628906e-01 3.617425560951232910e-01 1.572534888982772827e-01 -1.304361820220947266e-01 -1.023135483264923096e-01 4.284915700554847717e-02 2.473089843988418579e-02 -9.496315568685531616e-02 4.117549657821655273e-01 -4.190807044506072998e-01 -7.169744372367858887e-02 4.163366854190826416e-01 3.543613255023956299e-01 -2.979000844061374664e-02 1.898451596498489380e-01 5.150873064994812012e-01 1.272191166877746582e+00 -2.473070099949836731e-02 -2.089684456586837769e-02 -1.442990154027938843e-01 1.157468199729919434e+00 1.822490841150283813e-01 -1.608285307884216309e-01 -4.650549590587615967e-01 -2.238888852298259735e-02 -5.642742514610290527e-01 3.153985440731048584e-01 9.254211783409118652e-01 3.549752533435821533e-01
-2.950563654303550720e-02 -2.581279724836349487e-02 2.543952167034149170e-01 2.485032975673675537e-01 2.157694101333618164e-01 3.812665119767189026e-02 -2.515391111373901367e-01 -2.736663818359375000e-02 2.892315983772277832e-01 1.392481923103332520e-01 2.367137745022773743e-02 -3.513672947883605957e-01 -1.032956764101982117e-01 1.344834566116333008e-01 -7.345377206802368164e-01 -1.263947486877441406e-01 3.959296047687530518e-01 1.923653036355972290e-01 3.944922983646392822e-01 4.160556793212890625e-01 1.474227309226989746e-01 -7.392130047082901001e-02 8.671330660581588745e-02 -3.847601115703582764e-01 -2.686718702316284180e-01 5.184370875358581543e-01 5.024446249008178711e-01 -1.397954672574996948e-01 3.095763027667999268e-01 4.316636919975280762e-01 -9.691128879785537720e-02 2.825005054473876953e-01 -4.665926098823547363e-01 -9.807591885328292847e-02 3.742896616458892822e-01 1.599297225475311279e-01 -1.632431522011756897e-02 1.872107684612274170e-01 2.915630936622619629e-01 1.597564518451690674e-01 2.393365949392318726e-01 2.843401134014129639e-01 4.975732564926147461e-01 3.898860514163970947e-01 -9.046287834644317627e-02 4.625890031456947327e-02 -1.007376074790954590e+00 5.449386313557624817e-02 2.074951976537704468e-01 1.397084593772888184e-01 -2.300852686166763306e-01 -3.676245808601379395e-01 1.853357702493667603e-01 2.891515493392944336e-01 7.740605473518371582e-01 -1.686660349369049072e-01 4.512994885444641113e-01 1.083050966262817383e-01 -3.274449333548545837e-02 3.595663011074066162e-01 1.622387170791625977e-01 -3.920826315879821777e-01 3.574232384562492371e-02 1.745329946279525757e-01
-6.371623873710632324e-01 -8.045654296875000000e-01 -1.637570381164550781e+00 4.051684141159057617e-01 -2.599061429500579834e-01 -1.054885685443878174e-01 2.091255486011505127e-01 -2.454557567834854126e-01 1.822540760040283203e-01 1.640515625476837158e-01 5.180255174636840820e-01 -1.136805415153503418e+00 1.112098544836044312e-01 -2.826173007488250732e-01 3.538137301802635193e-02 3.584288358688354492e-01 -3.570428192615509033e-01 1.525309830904006958e-01 4.472783301025629044e-03 1.068123877048492432e-01 2.422544658184051514e-01 7.219979912042617798e-02 9.137346595525741577e-02 1.008505702018737793e+00 6.517012417316436768e-02 -1.515096426010131836e-01 5.780841708183288574e-01 1.766027510166168213e-01 -1.572282612323760986e-01 1.199390366673469543e-01 5.378967523574829102e-01 1.264905631542205811e-01 -4.476942121982574463e-02 5.982997417449951172e-01 1.222427040338516235e-01 1.482900530099868774e-01 1.902127116918563843e-01 2.428722232580184937e-01 2.502159588038921356e-02 -8.150032907724380493e-02 2.348802387714385986e-01 3.093189001083374023e-01 1.098423898220062256e-01 6.714968085289001465e-01 -5.140662193298339844e-01 2.013469785451889038e-01 4.525551199913024902e-02 1.753100752830505371e-01 2.567452490329742432e-01 2.050095498561859131e-01 4.767064750194549561e-01 9.461020231246948242e-01 8.088359236717224121e-02 7.352031022310256958e-02 3.788540959358215332e-01 1.349033117294311523e+00 2.594722211360931396e-01 -1.386220008134841919e-01 -2.359829396009445190e-01 1.193393394351005554e-02 -5.402541160583496094e-01 2.728632688522338867e-01 8.433571457862854004e-01 2.120086103677749634e-01
-5.189145356416702271e-02 1.570393145084381104e-02 2.086933255195617676e-01 3.227505087852478027e-01 1.275128126144409180e-01 8.737089484930038452e-02 -1.895586848258972168e-01 5.574473645538091660e-03 2.568311691284179688e-01 1.371990591287612915e-01 -1.817576587200164795e-01 -3.723917305469512939e-01 3.404896473512053490e-03 5.742048099637031555e-02 -5.769274830818176270e-01 -4.015075042843818665e-03 2.055882066488265991e-01 2.344480454921722412e-01 2.353848218917846680e-01 2.400898486375808716e-01 1.262954622507095337e-01 -1.173175349831581116e-01 5.445579066872596741e-02 -2.239304184913635254e-01 -3.305286169052124023e-01 5.462264418601989746e-01 3.967290520668029785e-01 -1.375890523195266724e-01 3.051085174083709717e-01 3.201218545436859131e-01 -5.877102538943290710e-02 3.715005517005920410e-01 -4.433464407920837402e-01 3.156546503305435181e-02 2.373471856117248535e-01 1.607598662376403809e-01 4.812648892402648926e-02 2.248150855302810669e-01 3.145464956760406494e-01 2.716693878173828125e-01 3.741137385368347168e-01 3.566657304763793945e-01 2.455826252698898315e-01 4.628262221813201904e-01 4.448170587420463562e-02 -1.190485283732414246e-01 -8.446986079216003418e-01 -1.650515757501125336e-02 3.070335984230041504e-01 2.692902088165283203e-01 -2.631653659045696259e-02 -3.393654227256774902e-01 -1.244973298162221909e-02 4.079862833023071289e-01 8.261576294898986816e-01 -1.460875570774078369e-01 3.817871809005737305e-01 1.612225770950317383e-01 7.685741782188415527e-02 5.360028743743896484e-01 1.344918310642242432e-01 -3.682380914688110352e-01 1.794628649950027466e-01 1.888138800859451294e-01
-8.861747980117797852e-01 -9.846361279487609863e-01 -1.300907254219055176e+00 3.392752408981323242e-01 -3.664446473121643066e-01 -4.235974848270416260e-01 -7.589947581291198730e-01 -5.553716421127319336e-01 1.292023807764053345e-01 -1.175740882754325867e-01 3.024963140487670898e-01 -1.790627241134643555e+00 -1.271210312843322754e-01 -2.389610558748245239e-01 2.719479501247406006e-01 4.173143804073333740e-01 -2.201732397079467773e-01 7.298396229743957520e-01 4.555112123489379883e-01 4.406977891921997070e-01 2.508967518806457520e-01 1.569169014692306519e-01 7.854086160659790039e-02 4.919624328613281250e-01 1.338085085153579712e-01 -6.763463467359542847e-02 5.306054949760437012e-01 -7.148643136024475098e-01 -1.244459822773933411e-01 1.272625625133514404e-01 3.911708891391754150e-01 3.819320723414421082e-02 -2.448710054159164429e-02 2.877005040645599365e-01 1.057634055614471436e-01 -1.715010702610015869e-01 2.471792846918106079e-01 5.914444476366043091e-02 -1.192984357476234436e-01 -8.272312581539154053e-02 3.290786147117614746e-01 5.568397641181945801e-01 5.745671391487121582e-01 1.398912072181701660e+00 -1.123148322105407715e+00 2.795346453785896301e-02 -6.155515089631080627e-02 1.588646024465560913e-01 2.901872396469116211e-01 2.263658195734024048e-01 4.325528144836425781e-01 -1.151761934161186218e-01 -7.868070155382156372e-02 1.039090380072593689e-01 3.238927721977233887e-01 1.930245198309421539e-02 5.692290663719177246e-01 -1.387017071247100830e-01 -1.737023591995239258e-01 1.199204549193382263e-01 -7.583067417144775391e-01 4.567992985248565674e-01 4.178920984268188477e-01 4.287231564521789551e-01
1.256524026393890381e-02 -2.306638751178979874e-03 1.940719187259674072e-01 3.418822288513183594e-01 1.666197925806045532e-01 1.656688898801803589e-01 -1.641412973403930664e-01 5.087827332317829132e-03 7.688558101654052734e-02 -2.558130957186222076e-02 3.689215332269668579e-02 -4.522055983543395996e-01 -2.299151942133903503e-02 2.044529616832733154e-01 -6.589134931564331055e-01 -1.441484596580266953e-02 2.484159022569656372e-01 1.339822709560394287e-01 2.813798487186431885e-01 3.020626306533813477e-01 5.030823126435279846e-02 -1.430903822183609009e-01 2.591877877712249756e-01 -3.112573027610778809e-01 -4.659366011619567871e-01 4.517080783843994141e-01 5.177022814750671387e-01 -8.899094909429550171e-02 1.475290358066558838e-01 3.004909455776214600e-01 -6.154838576912879944e-02 1.404476016759872437e-01 -5.716670155525207520e-01 -2.269581332802772522e-02 3.910549283027648926e-01 2.321056127548217773e-01 -4.873348399996757507e-02 8.902768045663833618e-02 2.269863635301589966e-01 2.848902046680450439e-01 3.589659631252288818e-01 2.746091187000274658e-01 4.612607657909393311e-01 5.691285133361816406e-01 6.706407666206359863e-02 -1.629483252763748169e-01 -1.034814357757568359e+00 2.081941440701484680e-02 2.605491578578948975e-01 6.007314845919609070e-02 -8.578431606292724609e-02 -4.563066959381103516e-01 1.380000561475753784e-01 3.764478564262390137e-01 7.972689867019653320e-01 -2.973557412624359131e-01 3.201704323291778564e-01 1.566326767206192017e-01 5.248795077204704285e-02 4.839231669902801514e-01 -1.817554235458374023e-02 -2.489744871854782104e-01 1.148618161678314209e-01 1.414075642824172974e-01
8.912332355976104736e-02 1.012043654918670654e-02 3.052142560482025146e-01 3.211204707622528076e-01 1.032332852482795715e-01 -4.479120671749114990e-02 -1.452122628688812256e-01 3.476329892873764038e-02 1.734144985675811768e-01 -7.587605156004428864e-03 -1.984253525733947754e-01 -2.049071788787841797e-01 -7.870500534772872925e-02 1.984685808420181274e-01 -8.194530606269836426e-01 -1.485751569271087646e-01 2.207853645086288452e-01 1.772201061248779297e-01 3.775542080402374268e-01 3.985675275325775146e-01 1.199579611420631409e-01 -2.327691316604614258e-01 2.471974492073059082e-01 -2.591405808925628662e-01 -3.289981484413146973e-01 3.565121293067932129e-01 3.643772304058074951e-01 -7.945039542391896248e-04 3.361160755157470703e-01 4.614426493644714355e-01 -8.852618187665939331e-02 3.611076474189758301e-01 -5.350764989852905273e-01 3.487085923552513123e-02 3.915804922580718994e-01 7.113777846097946167e-02 4.111628234386444092e-02 1.154879853129386902e-01 3.321732878684997559e-01 3.260763287544250488e-01 4.135658442974090576e-01 3.793097734451293945e-01 3.515897393226623535e-01 4.858583807945251465e-01 1.287027597427368164e-01 3.105083946138620377e-03 -9.852835536003112793e-01 -1.560156643390655518e-01 3.323637545108795166e-01 2.543070912361145020e-01 -2.262178063392639160e-02 -4.865023195743560791e-01 8.780401945114135742e-02 1.664052158594131470e-01 8.254617452621459961e-01 -4.009415805339813232e-01 3.130998015403747559e-01 5.169124901294708252e-02 1.711428631097078323e-03 5.454378128051757812e-01 -5.002219229936599731e-02 -3.874371647834777832e-01 -4.383261781185865402e-03 1.188882589340209961e-01
2.364200912415981293e-02 -4.691355675458908081e-02 2.009634673595428467e-01 2.112718522548675537e-01 2.570077180862426758e-01 9.112697839736938477e-02 -1.925620287656784058e-01 -1.451761368662118912e-02 1.607640981674194336e-01 9.488848596811294556e-02 -1.172214746475219727e-01 -3.895159065723419189e-01 -2.265547774732112885e-02 1.382784098386764526e-01 -8.122885227203369141e-01 -1.912451982498168945e-01 1.866183727979660034e-01 3.234330713748931885e-01 3.261449337005615234e-01 2.518547773361206055e-01 1.823703646659851074e-01 -1.165518611669540405e-01 2.195443809032440186e-01 -2.372475564479827881e-01 -4.221386015415191650e-01 3.828004598617553711e-01 4.306184649467468262e-01 -8.346584439277648926e-02 2.427911013364791870e-01 3.841684162616729736e-01 -1.722183674573898315e-01 1.799716502428054810e-01 -5.442174673080444336e-01 -6.351122260093688965e-02 3.804281353950500488e-01 1.561698019504547119e-01 -6.593186408281326294e-02 2.377617508172988892e-01 2.527782022953033447e-01 1.786466538906097412e-01 2.363426089286804199e-01 3.957858681678771973e-01 4.913614094257354736e-01 4.866023063659667969e-01 -1.911954395473003387e-02 3.823819383978843689e-02 -1.020758867263793945e+00 -1.219003368169069290e-02 2.218011915683746338e-01 1.341356933116912842e-01 -1.004707291722297668e-01 -3.857593536376953125e-01 -5.896033719182014465e-02 2.064850479364395142e-01 8.025908470153808594e-01 -3.034602701663970947e-01 3.535446524620056152e-01 1.310493797063827515e-01 8.620236068964004517e-02 3.938275575637817383e-01 -4.103802517056465149e-02 -2.176671624183654785e-01 4.856258630752563477e-02 2.312076389789581299e-01
6.005736812949180603e-02 -8.943100273609161377e-02 3.221086263656616211e-01 1.654151231050491333e-01 2.188922762870788574e-01 -9.680462069809436798e-03 -4.489554092288017273e-02 7.249363511800765991e-02 1.344550848007202148e-01 7.587187737226486206e-02 -5.506495013833045959e-02 -2.100206911563873291e-01 6.477518379688262939e-02 1.325003057718276978e-01 -6.562944650650024414e-01 -3.717248141765594482e-02 2.023971080780029297e-01 2.267940044403076172e-01 3.131204247474670410e-01 3.503069579601287842e-01 1.321315914392471313e-01 -2.182658016681671143e-02 2.320563942193984985e-01 -1.962861120700836182e-01 -4.416682720184326172e-01 5.085963010787963867e-01 5.755353569984436035e-01 -1.625241935253143311e-01 1.407478600740432739e-01 3.357335925102233887e-01 -3.607407957315444946e-02 2.397606372833251953e-01 -5.891208648681640625e-01 -1.448953449726104736e-01 2.011391371488571167e-01 2.444905228912830353e-02 -1.364986896514892578e-01 2.144480049610137939e-01 3.072075843811035156e-01 2.947083711624145508e-01 2.452787905931472778e-01 3.988832831382751465e-01 3.181611001491546631e-01 4.165870845317840576e-01 1.380942165851593018e-01 -2.946840226650238037e-02 -9.918965101242065430e-01 -6.963814795017242432e-02 2.995691597461700439e-01 3.270459547638893127e-02 -1.395663768053054810e-01 -4.833920598030090332e-01 1.335087865591049194e-01 3.217067420482635498e-01 6.833184361457824707e-01 -4.121084213256835938e-01 3.519996404647827148e-01 2.758546173572540283e-01 1.240686997771263123e-01 3.682428002357482910e-01 -5.160799995064735413e-02 -2.177791297435760498e-01 7.076471298933029175e-02 1.205957978963851929e-01
1.599865555763244629e-01 -2.957377023994922638e-02 -6.904350519180297852e-01 -2.130892276763916016e-01 5.670018494129180908e-02 4.101347923278808594e-01 5.043768286705017090e-01 3.819591403007507324e-01 3.653766810894012451e-01 2.227896302938461304e-01 6.655004620552062988e-01 -8.406162858009338379e-01 4.837663471698760986e-02 9.150898456573486328e-01 -2.000567615032196045e-01 5.077521130442619324e-02 -2.095132470130920410e-01 2.178338728845119476e-02 3.941819071769714355e-01 2.179035097360610962e-01 2.739817500114440918e-01 -2.526757121086120605e-01 -1.805700920522212982e-02 -1.567269563674926758e-01 -1.746279560029506683e-02 -7.148151099681854248e-02 -2.886930406093597412e-01 1.593424677848815918e+00 4.251362383365631104e-01 6.522135138511657715e-01 -2.114711850881576538e-01 2.279288023710250854e-01 1.470491439104080200e-01 2.446854710578918457e-01 6.262485682964324951e-02 4.387766718864440918e-01 2.676932513713836670e-01 -9.234340488910675049e-02 -1.651488542556762695e-01 2.485263347625732422e-01 2.966734468936920166e-01 4.975732043385505676e-02 8.251262456178665161e-02 -6.079077720642089844e-01 5.119223892688751221e-02 3.792052567005157471e-01 -6.322141885757446289e-01 1.425487548112869263e-01 2.067809700965881348e-01 3.374083340167999268e-01 3.216427564620971680e-01 1.257455348968505859e+00 8.424590528011322021e-02 -1.125446557998657227e-01 -9.254205226898193359e-01 1.770158410072326660e-01 1.807324439287185669e-01 -6.875573992729187012e-01 2.844153642654418945e-01 3.658053576946258545e-01 -5.202872157096862793e-01 -2.190902978181838989e-01 4.327112734317779541e-01 -2.648565173149108887e-01
-1.832551211118698120e-01 5.308075621724128723e-02 2.516534030437469482e-01 -3.187369346618652344e+00 -1.588070511817932129e+00 -1.333530783653259277e+00 -1.622285008430480957e+00 -2.529551088809967041e-01 -7.595616579055786133e-02 -4.636927247047424316e-01 1.064541190862655640e-01 -3.555378675460815430e+00 -8.865109086036682129e-02 9.570807218551635742e-01 -5.502356290817260742e-01 8.055677264928817749e-02 5.231271386146545410e-01 3.898977637290954590e-01 6.239819526672363281e-01 5.066195726394653320e-01 6.449308395385742188e-01 5.725877285003662109e-01 -5.253219231963157654e-02 -2.977066338062286377e-01 1.470843791961669922e+00 -1.491034626960754395e-01 8.276260495185852051e-01 4.048985242843627930e-01 -1.983387589454650879e+00 -1.275675296783447266e+00 5.167340114712715149e-02 -7.740874886512756348e-01 -6.472232341766357422e-01 5.935994982719421387e-01 -1.574468731880187988e+00 -8.075803518295288086e-01 -1.302860230207443237e-01 5.989850163459777832e-01 -8.567747473716735840e-01 -2.723847389221191406e+00 -4.964682161808013916e-01 7.145803570747375488e-01 8.118166327476501465e-01 6.687319874763488770e-01 -1.293296962976455688e-01 -7.044338434934616089e-02 -1.600620269775390625e+00 -4.407458305358886719e-01 2.104100584983825684e-02 -5.102878212928771973e-01 1.628671288490295410e-01 -1.632684022188186646e-01 -7.580904662609100342e-02 -1.299465417861938477e+00 7.358055710792541504e-01 3.029361963272094727e-01 -8.795720338821411133e-01 7.012869119644165039e-01 -5.514227151870727539e-01 -1.123932480812072754e+00 4.061737954616546631e-01 -1.343114852905273438e+00 -2.042782753705978394e-01 -1.561163812875747681e-01
-2.599680125713348389e-01 -1.766502857208251953e-01 5.510372668504714966e-02 4.327023923397064209e-01 -1.943777054548263550e-01 -6.221967935562133789e-02 -1.687050610780715942e-01 -2.977057993412017822e-01 -3.050162084400653839e-02 1.675056852400302887e-02 7.393850684165954590e-01 -1.613448977470397949e+00 1.527052819728851318e-01 -1.522353291511535645e-01 5.281895995140075684e-01 2.454804182052612305e-01 -6.772602442651987076e-03 8.514486998319625854e-02 1.130184344947338104e-02 8.641913533210754395e-02 5.004783719778060913e-02 3.927783966064453125e-01 -2.108869552612304688e-01 3.466745316982269287e-01 8.154760599136352539e-01 -3.060216903686523438e-01 3.254256546497344971e-01 -2.243027836084365845e-01 -1.137820407748222351e-01 2.776406705379486084e-01 -2.423760592937469482e-01 1.980540901422500610e-01 3.766847848892211914e-01 1.735105067491531372e-01 2.367009520530700684e-01 -1.610185950994491577e-02 6.608431339263916016e-01 2.088555246591567993e-01 -8.961406419984996319e-04 3.831922262907028198e-02 2.424478977918624878e-01 3.809248283505439758e-02 1.837525814771652222e-01 6.245092153549194336e-01 -6.414292454719543457e-01 1.807559728622436523e-01 3.452523946762084961e-01 6.470507383346557617e-01 1.379710584878921509e-01 2.707180082798004150e-01 4.763205945491790771e-01 7.229089736938476562e-01 -1.348142419010400772e-02 3.829243779182434082e-02 -4.681208431720733643e-01 1.128817796707153320e+00 3.602436482906341553e-01 1.021846309304237366e-01 3.319584131240844727e-01 -3.943324834108352661e-02 2.559711635112762451e-01 4.608890116214752197e-01 9.747361540794372559e-01 2.839634120464324951e-01
-5.901851654052734375e-01 -3.055453598499298096e-01 -2.711701393127441406e-01 2.435943782329559326e-01 -1.621690541505813599e-01 -2.098276764154434204e-01 -3.535383045673370361e-01 -5.145914554595947266e-01 -5.489319562911987305e-02 1.176734343171119690e-01 3.268529474735260010e-01 -1.581749796867370605e+00 5.137718841433525085e-02 -2.740928530693054199e-01 3.472911715507507324e-01 2.000397294759750366e-01 1.328406631946563721e-01 2.781214714050292969e-01 1.483449488878250122e-01 9.991953521966934204e-02 6.778530776500701904e-02 4.089966788887977600e-02 -7.486915588378906250e-02 5.716473236680030823e-02 5.121493935585021973e-01 -3.620768189430236816e-01 6.704449653625488281e-01 1.521897017955780029e-01 -1.582130938768386841e-01 4.098588228225708008e-01 1.914411187171936035e-01 1.068685352802276611e-01 -5.687952041625976562e-03 2.937869727611541748e-01 2.930352389812469482e-01 9.590787813067436218e-03 2.686319053173065186e-01 2.180631607770919800e-01 -9.664829075336456299e-02 -5.894467607140541077e-02 2.613953351974487305e-01 3.986529111862182617e-01 3.380847275257110596e-01 9.262055754661560059e-01 -8.150635361671447754e-01 5.813125967979431152e-01 9.377412497997283936e-02 7.579272985458374023e-02 3.112510740756988525e-01 2.098919898271560669e-01 2.740299403667449951e-01 1.934769898653030396e-01 -4.810168594121932983e-02 4.695057123899459839e-02 -6.798233836889266968e-03 3.750274479389190674e-01 3.751675784587860107e-01 -2.402122132480144501e-02 2.975240945816040039e-01 1.613981463015079498e-02 -4.812996461987495422e-02 4.373213946819305420e-01 5.241760015487670898e-01 2.181705236434936523e-01
-6.268396973609924316e-01 -4.316251575946807861e-01 -3.623268306255340576e-01 2.969627082347869873e-01 -1.247010976076126099e-01 -1.875500380992889404e-01 -3.974697291851043701e-01 -3.897355198860168457e-01 2.197313494980335236e-02 1.716682761907577515e-01 2.850699424743652344e-01 -1.391724586486816406e+00 2.470339648425579071e-02 -4.003120958805084229e-01 2.103972136974334717e-01 3.164400458335876465e-01 -7.266490161418914795e-02 1.604170203208923340e-01 2.445062994956970215e-01 1.757735759019851685e-01 2.770028710365295410e-01 -3.545452654361724854e-02 3.132462128996849060e-02 2.958139181137084961e-01 4.817745089530944824e-01 -2.561065256595611572e-01 6.652309894561767578e-01 1.853196769952774048e-01 -4.122909158468246460e-02 3.595162630081176758e-01 1.239298209547996521e-01 -2.883350476622581482e-02 2.203980535268783569e-01 2.223357558250427246e-01 1.709862649440765381e-01 1.020788773894309998e-01 4.053338170051574707e-01 9.230178594589233398e-02 -2.734425244852900505e-03 -5.197738111019134521e-02 2.150208204984664917e-01 3.054419159889221191e-01 2.838356494903564453e-01 8.283756375312805176e-01 -7.295050621032714844e-01 3.361292481422424316e-01 9.097190946340560913e-02 3.170264959335327148e-01 1.861989945173263550e-01 2.478954195976257324e-01 4.709586203098297119e-01 4.501883983612060547e-01 2.199211716651916504e-02 9.688437730073928833e-02 4.130569100379943848e-02 3.941518664360046387e-01 4.505656957626342773e-01 1.139439456164836884e-02 8.998975157737731934e-02 -3.985503688454627991e-03 5.568685382604598999e-02 3.260817825794219971e-01 6.683293581008911133e-01 3.951092362403869629e-01
-1.777251134626567364e-03 -8.099945634603500366e-02 1.836688518524169922e-01 3.528542220592498779e-01 1.822552829980850220e-01 1.007450148463249207e-01 -1.887173801660537720e-01 1.271124035120010376e-01 3.098202347755432129e-01 1.584727317094802856e-01 -5.318703129887580872e-02 -3.570821881294250488e-01 4.058652743697166443e-02 1.076242029666900635e-01 -7.353767752647399902e-01 -9.495173394680023193e-02 1.605024337768554688e-01 1.672914475202560425e-01 3.934779465198516846e-01 2.074270993471145630e-01 7.524994015693664551e-02 -7.391281425952911377e-02 1.786873042583465576e-01 -1.620027273893356323e-01 -3.037604987621307373e-01 4.551192522048950195e-01 4.152598679065704346e-01 -1.134500801563262939e-01 1.851943135261535645e-01 4.166942536830902100e-01 -6.228342279791831970e-02 3.385943472385406494e-01 -6.136254072189331055e-01 -1.591380536556243896e-01 3.852051496505737305e-01 2.186620831489562988e-01 -6.846671551465988159e-02 1.329281330108642578e-01 2.276538312435150146e-01 2.226610928773880005e-01 3.605463504791259766e-01 3.242411315441131592e-01 2.665824890136718750e-01 4.839496612548828125e-01 -1.659088535234332085e-03 -1.244399547576904297e-01 -1.046832084655761719e+00 -1.517752259969711304e-01 3.887164592742919922e-01 1.717558354139328003e-01 -2.342684715986251831e-01 -4.546047747135162354e-01 -2.196505852043628693e-02 2.519097924232482910e-01 6.658385396003723145e-01 -2.562547624111175537e-01 4.321818053722381592e-01 1.256888806819915771e-01 8.054390549659729004e-02 3.882549405097961426e-01 -4.003527108579874039e-03 -3.419244587421417236e-01 1.235341504216194153e-01 1.470573842525482178e-01
-2.731981277465820312e-01 -3.177979588508605957e-01 1.429284065961837769e-01 4.114309549331665039e-01 -2.916127443313598633e-01 -1.141759846359491348e-02 -2.413814514875411987e-02 -3.381291925907135010e-01 -7.950510829687118530e-02 -6.995814293622970581e-02 7.165489792823791504e-01 -1.358891963958740234e+00 -4.593975841999053955e-02 -2.426096051931381226e-01 3.896227777004241943e-01 2.945254743099212646e-01 1.929167658090591431e-01 2.320290952920913696e-01 -4.239122942090034485e-02 7.509790360927581787e-02 1.417500078678131104e-01 3.128956854343414307e-01 -2.319005131721496582e-01 4.787974357604980469e-01 5.409572124481201172e-01 -2.615443468093872070e-01 4.467533826828002930e-01 -2.185382843017578125e-01 -1.187304109334945679e-01 3.482252657413482666e-01 -2.224889993667602539e-01 8.602831512689590454e-02 2.500443756580352783e-01 2.723892629146575928e-01 1.687137931585311890e-01 1.177012771368026733e-01 4.735382795333862305e-01 1.231546700000762939e-01 6.084328517317771912e-03 -3.795284405350685120e-02 2.508422732353210449e-01 6.175634637475013733e-02 -1.239561289548873901e-02 6.803227066993713379e-01 -5.697735548019409180e-01 2.861649692058563232e-01 2.448824644088745117e-01 3.798019289970397949e-01 2.606368064880371094e-01 1.442975401878356934e-01 5.437356233596801758e-01 4.779411852359771729e-01 -6.180824339389801025e-02 1.368043124675750732e-01 -3.062602579593658447e-01 8.499413728713989258e-01 4.186895787715911865e-01 -3.529917448759078979e-02 3.187669813632965088e-01 3.191420435905456543e-02 2.525962889194488525e-01 5.207992792129516602e-01 9.066466093063354492e-01 3.103368282318115234e-01
3.068144991993904114e-02 -8.408052846789360046e-03 3.126229643821716309e-01 3.757117986679077148e-01 1.887558400630950928e-01 -6.296543870121240616e-03 -1.041589230298995972e-01 -6.289250683039426804e-03 1.447401046752929688e-01 -7.449964527040719986e-03 -3.618895635008811951e-02 -3.245909512042999268e-01 -1.069537475705146790e-01 3.009971417486667633e-02 -7.522179484367370605e-01 -2.056516259908676147e-01 1.975896954536437988e-01 1.858009099960327148e-01 1.938510090112686157e-01 2.759426832199096680e-01 1.618132144212722778e-01 -1.365446001291275024e-01 1.119343042373657227e-01 -3.306564390659332275e-01 -3.060874044895172119e-01 4.971834421157836914e-01 6.369599103927612305e-01 -1.269757747650146484e-01 1.635933667421340942e-01 4.205051958560943604e-01 4.330109432339668274e-02 2.765075564384460449e-01 -4.490075707435607910e-01 -9.564961306750774384e-03 4.012835621833801270e-01 1.200577020645141602e-01 -2.086847871541976929e-01 1.581036448478698730e-01 3.134417533874511719e-01 1.894373744726181030e-01 3.729856014251708984e-01 2.958807945251464844e-01 2.914295196533203125e-01 4.434556066989898682e-01 2.527284808456897736e-02 -1.338656526058912277e-02 -8.481351137161254883e-01 3.316272050142288208e-02 3.566555380821228027e-01 2.053037881851196289e-01 -2.851820923388004303e-02 -4.400088489055633545e-01 3.290954977273941040e-02 3.422298133373260498e-01 7.090979218482971191e-01 -3.239918649196624756e-01 4.845890104770660400e-01 2.348543405532836914e-01 1.089871227741241455e-01 4.546706974506378174e-01 4.638697952032089233e-02 -3.902588188648223877e-01 1.509694904088973999e-01 7.645060867071151733e-02
-8.677911758422851562e-02 1.974843628704547882e-02 1.538075059652328491e-01 2.061595320701599121e-01 1.843927204608917236e-01 4.802312701940536499e-03 -9.249728918075561523e-02 6.341895461082458496e-02 2.134392261505126953e-01 -4.783763736486434937e-02 -8.341876417398452759e-02 -4.634688198566436768e-01 -7.420135289430618286e-02 1.810284554958343506e-01 -7.957516908645629883e-01 -7.523062825202941895e-02 2.476851642131805420e-01 1.092428490519523621e-01 3.165958821773529053e-01 1.943856626749038696e-01 7.381255179643630981e-02 -1.450513601303100586e-01 1.050979569554328918e-01 -1.623994857072830200e-01 -4.398669600486755371e-01 5.209383368492126465e-01 4.720746576786041260e-01 -9.738093242049217224e-03 2.461214661598205566e-01 2.814270257949829102e-01 -1.331714987754821777e-01 1.820539236068725586e-01 -6.595656275749206543e-01 2.903305925428867340e-02 1.794750988483428955e-01 2.112485766410827637e-01 -1.998553425073623657e-01 2.234761267900466919e-01 1.970964819192886353e-01 1.222133561968803406e-01 4.140042364597320557e-01 4.046234190464019775e-01 3.472661375999450684e-01 5.002616047859191895e-01 1.118677407503128052e-01 -9.400866925716400146e-02 -1.025086045265197754e+00 -1.954049915075302124e-01 3.563248813152313232e-01 1.118281409144401550e-01 -8.894762396812438965e-02 -2.709259688854217529e-01 1.424993723630905151e-01 2.064704895019531250e-01 7.399236559867858887e-01 -2.309927195310592651e-01 3.116998076438903809e-01 2.519370615482330322e-01 4.204725474119186401e-02 4.064535498619079590e-01 4.135689139366149902e-02 -2.551416754722595215e-01 -1.922796852886676788e-02 4.808778688311576843e-02
-5.505504608154296875e-01 -8.206844329833984375e-01 -1.079725384712219238e+00 3.617002367973327637e-01 -2.228935956954956055e-01 -3.371120691299438477e-01 9.919673949480056763e-02 -7.792378962039947510e-02 1.645547151565551758e-02 -5.458946898579597473e-02 5.268208384513854980e-01 -9.452646970748901367e-01 -4.178835824131965637e-02 -2.815380096435546875e-01 -1.539854984730482101e-02 3.962220847606658936e-01 -2.200675196945667267e-02 1.028971374034881592e-01 -2.481882087886333466e-02 1.395540833473205566e-01 8.519814163446426392e-02 3.197680711746215820e-01 2.143706195056438446e-02 1.081927895545959473e+00 -2.836130559444427490e-01 -2.370841801166534424e-01 5.800831317901611328e-01 -5.249900277704000473e-03 -1.225189641118049622e-01 3.060150742530822754e-01 5.957620143890380859e-01 2.589438557624816895e-01 -9.683221578598022461e-02 3.825929760932922363e-01 4.921123012900352478e-02 5.813328176736831665e-02 3.467692136764526367e-01 2.088638693094253540e-01 -3.164352849125862122e-02 1.021324172616004944e-01 1.752766072750091553e-01 4.838747531175613403e-02 2.481598407030105591e-01 6.383414268493652344e-01 -6.319971084594726562e-01 -6.438792496919631958e-02 1.342975944280624390e-01 3.689163625240325928e-01 1.253845691680908203e-01 2.884590439498424530e-02 5.431398153305053711e-01 9.131576418876647949e-01 -1.704481989145278931e-01 1.577323824167251587e-01 2.445477545261383057e-01 3.830072879791259766e-01 2.024862915277481079e-01 -1.381979435682296753e-01 1.468725651502609253e-01 -8.290643244981765747e-02 -3.435056805610656738e-01 3.447008132934570312e-01 6.788194775581359863e-01 1.423778533935546875e-01
7.057801121845841408e-04 -1.389432251453399658e-01 3.217238485813140869e-01 5.238121375441551208e-02 2.530582845211029053e-01 1.418491452932357788e-01 -2.203484624624252319e-01 -1.918735541403293610e-02 3.244581073522567749e-02 -1.051076352596282959e-01 -1.660620570182800293e-01 -2.920199036598205566e-01 -1.180293634533882141e-01 1.218926813453435898e-02 -6.261512637138366699e-01 -1.649570763111114502e-01 2.948846220970153809e-01 1.716252863407135010e-01 1.464164406061172485e-01 2.633567452430725098e-01 6.285546720027923584e-02 -1.343691945075988770e-01 7.461514789611101151e-03 -2.546618282794952393e-01 -4.338704049587249756e-01 2.737596929073333740e-01 4.645839035511016846e-01 -1.778958290815353394e-01 8.044205605983734131e-02 2.831716239452362061e-01 1.707278308458626270e-03 2.276152074337005615e-01 -6.706606149673461914e-01 3.068793937563896179e-02 8.779878169298171997e-02 -2.482992596924304962e-02 -1.637497991323471069e-01 1.853608489036560059e-01 1.165329664945602417e-01 2.781215608119964600e-01 1.831523627042770386e-01 3.956517279148101807e-01 2.365343123674392700e-01 3.806606829166412354e-01 9.608735330402851105e-03 -1.126271933317184448e-01 -9.602891206741333008e-01 3.060782887041568756e-02 1.698204278945922852e-01 1.756604462862014771e-01 -1.344196200370788574e-01 -3.913175165653228760e-01 4.432614520192146301e-02 2.801836133003234863e-01 7.710331082344055176e-01 -2.297273576259613037e-01 3.664669394493103027e-01 1.515503674745559692e-01 7.665044814348220825e-02 4.734594523906707764e-01 1.885588467121124268e-02 -3.617863059043884277e-01 1.927658021450042725e-01 9.447901695966720581e-02
