-9.895496070384979248e-02
-6.962212920188903809e-02
-1.200191378593444824e+00
-6.732780337333679199e-01
6.508516073226928711e-01
8.551640510559082031e-01
1.893245279788970947e-01
2.563487887382507324e-01
-9.705535173416137695e-01
-2.040643990039825439e-01
2.682054638862609863e-01
-9.217123389244079590e-01
3.201124668121337891e-01
-2.068469673395156860e-01
5.671132802963256836e-01
2.907277345657348633e-01
4.602727293968200684e-01
-5.992357134819030762e-01
-4.065636098384857178e-01
3.583057522773742676e-01
-2.713977545499801636e-02
-2.404384613037109375e-01
6.906952857971191406e-01
-4.534108936786651611e-01
1.131843328475952148e-01
-8.005655407905578613e-01
-5.169739127159118652e-01
-6.319318413734436035e-01
4.727928936481475830e-01
-2.498267292976379395e-01
5.698285698890686035e-01
-3.936542868614196777e-01
6.092702969908714294e-02
9.500793814659118652e-01
2.738815844058990479e-01
1.525136921554803848e-02
2.282687872648239136e-01
-1.930243372917175293e-01
-4.274870455265045166e-02
4.188927710056304932e-01
-1.673216074705123901e-01
-1.313408166170120239e-01
-8.544969558715820312e-01
7.097364664077758789e-01
4.041230082511901855e-01
-3.122897446155548096e-01
-8.576186895370483398e-01
3.615134954452514648e-01
-9.482522010803222656e-01
-2.540547549724578857e-01
5.915254354476928711e-01
-5.402889251708984375e-01
3.717989027500152588e-01
3.092301636934280396e-02
1.882007122039794922e-01
4.470496177673339844e-01
-5.819531902670860291e-02
-7.477346062660217285e-01
5.330105498433113098e-02
1.226942315697669983e-01
-4.564397335052490234e-01
-2.274091541767120361e-01
-5.432563424110412598e-01
-3.815893083810806274e-02
