1.517465829849243164e+00 -6.653867661952972412e-02 8.273508548736572266e-01 6.360070109367370605e-01 4.921700954437255859e-01 -2.615927346050739288e-02 1.802034378051757812e-01 4.831104306504130363e-04
-1.885215640068054199e-01 -2.417482435703277588e-01 -1.013813689351081848e-01 -1.909643970429897308e-02 -9.141314625740051270e-01 -4.680470004677772522e-02 -1.347865462303161621e-01 -2.987260930240154266e-02
-4.677595198154449463e-01 1.142994463443756104e-01 6.660791039466857910e-01 2.113129794597625732e-01 2.340317964553833008e-01 -3.083173632621765137e-01 -8.067505061626434326e-02 -1.301688235253095627e-02
5.478852391242980957e-01 -2.082177847623825073e-01 2.586050629615783691e-01 -2.939113974571228027e-01 6.857221126556396484e-01 1.837639659643173218e-01 3.164884150028228760e-01 -8.280757814645767212e-02
-6.838740408420562744e-02 -1.849223375320434570e-01 3.604419529438018799e-02 7.340156938880681992e-03 -4.343093633651733398e-01 -9.468965977430343628e-02 -1.595369279384613037e-01 -1.722948811948299408e-02
-4.211370646953582764e-01 -5.818593502044677734e-01 -4.555087387561798096e-01 -3.525272905826568604e-01 9.058953821659088135e-02 7.241856455802917480e-01 -3.827811479568481445e-01 2.337175793945789337e-02
-3.175952732563018799e-01 -7.024659775197505951e-03 -2.983346283435821533e-01 -5.633721873164176941e-02 -1.130332872271537781e-01 -1.059430316090583801e-01 -2.659933567047119141e-01 -5.334663763642311096e-02
4.739322140812873840e-02 -3.883650302886962891e-01 -1.285901367664337158e-01 -6.871992945671081543e-01 -3.815276920795440674e-01 -2.974108047783374786e-02 -8.121679425239562988e-01 4.905366804450750351e-04
4.650495648384094238e-01 -1.691682487726211548e-01 5.425638556480407715e-01 -2.142025083303451538e-01 5.291674137115478516e-01 -3.262992948293685913e-02 2.795544862747192383e-01 -1.560936775058507919e-02
3.762840032577514648e-01 2.028070539236068726e-01 3.687363564968109131e-01 5.751478075981140137e-01 -3.391495048999786377e-01 8.378782868385314941e-01 7.780296802520751953e-01 1.312912534922361374e-02
-5.103744864463806152e-01 -5.812245607376098633e-01 2.525089979171752930e-01 -5.224636793136596680e-01 -1.774130165576934814e-01 1.273424625396728516e-01 -6.011412739753723145e-01 -9.755899012088775635e-02
-8.235083222389221191e-01 4.472938776016235352e-01 -1.028347492218017578e+00 3.109191916882991791e-02 4.255551472306251526e-02 3.050628900527954102e-01 -3.168732821941375732e-01 -2.479406446218490601e-02
1.036067008972167969e+00 -1.105130538344383240e-01 2.852698229253292084e-02 -2.585272192955017090e-01 5.856269001960754395e-01 2.661063373088836670e-01 3.688915967941284180e-01 -4.911785479635000229e-03
-4.603350162506103516e-01 3.536792993545532227e-01 -4.856836497783660889e-01 -1.994981169700622559e-01 -1.124399423599243164e+00 1.986481845378875732e-01 2.426047623157501221e-01 -1.540116518735885620e-01
3.111391663551330566e-01 -6.135088801383972168e-01 9.468130767345428467e-02 -4.468853175640106201e-01 -1.495024263858795166e-01 2.873400151729583740e-01 -2.258484959602355957e-01 -1.494758129119873047e-01
1.843944340944290161e-01 -3.713389635086059570e-01 -5.711335316300392151e-02 -2.816634774208068848e-01 1.267239451408386230e-01 -7.232045531272888184e-01 -5.831621289253234863e-01 1.868556290864944458e-01
-5.474549531936645508e-01 -1.931216940283775330e-02 -7.910581305623054504e-03 4.062556326389312744e-01 1.719954609870910645e-01 -4.221015870571136475e-01 -2.797435522079467773e-01 -1.152543947100639343e-01
-2.265242189168930054e-01 -1.780445426702499390e-01 -8.174985647201538086e-01 -6.268376708030700684e-01 1.208072379231452942e-01 -6.502205133438110352e-01 -3.339886069297790527e-01 2.462606644257903099e-03
-8.684298992156982422e-01 1.496217250823974609e-01 -1.389526009559631348e+00 -3.051382601261138916e-01 -3.160657286643981934e-01 -1.958893537521362305e-01 -2.818459272384643555e-01 6.605851650238037109e-02
-1.089684441685676575e-01 -2.273961007595062256e-01 -5.273696780204772949e-01 -1.808674037456512451e-01 -1.470181494951248169e-01 6.534368991851806641e-01 -3.035412430763244629e-01 -1.924983225762844086e-02
-8.737659454345703125e-01 4.959698915481567383e-01 -4.698471352458000183e-02 2.565905451774597168e-01 -4.741881415247917175e-02 4.406294226646423340e-01 -1.883778572082519531e-01 -1.853871047496795654e-01
9.315931200981140137e-01 9.283847175538539886e-03 8.043257594108581543e-01 6.856631636619567871e-01 2.843941152095794678e-01 -4.279972910881042480e-01 -3.014174997806549072e-01 -1.058803591877222061e-02
-7.702749967575073242e-01 1.568424403667449951e-01 -7.291812449693679810e-02 1.480164527893066406e-01 4.243711009621620178e-02 -4.603202044963836670e-01 -1.734151989221572876e-01 -1.462122499942779541e-01
1.895157814025878906e+00 2.098951637744903564e-01 4.192867279052734375e-01 1.625898480415344238e-01 -3.229318261146545410e-01 -4.810856878757476807e-01 -1.465400606393814087e-01 3.085413761436939240e-02
9.874647855758666992e-02 1.065777689218521118e-01 -2.164329141378402710e-01 -3.066551983356475830e-01 -3.428297489881515503e-02 -5.340706929564476013e-02 -1.413176059722900391e-01 1.845932938158512115e-02
1.304199248552322388e-01 4.060801863670349121e-01 1.917479187250137329e-01 2.371918112039566040e-01 6.132050156593322754e-01 1.863594800233840942e-01 4.329889416694641113e-01 8.771499618887901306e-03
4.450111389160156250e-01 4.456769526004791260e-01 2.539561688899993896e-01 2.144085168838500977e-01 5.300548672676086426e-01 -2.394449897110462189e-02 -2.741299942135810852e-02 -7.689836435019969940e-03
1.513879150152206421e-01 5.794216990470886230e-01 -2.450777143239974976e-01 2.733395695686340332e-01 2.946334481239318848e-01 3.891550898551940918e-01 -1.911616697907447815e-02 -9.792338311672210693e-02
-6.220921874046325684e-01 2.260097414255142212e-01 -1.203278154134750366e-01 -2.710325643420219421e-02 6.531198043376207352e-03 -3.763034343719482422e-01 -1.809546202421188354e-01 7.702577114105224609e-02
6.940516084432601929e-02 3.684436380863189697e-01 -8.221535086631774902e-01 -2.234209924936294556e-01 1.934567242860794067e-01 5.403958559036254883e-01 5.296759605407714844e-01 -1.496550738811492920e-01
-1.867688298225402832e-01 -2.264170646667480469e-01 -4.638668894767761230e-01 2.957358062267303467e-01 -4.747046828269958496e-01 1.203427165746688843e-01 -7.764811515808105469e-01 1.370261423289775848e-02
1.312366485595703125e+00 -4.144735261797904968e-02 -1.536162257194519043e+00 4.457763209939002991e-02 1.558540910482406616e-01 2.825908064842224121e-01 -4.128491878509521484e-01 -7.915578037500381470e-02
-6.129370331764221191e-01 4.570086300373077393e-01 -2.517980635166168213e-01 3.942953348159790039e-01 3.445760011672973633e-01 -1.912408471107482910e-01 -3.324888348579406738e-01 6.985295563936233521e-02
-1.264089643955230713e-01 -1.734988093376159668e-01 -3.848920017480850220e-02 4.277000948786735535e-02 -1.698942780494689941e-01 -2.721924185752868652e-01 -1.512009203433990479e-01 -1.148390001617372036e-03
-2.953396439552307129e-01 2.687689065933227539e-01 1.705657541751861572e-01 -4.354458302259445190e-02 8.186526596546173096e-02 -1.065922826528549194e-01 -5.463025532662868500e-03 -2.569390647113323212e-02
-5.653168559074401855e-01 -5.378436297178268433e-02 -9.018851518630981445e-01 2.488872110843658447e-01 -7.626698613166809082e-01 1.619169414043426514e-01 2.418898791074752808e-01 4.730696976184844971e-02
-3.831728994846343994e-01 -3.512458205223083496e-01 -6.254503130912780762e-01 -2.016645818948745728e-01 1.277624256908893585e-02 -2.916567586362361908e-02 -7.317348718643188477e-01 1.069627981632947922e-02
6.359223723411560059e-01 -6.630554199218750000e-01 1.096519753336906433e-01 -7.827863097190856934e-01 5.394534468650817871e-01 5.872548371553421021e-02 -4.243497923016548157e-02 -1.365337800234556198e-02
-2.771867215633392334e-01 -4.116913676261901855e-02 1.338389422744512558e-02 2.166636884212493896e-01 1.281945109367370605e-01 -4.619228094816207886e-02 -2.527684159576892853e-02 -7.894850522279739380e-02
-5.137268304824829102e-01 2.722214162349700928e-01 -2.622282505035400391e-01 -3.636430799961090088e-01 -1.703524589538574219e-01 -1.542714089155197144e-01 -5.970179438591003418e-01 -7.511544972658157349e-02
-3.075849711894989014e-01 -1.917339265346527100e-01 6.619910895824432373e-02 3.632609173655509949e-02 -1.294015884399414062e+00 -2.712953090667724609e-02 1.862869784235954285e-02 6.313514709472656250e-02
-5.559269711375236511e-02 1.848879903554916382e-01 2.668964862823486328e-01 -1.580871939659118652e-01 -3.279056549072265625e-01 1.686621829867362976e-02 -1.979385130107402802e-02 -1.505635492503643036e-02
-8.075529932975769043e-01 3.571509122848510742e-01 -6.728423237800598145e-01 -2.829912602901458740e-01 -1.717650294303894043e-01 2.078181207180023193e-01 -4.155898392200469971e-01 7.297583669424057007e-02
-5.184100270271301270e-01 1.404879540205001831e-01 1.667511761188507080e-01 1.690216362476348877e-01 -2.442619055509567261e-01 -4.162607491016387939e-01 -3.555884361267089844e-01 2.095368355512619019e-01
-6.352012753486633301e-01 2.847213447093963623e-01 -4.214255213737487793e-01 -1.596826761960983276e-01 -1.876489967107772827e-01 -3.018530011177062988e-01 -3.571254611015319824e-01 -2.282070666551589966e-01
-8.963650092482566833e-03 1.090215519070625305e-01 -4.107459485530853271e-01 -7.947596162557601929e-02 -3.153182566165924072e-01 4.141945242881774902e-01 6.760940700769424438e-02 4.161171019077301025e-01
-6.280795335769653320e-01 2.363085001707077026e-01 4.210703074932098389e-02 9.513597935438156128e-02 9.935886412858963013e-02 -5.512592568993568420e-02 1.673464477062225342e-01 3.790117427706718445e-02
-7.251102328300476074e-01 2.082934826612472534e-01 2.041815221309661865e-02 2.839015126228332520e-01 4.194504022598266602e-02 3.600379824638366699e-01 -4.821105301380157471e-01 3.404016373679041862e-03
-1.174469947814941406e+00 2.230093181133270264e-01 -2.543769776821136475e-01 4.216524362564086914e-01 -2.477681189775466919e-01 -1.837884485721588135e-01 -2.948401309549808502e-02 1.092071924358606339e-02
3.463951647281646729e-01 7.793734967708587646e-02 -3.611009195446968079e-02 -2.668907046318054199e-01 5.761502385139465332e-01 4.158108308911323547e-02 6.658394336700439453e-01 2.008844166994094849e-01
-5.729649066925048828e-01 3.212052285671234131e-01 -3.229115903377532959e-01 -4.928416758775711060e-02 2.913025021553039551e-01 -2.276561260223388672e-01 -2.565899305045604706e-02 6.858106702566146851e-02
-5.519304275512695312e-01 -7.189821917563676834e-03 1.631820350885391235e-01 2.816764414310455322e-01 -1.018779650330543518e-01 -4.035798087716102600e-02 9.194263815879821777e-02 1.238127872347831726e-01
1.622637733817100525e-02 -4.848209917545318604e-01 -2.588862180709838867e-01 -1.396403610706329346e-01 -3.425697684288024902e-01 1.961231827735900879e-01 -7.213451862335205078e-01 4.328961670398712158e-02
-1.486379057168960571e-01 -4.043579474091529846e-02 -3.022051453590393066e-01 -3.652922213077545166e-01 -6.201457977294921875e-01 -9.644819423556327820e-03 -3.281139433383941650e-01 -1.893054321408271790e-02
-7.089763283729553223e-01 1.753290593624114990e-01 -1.301511377096176147e-01 3.396229445934295654e-01 1.455122083425521851e-01 3.709775209426879883e-01 -3.718193769454956055e-01 -8.942638523876667023e-03
-1.584951281547546387e+00 -2.474327683448791504e-01 -7.599567770957946777e-01 -1.475298218429088593e-02 -3.068760633468627930e-01 -1.511811763048171997e-01 -3.174551725387573242e-01 2.622149651870131493e-03
-1.148741960525512695e+00 -2.828845977783203125e-01 1.208220943808555603e-01 -5.080474615097045898e-01 3.673899769783020020e-01 3.577921390533447266e-01 -1.926117241382598877e-01 1.790788210928440094e-02
-9.658652544021606445e-01 -1.572748869657516479e-01 -6.202722191810607910e-01 3.887192308902740479e-01 3.427967131137847900e-01 -4.553599357604980469e-01 -3.445695638656616211e-01 -1.709322212263941765e-03
4.899257421493530273e-01 -6.012987494468688965e-01 2.978275120258331299e-01 -8.759422898292541504e-01 1.541417092084884644e-01 4.164830744266510010e-01 -3.336185514926910400e-01 -1.330429594963788986e-02
6.746066212654113770e-01 -1.766900159418582916e-02 -7.828537821769714355e-01 -3.332917392253875732e-01 -1.127740144729614258e+00 2.131710350513458252e-01 -2.112615853548049927e-01 1.900569163262844086e-02
1.575698256492614746e+00 3.544242680072784424e-01 -1.427450537681579590e+00 1.997654438018798828e-01 3.544239997863769531e-01 4.690937101840972900e-01 3.856812715530395508e-01 -1.089779427275061607e-03
-1.591341257095336914e+00 4.718139171600341797e-01 -1.104410290718078613e+00 3.723538517951965332e-01 -3.069809973239898682e-01 -2.093437016010284424e-01 1.848152279853820801e-02 4.563113674521446228e-02
-7.647326588630676270e-01 -1.679931133985519409e-01 6.191777586936950684e-01 -2.705546021461486816e-01 4.109593927860260010e-01 2.143144905567169189e-01 1.048493146896362305e+00 -2.501072362065315247e-02
7.415926456451416016e-01 -2.235451787710189819e-01 -2.156665921211242676e-01 -3.697153329849243164e-01 6.246192846447229385e-03 3.853169381618499756e-01 2.002097964286804199e-01 6.367778033018112183e-02
