5.485820770263671875e-01 8.894273079931735992e-03 2.931345999240875244e-01 -2.625494003295898438e-01 1.528165936470031738e-01 2.228945940732955933e-01 1.465529650449752808e-01 -2.188388854265213013e-01 -7.687047719955444336e-01 7.239978909492492676e-01 -2.243753522634506226e-02 -1.051252961158752441e+00 -4.454426467418670654e-01 -1.368663012981414795e-01 -1.055557578802108765e-01 9.102677553892135620e-02 1.528449356555938721e-01 -3.201840221881866455e-01 3.999662101268768311e-01 -1.930723041296005249e-01 3.604833483695983887e-01 5.299089550971984863e-01 3.086833357810974121e-01 5.254901647567749023e-01 6.686841696500778198e-02 2.590129673480987549e-01 1.595170795917510986e-01 -3.764068484306335449e-01 2.201118320226669312e-01 -2.790604159235954285e-02 6.954483985900878906e-01 8.761180043220520020e-01 1.433383673429489136e-01 1.896518617868423462e-01 2.198567539453506470e-01 -1.048890501260757446e-02 3.077003657817840576e-01 -8.179729580879211426e-01 7.735770195722579956e-02 2.819150984287261963e-01 -2.494330704212188721e-01 -1.002784967422485352e-01 -1.476368904113769531e-01 3.067638278007507324e-01 2.070413827896118164e-01 -4.566365480422973633e-02 -2.099825143814086914e-01 3.582002222537994385e-01 -4.050524532794952393e-01 1.818290203809738159e-01 1.258553266525268555e-01 1.743896752595901489e-01 2.690864503383636475e-01 -1.494591385126113892e-01 2.641363739967346191e-01 -1.444544643163681030e-01 3.639928102493286133e-01 -1.663691997528076172e-01 -3.815528154373168945e-01 -3.577704131603240967e-01 -9.840117692947387695e-01 -6.652656197547912598e-01 3.613215386867523193e-01 2.806327678263187408e-02
-6.675309538841247559e-01 -2.424902617931365967e-01 -2.164539098739624023e+00 -7.001898437738418579e-02 1.976777762174606323e-01 4.016709327697753906e-01 1.453632116317749023e-01 3.553169965744018555e-01 3.968460559844970703e-01 -2.681829214096069336e+00 1.488552987575531006e-01 9.289224147796630859e-01 6.337961554527282715e-01 4.604960978031158447e-01 1.958741694688796997e-01 1.666804552078247070e-01 1.976143568754196167e-01 4.293150603771209717e-01 -5.177690982818603516e-01 5.634504556655883789e-02 -1.532806307077407837e-01 -4.672130346298217773e-01 1.829523295164108276e-01 3.661718070507049561e-01 9.880384802818298340e-02 -1.501225948333740234e+00 -1.383707821369171143e-01 3.696576058864593506e-01 1.174321547150611877e-01 -1.918836385011672974e-01 1.876850128173828125e-01 -7.941740751266479492e-01 4.891705140471458435e-02 2.322469502687454224e-01 1.135312765836715698e-01 1.376167386770248413e-01 3.112282752990722656e-01 5.562794208526611328e-01 1.181110665202140808e-01 3.259795010089874268e-01 2.231825590133666992e-01 5.196136608719825745e-02 1.725148707628250122e-01 1.680072993040084839e-01 1.065353080630302429e-01 3.190953135490417480e-01 -7.714521288871765137e-01 8.946326375007629395e-02 1.222609952092170715e-01 3.490275144577026367e-01 1.722537726163864136e-01 -7.761780172586441040e-02 3.099143505096435547e-01 1.995108276605606079e-01 1.580262631177902222e-01 -6.130699813365936279e-02 -1.391264796257019043e-01 1.579543650150299072e-01 3.158594965934753418e-01 2.420232295989990234e-01 1.063693165779113770e+00 2.175068557262420654e-01 -3.898808062076568604e-01 6.597694754600524902e-02
5.653375387191772461e-01 8.229886740446090698e-02 3.818647563457489014e-01 -3.240100145339965820e-01 6.579972058534622192e-02 1.932291537523269653e-01 1.234009712934494019e-01 -3.846809640526771545e-02 -5.992062687873840332e-01 8.731156587600708008e-01 -7.702931016683578491e-02 -1.077249050140380859e+00 -3.328556716442108154e-01 -5.788248032331466675e-02 -2.991617023944854736e-01 -5.017484724521636963e-02 3.213904500007629395e-01 -3.213181495666503906e-01 4.756035804748535156e-01 -3.805343061685562134e-02 4.036383330821990967e-01 4.909768700599670410e-01 2.332500815391540527e-01 4.641402065753936768e-01 -3.320187702775001526e-02 1.417893469333648682e-01 5.288103967905044556e-02 -3.699900209903717041e-01 2.353994250297546387e-01 2.952786721289157867e-02 5.199999809265136719e-01 9.167589545249938965e-01 1.918811947107315063e-01 1.155266314744949341e-01 4.246259108185768127e-02 8.848210424184799194e-02 1.614000350236892700e-01 -7.010905146598815918e-01 3.783881664276123047e-02 1.496474891901016235e-01 -1.274224668741226196e-01 -2.881103195250034332e-03 -1.691140085458755493e-01 3.610531091690063477e-01 7.400085777044296265e-02 -7.950151339173316956e-03 -2.974423766136169434e-01 3.505377769470214844e-01 -5.074964165687561035e-01 2.833832204341888428e-01 2.466554641723632812e-01 1.375187337398529053e-01 2.378115653991699219e-01 -6.371368467807769775e-02 2.652125656604766846e-01 -3.085769116878509521e-01 3.213742375373840332e-01 -2.591884434223175049e-01 -4.841341078281402588e-01 -2.419287264347076416e-01 -1.190046191215515137e+00 -4.816029369831085205e-01 3.177459537982940674e-01 1.491820067167282104e-01
4.213814735412597656e-01 -7.466380298137664795e-02 3.211667537689208984e-01 -2.268022745847702026e-01 1.915833353996276855e-01 3.728068470954895020e-01 1.505115628242492676e-01 -4.548661783337593079e-02 -7.329601049423217773e-01 6.823107600212097168e-01 -3.588078543543815613e-02 -9.397768378257751465e-01 -1.984513252973556519e-01 -2.601000964641571045e-01 -1.417579799890518188e-01 -5.039976164698600769e-02 1.909522116184234619e-01 -3.436547815799713135e-01 5.031335949897766113e-01 -1.773412525653839111e-01 2.920907735824584961e-01 5.363768339157104492e-01 2.962897717952728271e-01 5.292613506317138672e-01 -2.230504155158996582e-02 3.022430539131164551e-01 1.016278713941574097e-01 -2.342207431793212891e-01 3.844933509826660156e-01 -1.575557738542556763e-01 7.392029762268066406e-01 9.154494404792785645e-01 3.822118341922760010e-01 2.509541511535644531e-01 2.575111687183380127e-01 1.429021805524826050e-01 2.595127224922180176e-01 -6.006123423576354980e-01 1.873766630887985229e-01 2.484897524118423462e-01 -1.836338341236114502e-01 3.271641954779624939e-02 -2.878539264202117920e-01 2.094320803880691528e-01 1.186574548482894897e-01 -9.489159286022186279e-02 -3.636131286621093750e-01 4.063507020473480225e-01 -3.366217017173767090e-01 2.462328225374221802e-01 3.591278791427612305e-01 -5.345235113054513931e-03 6.715306639671325684e-02 4.948769509792327881e-02 2.456296533346176147e-01 -2.431415468454360962e-01 3.221380412578582764e-01 -3.173129260540008545e-01 -2.964160144329071045e-01 -1.936385929584503174e-01 -9.882051348686218262e-01 -5.258412957191467285e-01 5.205446481704711914e-01 -5.425723269581794739e-02
-1.050807088613510132e-01 1.788205802440643311e-01 -2.594365179538726807e-01 5.463939905166625977e-01 -1.919618248939514160e-01 -5.341884493827819824e-02 -3.591541200876235962e-02 4.278882145881652832e-01 8.665432929992675781e-01 -1.079467296600341797e+00 -4.814989864826202393e-02 6.513674259185791016e-01 7.360134720802307129e-01 -1.018391013145446777e+00 3.228724300861358643e-01 -3.549512475728988647e-02 -1.495878994464874268e-01 5.805999040603637695e-01 -5.885862708091735840e-01 8.330129832029342651e-02 -6.320089697837829590e-01 -4.646946862339973450e-02 -2.104675173759460449e-01 2.498907297849655151e-01 -2.189233899116516113e-02 -2.832865118980407715e-01 7.144459486007690430e-01 2.479313760995864868e-01 -5.231633782386779785e-01 3.347181379795074463e-01 -7.992040514945983887e-01 2.233290523290634155e-01 -2.438985258340835571e-01 -2.242056429386138916e-01 -2.331400364637374878e-01 -8.537856936454772949e-01 1.323726959526538849e-02 1.329613685607910156e+00 -2.335248142480850220e-01 -7.118066400289535522e-02 -5.472378730773925781e-01 -3.716766089200973511e-02 -1.992035955190658569e-01 -4.886610507965087891e-01 -1.298455446958541870e-01 2.463238090276718140e-01 -1.671176552772521973e-01 -1.358440220355987549e-01 2.886128127574920654e-01 -2.271637693047523499e-02 -3.118719458580017090e-01 4.629403948783874512e-01 2.684437334537506104e-01 -4.570867717266082764e-01 -2.193259298801422119e-01 1.561407297849655151e-01 -1.482341140508651733e-01 6.331076025962829590e-01 3.942075669765472412e-01 6.371459364891052246e-01 1.761087775230407715e+00 3.124069571495056152e-01 -4.447728693485260010e-01 6.597720384597778320e-01
5.954201817512512207e-01 5.391671881079673767e-02 3.436713814735412598e-01 -2.184950113296508789e-01 2.602948062121868134e-02 3.486037850379943848e-01 -1.938665518537163734e-03 -1.874840408563613892e-01 -7.169621586799621582e-01 8.105951547622680664e-01 5.630116537213325500e-02 -8.434048891067504883e-01 -2.724075913429260254e-01 -3.921068832278251648e-02 -2.508166134357452393e-01 1.054782494902610779e-01 1.853072345256805420e-01 -3.435751497745513916e-01 4.503247439861297607e-01 -8.633746951818466187e-02 2.181564718484878540e-01 5.786725878715515137e-01 2.959020435810089111e-01 4.839373528957366943e-01 1.907799392938613892e-01 2.137416750192642212e-01 2.510027885437011719e-01 -3.713124394416809082e-01 1.348180323839187622e-01 4.664750886149704456e-04 7.006629109382629395e-01 1.033823490142822266e+00 4.041164517402648926e-01 1.729757189750671387e-01 2.800145745277404785e-01 2.070765197277069092e-01 3.008256852626800537e-01 -7.600646018981933594e-01 1.642180830240249634e-01 2.138314396142959595e-01 -2.422840595245361328e-01 -3.787049651145935059e-02 -1.986595541238784790e-01 3.905530869960784912e-01 8.321458846330642700e-02 -1.288220137357711792e-01 -3.008067905902862549e-01 4.007198214530944824e-01 -3.934177458286285400e-01 3.504407107830047607e-01 3.289641141891479492e-01 1.889010071754455566e-01 3.055628240108489990e-01 5.559815466403961182e-02 3.453456461429595947e-01 -1.766923367977142334e-01 4.281162917613983154e-01 -1.198539659380912781e-01 -4.367390275001525879e-01 -3.430031836032867432e-01 -1.025727987289428711e+00 -6.023709177970886230e-01 4.951907396316528320e-01 7.418882101774215698e-02
-6.435340046882629395e-01 -3.370252996683120728e-02 -2.162339925765991211e+00 -1.193088591098785400e-01 1.530787795782089233e-01 2.883048057556152344e-01 1.546201575547456741e-02 1.058168783783912659e-01 5.934725999832153320e-01 -1.574619293212890625e+00 2.091274112462997437e-01 8.504595756530761719e-01 8.380828499794006348e-01 5.808798670768737793e-01 2.415576726198196411e-01 2.134801596403121948e-01 2.041157782077789307e-01 3.701980113983154297e-01 -5.728585720062255859e-01 5.366761982440948486e-02 -9.182766824960708618e-02 -3.437273800373077393e-01 2.335124015808105469e-01 2.380106747150421143e-01 1.192734912037849426e-01 -9.447439908981323242e-01 -8.697296679019927979e-02 2.971372604370117188e-01 1.668817251920700073e-01 4.347387850284576416e-01 7.399616390466690063e-02 -1.019816517829895020e+00 9.421218931674957275e-02 4.034996926784515381e-01 1.705172806978225708e-01 1.357899308204650879e-01 2.541359961032867432e-01 6.785407066345214844e-01 1.506981556303799152e-03 2.966895699501037598e-01 2.956281006336212158e-01 -1.040696427226066589e-01 8.392989635467529297e-02 2.304917126893997192e-01 2.116127014160156250e-01 -1.519245207309722900e-01 -9.406709112226963043e-03 -1.217100247740745544e-01 1.513266861438751221e-01 3.570433259010314941e-01 3.206216096878051758e-01 -7.247697561979293823e-02 1.967105716466903687e-01 2.007874548435211182e-01 -1.199526041746139526e-01 1.301442831754684448e-01 -7.395852357149124146e-03 2.529168725013732910e-01 2.816634476184844971e-01 5.843744277954101562e-01 1.339838981628417969e+00 1.997158378362655640e-01 -3.735729753971099854e-01 2.040420323610305786e-01
5.116120576858520508e-01 7.527772337198257446e-02 3.943648338317871094e-01 -1.657428294420242310e-01 2.488877028226852417e-01 4.298342466354370117e-01 -1.796828769147396088e-02 -8.955465257167816162e-02 -7.635353803634643555e-01 8.960998058319091797e-01 8.096014708280563354e-02 -9.405917525291442871e-01 -3.972516655921936035e-01 -6.167817115783691406e-02 -2.871764898300170898e-01 -2.726339036598801613e-03 3.209085166454315186e-01 -4.650412499904632568e-01 4.878486394882202148e-01 -1.349639296531677246e-01 2.373939007520675659e-01 5.798977017402648926e-01 3.843181133270263672e-01 4.498558938503265381e-01 3.959444351494312286e-03 2.698576450347900391e-01 2.565365433692932129e-01 -2.551289796829223633e-01 1.363341659307479858e-01 -3.283946961164474487e-02 6.071364879608154297e-01 8.735464215278625488e-01 2.890983223915100098e-01 1.858738809823989868e-01 1.794337779283523560e-01 1.034118309617042542e-01 3.551737964153289795e-01 -7.861596345901489258e-01 1.648968644440174103e-02 3.377506732940673828e-01 -1.602559238672256470e-01 -1.274892091751098633e-01 -1.005638539791107178e-01 3.620954453945159912e-01 1.448977738618850708e-01 -1.089235767722129822e-01 -3.346457779407501221e-01 4.001385867595672607e-01 -3.053477704524993896e-01 2.268103212118148804e-01 2.061215937137603760e-01 6.121612340211868286e-02 1.460990756750106812e-01 -5.259063839912414551e-02 1.945074647665023804e-01 -2.800466418266296387e-01 3.482991755008697510e-01 -2.795231342315673828e-01 -3.680752515792846680e-01 -2.298757582902908325e-01 -8.392083048820495605e-01 -6.028548479080200195e-01 3.408994376659393311e-01 -1.082320958375930786e-01
-8.562094569206237793e-01 2.284462098032236099e-03 -1.972526073455810547e+00 -1.674894392490386963e-01 3.590631186962127686e-01 4.002804756164550781e-01 1.627689301967620850e-01 2.705085575580596924e-01 5.711744427680969238e-01 -1.720454096794128418e+00 1.676423102617263794e-01 8.656798601150512695e-01 6.035038828849792480e-01 4.154452979564666748e-01 3.331781029701232910e-01 8.052369952201843262e-02 1.085462421178817749e-01 4.190762639045715332e-01 -3.792193531990051270e-01 -1.159608140587806702e-01 -1.408757716417312622e-01 -5.807286500930786133e-01 3.570202291011810303e-01 5.204222202301025391e-01 1.585384947247803211e-03 -5.723884701728820801e-01 -4.705281555652618408e-02 3.121228218078613281e-01 3.984983265399932861e-01 5.658099651336669922e-01 1.426033079624176025e-01 -8.865592479705810547e-01 -7.082144170999526978e-02 4.953634440898895264e-01 2.652155458927154541e-01 -3.351656720042228699e-02 3.629336655139923096e-01 5.568897128105163574e-01 1.173770707100629807e-02 2.720387876033782959e-01 2.592440247535705566e-01 1.340125501155853271e-01 2.716140151023864746e-01 1.999773979187011719e-01 1.845527887344360352e-01 -1.274944543838500977e-01 1.088790297508239746e-01 -2.273583412170410156e-02 2.993928492069244385e-01 4.529001712799072266e-01 3.872463703155517578e-01 1.089726574718952179e-02 2.022958397865295410e-01 1.729759126901626587e-01 -1.364283412694931030e-01 2.406238764524459839e-02 -4.716004244983196259e-03 3.497291207313537598e-01 2.746436595916748047e-01 4.359452724456787109e-01 1.453406691551208496e+00 4.177103638648986816e-01 -4.277067482471466064e-01 2.411395125091075897e-02
-4.377137422561645508e-01 -1.607189327478408813e-01 -4.985707998275756836e-01 -1.189658343791961670e-01 -2.260711193084716797e-01 1.662370860576629639e-01 -1.678117960691452026e-01 -2.342644380405545235e-03 6.834710240364074707e-01 -1.267495870590209961e+00 3.867729008197784424e-02 4.950362145900726318e-01 3.406215012073516846e-01 1.028399243950843811e-01 3.674496337771415710e-02 -1.323685795068740845e-01 1.461692154407501221e-01 3.030502796173095703e-01 -6.308584213256835938e-01 -1.853789985179901123e-01 -7.512405514717102051e-02 -2.607336342334747314e-01 -3.219424188137054443e-02 -1.056661084294319153e-01 -1.085864901542663574e-01 -3.301368653774261475e-01 1.851446330547332764e-01 1.269801706075668335e-01 -1.094512194395065308e-01 2.939039766788482666e-01 -3.688387870788574219e-01 -5.990179777145385742e-01 7.406515628099441528e-02 -7.662781327962875366e-02 2.217820286750793457e-01 -1.268883794546127319e-01 2.142912894487380981e-02 3.677011728286743164e-01 1.835748553276062012e-01 6.488275527954101562e-02 -1.981617212295532227e-01 2.265518605709075928e-01 -4.087582603096961975e-02 1.511248797178268433e-01 3.608465939760208130e-02 3.484914079308509827e-03 2.838975749909877777e-02 -2.737321145832538605e-02 8.127927780151367188e-02 2.195654660463333130e-01 3.158307075500488281e-02 1.847177296876907349e-01 -4.387906193733215332e-02 -1.138982325792312622e-01 4.126395564526319504e-03 -7.388975471258163452e-02 -1.405509263277053833e-01 -9.776777029037475586e-02 2.652634084224700928e-01 5.596197769045829773e-02 5.358790755271911621e-01 2.343069761991500854e-01 -5.687282085418701172e-01 -2.020118236541748047e-01
5.747038722038269043e-01 -5.037284642457962036e-02 3.080270290374755859e-01 -2.568751573562622070e-01 2.458756603300571442e-02 4.379543662071228027e-01 1.767552495002746582e-01 2.749480679631233215e-02 -6.258402466773986816e-01 8.237381577491760254e-01 3.030139487236738205e-03 -9.478995800018310547e-01 -3.552653789520263672e-01 -2.276356071233749390e-01 -3.394903540611267090e-01 -2.570480853319168091e-02 2.893681228160858154e-01 -2.849565148353576660e-01 3.815706670284271240e-01 -9.997385740280151367e-02 3.709475398063659668e-01 5.212408900260925293e-01 2.417387515306472778e-01 5.803550481796264648e-01 -3.677553310990333557e-02 2.727300524711608887e-01 1.774057000875473022e-01 -3.227511346340179443e-01 3.582061529159545898e-01 -1.395556032657623291e-01 5.595598220825195312e-01 9.990219473838806152e-01 3.644171059131622314e-01 2.105540633201599121e-01 2.513211779296398163e-02 -6.011576950550079346e-02 2.410559207201004028e-01 -6.209638118743896484e-01 9.159206598997116089e-02 2.833952307701110840e-01 -1.677254289388656616e-01 -1.170400716364383698e-02 -1.276138722896575928e-01 2.683231532573699951e-01 2.754262387752532959e-01 -1.422782540321350098e-01 -2.613441348075866699e-01 3.309636712074279785e-01 -4.262302517890930176e-01 2.230039983987808228e-01 3.610398471355438232e-01 8.983192592859268188e-02 1.153184622526168823e-01 -9.372526779770851135e-03 2.090688049793243408e-01 -1.477703005075454712e-01 3.149875402450561523e-01 -3.021776080131530762e-01 -4.787831306457519531e-01 -2.640161812305450439e-01 -1.079488158226013184e+00 -5.747739076614379883e-01 3.068157434463500977e-01 9.912401437759399414e-03
4.622063338756561279e-01 -1.271190941333770752e-01 3.356817662715911865e-01 -3.586609065532684326e-01 1.359582394361495972e-01 3.396978378295898438e-01 4.823690652847290039e-02 -1.593296676874160767e-01 -5.787723660469055176e-01 7.700015902519226074e-01 -6.767833605408668518e-03 -1.100496768951416016e+00 -3.992111384868621826e-01 -1.477777212858200073e-01 -1.823728680610656738e-01 3.633563220500946045e-02 2.496410310268402100e-01 -2.487886101007461548e-01 4.160402119159698486e-01 -2.315759956836700439e-01 3.780525326728820801e-01 5.638602375984191895e-01 2.276741117238998413e-01 5.978682637214660645e-01 1.470848172903060913e-01 2.985632717609405518e-01 1.045970693230628967e-01 -2.399211376905441284e-01 3.573368489742279053e-01 -1.899590939283370972e-01 5.994079113006591797e-01 8.698897957801818848e-01 2.081803083419799805e-01 3.446026742458343506e-01 1.709378808736801147e-01 8.892883360385894775e-02 2.381454706192016602e-01 -7.210007309913635254e-01 1.412303596735000610e-01 2.725578844547271729e-01 -2.599047720432281494e-01 7.149050384759902954e-02 -2.412766814231872559e-01 2.793084979057312012e-01 2.362806349992752075e-01 6.071638315916061401e-02 -4.063037335872650146e-01 2.112996429204940796e-01 -5.469137430191040039e-01 3.479551672935485840e-01 2.642374634742736816e-01 6.735115498304367065e-02 7.939741760492324829e-02 -9.036126732826232910e-02 2.072791606187820435e-01 -3.283282816410064697e-01 3.869457840919494629e-01 -3.011477589607238770e-01 -3.953607380390167236e-01 -1.698963642120361328e-01 -1.060180068016052246e+00 -6.374441385269165039e-01 4.197453260421752930e-01 8.877171576023101807e-02
6.289083361625671387e-01 -6.807955354452133179e-02 2.875139415264129639e-01 -3.328658640384674072e-01 2.360703647136688232e-01 3.629268705844879150e-01 1.558665484189987183e-01 -4.669691622257232666e-02 -7.630842924118041992e-01 7.948015332221984863e-01 9.662360697984695435e-02 -1.037235617637634277e+00 -3.600915372371673584e-01 -1.235971003770828247e-01 -2.683550715446472168e-01 1.313434541225433350e-01 2.829344272613525391e-01 -4.046536684036254883e-01 5.087569355964660645e-01 -1.211853548884391785e-01 2.716408371925354004e-01 3.969733417034149170e-01 1.884890347719192505e-01 6.432664990425109863e-01 -5.969658493995666504e-02 3.096308112144470215e-01 2.236425727605819702e-01 -1.977587044239044189e-01 2.780497968196868896e-01 -1.052332445979118347e-01 5.764380693435668945e-01 9.130452275276184082e-01 3.420301377773284912e-01 1.973177194595336914e-01 2.256229072809219360e-01 1.315439864993095398e-02 2.184231281280517578e-01 -7.890306711196899414e-01 2.254700064659118652e-01 1.693910509347915649e-01 -1.475007683038711548e-01 -1.390905231237411499e-01 -2.461371719837188721e-01 2.344155311584472656e-01 1.549746245145797729e-01 -4.267149046063423157e-02 -2.241753488779067993e-01 2.230901569128036499e-01 -4.934203326702117920e-01 3.070367276668548584e-01 2.452609837055206299e-01 1.635841429233551025e-01 2.866034805774688721e-01 -1.639945246279239655e-02 3.561809062957763672e-01 -2.649669647216796875e-01 3.846643567085266113e-01 -3.170081377029418945e-01 -4.176392853260040283e-01 -3.383566439151763916e-01 -9.403620958328247070e-01 -4.424432814121246338e-01 5.140236020088195801e-01 1.490483134984970093e-01
-7.814041972160339355e-01 -4.004086926579475403e-02 -2.372725963592529297e+00 -5.332824215292930603e-02 1.935281902551651001e-01 4.148260354995727539e-01 8.491145819425582886e-02 1.780738681554794312e-01 5.634340643882751465e-01 -2.076243162155151367e+00 2.162421643733978271e-01 9.170560240745544434e-01 7.542747855186462402e-01 4.116677939891815186e-01 2.939229011535644531e-01 1.790020018815994263e-01 9.163790196180343628e-02 5.188306570053100586e-01 -6.314556002616882324e-01 -3.838871419429779053e-02 -1.040950939059257507e-01 -4.462898969650268555e-01 3.603550791740417480e-01 3.681852519512176514e-01 1.380470693111419678e-01 -1.010443329811096191e+00 1.358940452337265015e-02 1.145506426692008972e-01 4.275817871093750000e-01 2.126808464527130127e-01 1.973272711038589478e-01 -8.479799628257751465e-01 8.146890997886657715e-02 3.645111620426177979e-01 1.456600129604339600e-01 8.289661258459091187e-02 3.377695977687835693e-01 4.884958267211914062e-01 1.474406123161315918e-01 3.517265021800994873e-01 3.971627652645111084e-01 -2.457620389759540558e-02 1.734817177057266235e-01 2.134441584348678589e-01 2.314939498901367188e-01 8.842228353023529053e-02 -1.424335092306137085e-01 2.191581390798091888e-02 3.112541437149047852e-01 5.465109348297119141e-01 2.511290609836578369e-01 -1.230445653200149536e-01 2.842836081981658936e-01 2.705107927322387695e-01 -1.882539540529251099e-01 1.230514198541641235e-01 -9.609124064445495605e-02 3.040510714054107666e-01 2.843065857887268066e-01 4.662637710571289062e-01 1.264551401138305664e+00 3.778628408908843994e-01 -4.581255316734313965e-01 1.466039717197418213e-01
-7.591459751129150391e-01 8.516903519630432129e-01 -4.690572619438171387e-01 -1.847711056470870972e-01 9.903786331415176392e-02 -8.085802942514419556e-02 -2.177318558096885681e-02 1.425619572401046753e-01 3.633443415164947510e-01 -9.935845136642456055e-01 8.438054472208023071e-03 5.713217854499816895e-01 5.804087519645690918e-01 2.344934940338134766e-01 1.456284672021865845e-01 -2.395728230476379395e-01 -5.226089060306549072e-02 3.922885060310363770e-01 -1.269683837890625000e-01 -4.445795416831970215e-01 -6.016644239425659180e-01 -6.243736147880554199e-01 3.538329899311065674e-02 -3.220923244953155518e-01 -1.352847460657358170e-02 -4.288084805011749268e-02 -2.019506990909576416e-01 5.461832880973815918e-01 1.889284253120422363e-01 -9.755878895521163940e-02 -7.200253009796142578e-01 -6.588006615638732910e-01 7.773883640766143799e-02 1.426659822463989258e-01 9.863564372062683105e-02 6.772359013557434082e-01 -4.245626330375671387e-01 4.537338912487030029e-01 6.106314435601234436e-02 -3.564665913581848145e-01 1.046841740608215332e+00 4.366759061813354492e-01 8.084271103143692017e-02 1.035292223095893860e-01 9.468021988868713379e-02 7.079900503158569336e-01 -4.120422899723052979e-01 -5.080301761627197266e-01 6.741998791694641113e-01 6.492706388235092163e-02 -4.847246780991554260e-02 3.197112679481506348e-01 -2.638024091720581055e-01 5.145571380853652954e-02 -4.027681052684783936e-01 1.269316315650939941e+00 -4.751202464103698730e-01 9.966220855712890625e-01 1.571217179298400879e-01 7.692964673042297363e-01 1.428065896034240723e-01 6.897208690643310547e-01 -5.253857970237731934e-01 -1.029743105173110962e-01
-6.623398661613464355e-01 -7.942220196127891541e-03 -2.428477764129638672e+00 -2.649190723896026611e-01 3.629012405872344971e-02 3.307716846466064453e-01 1.484736949205398560e-01 3.070775270462036133e-01 6.174320578575134277e-01 -1.631130218505859375e+00 1.648492813110351562e-01 9.210566878318786621e-01 8.916436433792114258e-01 5.655071735382080078e-01 2.026339322328567505e-01 3.210605978965759277e-01 1.486653089523315430e-01 3.980489969253540039e-01 -5.676919221878051758e-01 -3.969083074480295181e-03 -4.379609599709510803e-02 -4.886006116867065430e-01 2.401048243045806885e-01 2.224127203226089478e-01 9.111034870147705078e-02 -1.069610476493835449e+00 -2.720398083329200745e-02 3.432944715023040771e-01 2.164963185787200928e-01 3.256414830684661865e-01 -2.035915665328502655e-02 -9.068436026573181152e-01 4.830462485551834106e-02 4.036486446857452393e-01 1.652605086565017700e-01 1.922143250703811646e-02 3.682705760002136230e-01 5.425083637237548828e-01 7.758419495075941086e-03 2.803902924060821533e-01 2.246647179126739502e-01 -1.242199242115020752e-01 9.956157207489013672e-02 2.983221113681793213e-01 1.671157777309417725e-01 -2.700902521610260010e-01 -1.107884943485260010e-01 -8.643162995576858521e-02 2.811802625656127930e-01 4.712374210357666016e-01 6.542353332042694092e-02 -1.355745941400527954e-01 1.871975809335708618e-01 1.657903045415878296e-01 9.472601860761642456e-02 -2.983163110911846161e-03 -4.437369853258132935e-02 2.573170661926269531e-01 1.996066570281982422e-01 6.287182569503784180e-01 1.577418327331542969e+00 2.513877749443054199e-01 -5.482746958732604980e-01 2.265564948320388794e-01
-7.153196334838867188e-01 -3.159603103995323181e-02 -2.134251832962036133e+00 -2.472610920667648315e-01 6.005256995558738708e-02 2.830871045589447021e-01 9.112443774938583374e-02 1.609087437391281128e-01 3.901877105236053467e-01 -1.591758608818054199e+00 4.461641982197761536e-02 8.981872797012329102e-01 8.203836083412170410e-01 5.288960337638854980e-01 1.150830388069152832e-01 1.960636675357818604e-01 2.649886310100555420e-01 2.697005569934844971e-01 -6.306406855583190918e-01 -1.785868704319000244e-01 -1.800598055124282837e-01 -3.807226717472076416e-01 2.848201990127563477e-01 4.085515737533569336e-01 1.404799222946166992e-01 -9.347655773162841797e-01 -1.251841057091951370e-02 2.597621083259582520e-01 2.568128705024719238e-01 6.371852159500122070e-01 1.301641911268234253e-01 -1.005807161331176758e+00 -5.325055494904518127e-02 2.624951004981994629e-01 1.266433894634246826e-01 8.607924729585647583e-02 4.592646956443786621e-01 6.104585528373718262e-01 1.821519434452056885e-01 1.254584938287734985e-01 2.161813676357269287e-01 -7.215099781751632690e-02 4.692824184894561768e-02 2.567954659461975098e-01 1.607703864574432373e-01 -2.298810631036758423e-01 1.192464679479598999e-02 3.698764368891716003e-02 3.388482928276062012e-01 5.699826478958129883e-01 2.790276408195495605e-01 -6.178816407918930054e-02 2.863831520080566406e-01 9.611508995294570923e-02 -1.846663095057010651e-02 3.236914798617362976e-02 -4.292641580104827881e-02 2.175044864416122437e-01 2.428112030029296875e-01 5.862287878990173340e-01 1.453692078590393066e+00 2.864305973052978516e-01 -6.489853858947753906e-01 1.623403578996658325e-01
-9.086570143699645996e-01 1.164671406149864197e-01 -2.469936370849609375e+00 -1.686261594295501709e-01 2.433785349130630493e-01 4.173169732093811035e-01 1.560898721218109131e-01 3.731231689453125000e-01 4.950060546398162842e-01 -2.062669515609741211e+00 2.953087389469146729e-01 9.540865421295166016e-01 7.262348532676696777e-01 4.897109866142272949e-01 3.441891968250274658e-01 3.162909448146820068e-01 3.073364496231079102e-01 5.197281241416931152e-01 -5.780049562454223633e-01 4.088123887777328491e-02 -1.631228178739547729e-01 -4.515851438045501709e-01 3.719564676284790039e-01 6.628757119178771973e-01 1.745139062404632568e-01 -1.078077435493469238e+00 -2.347093671560287476e-01 3.237527906894683838e-01 2.733419239521026611e-01 2.961281836032867432e-01 3.468830585479736328e-01 -9.695175290107727051e-01 -1.662745140492916107e-02 2.931284010410308838e-01 6.103477627038955688e-02 7.003729790449142456e-02 2.985836565494537354e-01 6.570889353752136230e-01 7.488563191145658493e-03 2.606552541255950928e-01 4.191028773784637451e-01 -1.574770659208297729e-01 2.403832077980041504e-01 2.695841193199157715e-01 2.992409765720367432e-01 3.301929831504821777e-01 -3.697855398058891296e-02 -3.409541025757789612e-02 4.183340668678283691e-01 6.043286323547363281e-01 3.297778069972991943e-01 -2.631572075188159943e-03 3.321252465248107910e-01 1.588067412376403809e-01 -6.629800796508789062e-02 8.294519968330860138e-03 -1.300811674445867538e-02 2.755102217197418213e-01 2.228671461343765259e-01 5.206069350242614746e-01 1.112516164779663086e+00 4.017467200756072998e-01 -5.324854850769042969e-01 -9.428240358829498291e-02
2.551979720592498779e-01 -1.586073786020278931e-01 2.404008060693740845e-01 -4.139959812164306641e-01 -2.433975189924240112e-01 -1.327744603157043457e+00 -1.805816292762756348e-01 1.590855479240417480e+00 1.482862979173660278e-01 -3.637588620185852051e-01 -8.810167908668518066e-01 1.035028576850891113e+00 -1.594076156616210938e-01 -2.435238063335418701e-01 -1.193196296691894531e+00 -2.952178418636322021e-01 1.118664219975471497e-01 8.386452794075012207e-01 -4.400585889816284180e-01 -8.682647347450256348e-02 1.247515305876731873e-01 3.824883699417114258e-01 9.900727868080139160e-02 -2.586800456047058105e-01 -6.384629011154174805e-02 8.068908452987670898e-01 5.727831125259399414e-01 1.596042960882186890e-01 7.977326214313507080e-02 -3.775322437286376953e-01 -1.493411809206008911e-01 -1.116356015205383301e+00 2.672064304351806641e-01 -1.126626655459403992e-01 7.956799864768981934e-02 -6.122036576271057129e-01 1.922544091939926147e-01 -8.530825376510620117e-01 1.573502272367477417e-01 -1.544346809387207031e-01 -1.022841855883598328e-01 -5.710319802165031433e-02 2.928378582000732422e-01 1.346021443605422974e-01 -1.104437112808227539e-01 8.311980962753295898e-02 2.607264518737792969e-01 1.047693118453025818e-01 8.347890973091125488e-01 -1.574428528547286987e-01 1.362113803625106812e-01 4.105229973793029785e-01 1.784552037715911865e-01 5.625290274620056152e-01 1.189854815602302551e-01 2.424302339553833008e+00 -7.737816572189331055e-01 6.301550269126892090e-01 -6.294700503349304199e-01 -1.638635843992233276e-01 1.272761106491088867e+00 6.702634096145629883e-01 -5.564711570739746094e+00 -5.092677474021911621e-01
5.042764544486999512e-01 -1.565814204514026642e-02 4.209773838520050049e-01 -2.909440398216247559e-01 1.733622401952743530e-01 2.971904277801513672e-01 5.581632256507873535e-02 -1.088531538844108582e-01 -6.914763450622558594e-01 8.039923310279846191e-01 1.104110758751630783e-02 -1.114316582679748535e+00 -2.056845724582672119e-01 -2.510608434677124023e-01 -1.030116379261016846e-01 9.596872329711914062e-02 1.321077048778533936e-01 -4.047503173351287842e-01 4.213117957115173340e-01 -1.466638445854187012e-01 3.039792180061340332e-01 5.763741731643676758e-01 3.890728950500488281e-01 5.648196339607238770e-01 1.664713323116302490e-01 3.267604112625122070e-01 2.952758669853210449e-01 -2.243601232767105103e-01 3.496949076652526855e-01 -3.468131273984909058e-02 7.350241541862487793e-01 8.280111551284790039e-01 3.753346502780914307e-01 2.687540948390960693e-01 1.952959150075912476e-01 1.527139395475387573e-01 1.308446973562240601e-01 -7.436861395835876465e-01 2.243258804082870483e-01 2.848866879940032959e-01 -2.770215570926666260e-01 3.997110947966575623e-02 -1.812665760517120361e-01 1.774673908948898315e-01 1.880016624927520752e-01 9.407236240804195404e-03 -2.690727412700653076e-01 3.458500206470489502e-01 -4.568366408348083496e-01 2.150088399648666382e-01 3.811456561088562012e-01 1.473179608583450317e-01 2.785785198211669922e-01 -1.328915804624557495e-01 3.840483427047729492e-01 -3.448112607002258301e-01 4.141762256622314453e-01 -2.961739897727966309e-01 -4.459546804428100586e-01 -3.164303004741668701e-01 -1.110933661460876465e+00 -6.740319728851318359e-01 4.803975820541381836e-01 2.634892985224723816e-02
5.104556083679199219e-01 6.810367852449417114e-02 3.530323207378387451e-01 -1.360380202531814575e-01 1.980909556150436401e-01 2.953317165374755859e-01 -5.382125452160835266e-02 -2.040421217679977417e-01 -6.819876432418823242e-01 8.275545835494995117e-01 -7.777284085750579834e-02 -9.957324862480163574e-01 -3.284462392330169678e-01 -2.175326794385910034e-01 -3.231917321681976318e-01 -2.329418994486331940e-02 2.093178182840347290e-01 -3.455974459648132324e-01 4.345481395721435547e-01 -6.709217280149459839e-02 3.436211943626403809e-01 4.249024391174316406e-01 3.539570868015289307e-01 4.618459343910217285e-01 1.405877023935317993e-01 2.130439281463623047e-01 2.243060767650604248e-01 -2.149675935506820679e-01 1.835256814956665039e-01 -9.419756382703781128e-02 4.884767234325408936e-01 9.264208078384399414e-01 3.098680973052978516e-01 8.649943768978118896e-02 1.813506186008453369e-01 -7.132846117019653320e-02 1.501911431550979614e-01 -6.069061756134033203e-01 1.473488509654998779e-01 1.292865127325057983e-01 -2.475526183843612671e-03 -6.101869046688079834e-02 -3.334883153438568115e-01 2.832001745700836182e-01 1.753336936235427856e-01 -1.191942170262336731e-01 -2.645930647850036621e-01 1.954848617315292358e-01 -4.583876132965087891e-01 3.439937531948089600e-01 2.672647833824157715e-01 1.275712698698043823e-01 2.280557155609130859e-01 -1.229046881198883057e-01 3.696047961711883545e-01 -2.829864323139190674e-01 3.057585656642913818e-01 -2.068162113428115845e-01 -3.577511608600616455e-01 -1.409762203693389893e-01 -1.173972725868225098e+00 -5.968280434608459473e-01 5.249699950218200684e-01 -8.906514942646026611e-02
5.187859535217285156e-01 8.688777685165405273e-02 3.247293233871459961e-01 -2.184922993183135986e-01 1.643884330987930298e-01 2.650843262672424316e-01 1.065589189529418945e-01 -1.182429045438766479e-01 -8.031314015388488770e-01 7.198085188865661621e-01 3.438598290085792542e-02 -8.381019234657287598e-01 -2.705595791339874268e-01 -2.356108725070953369e-01 -2.265954166650772095e-01 4.349754657596349716e-03 2.055447250604629517e-01 -3.988782763481140137e-01 4.835157096385955811e-01 -3.690154105424880981e-02 2.116826921701431274e-01 4.867904484272003174e-01 1.688789278268814087e-01 4.860435724258422852e-01 4.532845690846443176e-03 1.935683190822601318e-01 2.367787510156631470e-01 -2.073080539703369141e-01 2.231617718935012817e-01 6.221017986536026001e-02 7.329032421112060547e-01 8.139893412590026855e-01 2.141784131526947021e-01 2.845111787319183350e-01 7.330414652824401855e-02 7.432378083467483521e-02 1.341842263936996460e-01 -6.110256910324096680e-01 8.359030820429325104e-03 3.295522332191467285e-01 -1.317935585975646973e-01 4.486832302063703537e-03 -1.945109367370605469e-01 2.330895811319351196e-01 1.403732746839523315e-01 3.049652092158794403e-02 -2.822657525539398193e-01 2.825188338756561279e-01 -4.127702116966247559e-01 3.203940093517303467e-01 2.394848912954330444e-01 4.690372943878173828e-02 1.626954078674316406e-01 -3.751189634203910828e-02 3.658762276172637939e-01 -3.105265498161315918e-01 5.117141008377075195e-01 -2.674486935138702393e-01 -6.138836741447448730e-01 -3.837199211120605469e-01 -9.950997829437255859e-01 -6.659066677093505859e-01 3.853909373283386230e-01 4.885123670101165771e-02
5.622874572873115540e-02 -1.838473416864871979e-02 3.411414101719856262e-02 1.157783642411231995e-01 2.463210076093673706e-01 -5.797220468521118164e-01 2.953659892082214355e-01 1.874266982078552246e+00 -1.924540102481842041e-01 -6.169782876968383789e-01 -1.203566551208496094e+00 1.000229239463806152e+00 -9.294614940881729126e-02 -1.546810418367385864e-01 5.598693490028381348e-01 -6.211568117141723633e-01 2.463014721870422363e-01 6.708042621612548828e-01 -6.506617665290832520e-01 7.423298954963684082e-01 4.621098339557647705e-01 9.849161654710769653e-02 1.967768967151641846e-01 -8.044686317443847656e-01 1.253948956727981567e-01 1.497957706451416016e-01 2.347521483898162842e-01 2.925842702388763428e-01 2.305779904127120972e-01 -4.816167056560516357e-01 -3.697235882282257080e-01 -9.381735324859619141e-01 4.237900972366333008e-01 -4.433956369757652283e-02 1.414343714714050293e-01 -2.277978211641311646e-01 2.581377029418945312e-01 -1.055768966674804688e+00 2.409589290618896484e-01 -2.968881092965602875e-02 -2.332276701927185059e-01 4.954685643315315247e-02 2.161455005407333374e-01 2.255758345127105713e-01 2.849286198616027832e-01 3.078243434429168701e-01 4.655670225620269775e-01 3.317811712622642517e-02 3.515522778034210205e-01 -7.965239696204662323e-03 2.297498285770416260e-01 3.161327540874481201e-01 2.065335214138031006e-01 7.645745277404785156e-01 2.045564949512481689e-01 2.842144250869750977e+00 -1.013617277145385742e+00 4.336073696613311768e-01 -1.791145443916320801e+00 4.731444418430328369e-01 1.738501548767089844e+00 5.093380212783813477e-01 -3.476659536361694336e+00 1.007349729537963867e+00
-7.566345334053039551e-01 -4.808389395475387573e-02 -2.213406801223754883e+00 -8.626198023557662964e-02 2.950395643711090088e-01 2.925387620925903320e-01 1.233264505863189697e-01 3.310717940330505371e-01 4.824342131614685059e-01 -1.361019134521484375e+00 2.729376554489135742e-01 8.934235572814941406e-01 6.241590380668640137e-01 5.346780419349670410e-01 3.751440942287445068e-01 2.370072342455387115e-02 2.867118418216705322e-01 3.478104174137115479e-01 -6.305410265922546387e-01 -7.267702370882034302e-02 -1.456703692674636841e-01 -3.495143651962280273e-01 2.323248982429504395e-01 3.028183877468109131e-01 9.867781400680541992e-02 -8.115153312683105469e-01 9.813792258501052856e-02 1.413046568632125854e-01 2.824504673480987549e-01 5.220265388488769531e-01 1.071822550147771835e-02 -8.768265247344970703e-01 1.792279928922653198e-01 2.320117950439453125e-01 1.316882967948913574e-01 1.681071519851684570e-01 2.708644568920135498e-01 5.177212953567504883e-01 1.315378993749618530e-01 1.946341991424560547e-01 1.069086864590644836e-01 7.944396883249282837e-02 2.778248488903045654e-01 3.361211717128753662e-01 2.074867784976959229e-01 -3.542820513248443604e-01 2.427868992090225220e-01 -1.598547250032424927e-01 3.477108776569366455e-01 5.651290416717529297e-01 2.326301336288452148e-01 -6.145438179373741150e-02 3.842141926288604736e-01 1.479275077581405640e-01 -1.303781867027282715e-01 6.973110139369964600e-02 4.450946114957332611e-03 2.461865544319152832e-01 3.200625777244567871e-01 6.258866786956787109e-01 1.218013405799865723e+00 4.974702596664428711e-01 -5.047178864479064941e-01 1.181816682219505310e-01
5.667310357093811035e-01 -1.320250779390335083e-01 4.924637079238891602e-01 -1.500268727540969849e-01 5.848740413784980774e-02 4.330361485481262207e-01 2.010200768709182739e-01 -1.137628033757209778e-01 -7.861194610595703125e-01 6.535204648971557617e-01 4.687998816370964050e-02 -9.197813272476196289e-01 -2.329690307378768921e-01 -2.292308956384658813e-01 -1.450249254703521729e-01 -2.642813697457313538e-02 2.377406656742095947e-01 -4.229648411273956299e-01 4.173567593097686768e-01 -2.032947912812232971e-02 4.093617200851440430e-01 5.916231870651245117e-01 3.598259985446929932e-01 4.822219610214233398e-01 1.914520114660263062e-01 2.241082787513732910e-01 3.090493679046630859e-01 -1.620831042528152466e-01 2.195125669240951538e-01 -2.244121395051479340e-03 6.515427231788635254e-01 9.529731869697570801e-01 2.007112056016921997e-01 2.413233220577239990e-01 7.396800071001052856e-02 7.390305399894714355e-02 3.102711737155914307e-01 -6.324705481529235840e-01 2.021781802177429199e-01 1.691901683807373047e-01 -1.898376196622848511e-01 -1.816962845623493195e-02 -2.820627391338348389e-01 3.153460621833801270e-01 3.192894756793975830e-01 1.774288341403007507e-02 -1.905559599399566650e-01 3.035712242126464844e-01 -3.849304914474487305e-01 2.591205835342407227e-01 1.852023303508758545e-01 1.363514363765716553e-01 2.768970429897308350e-01 7.709999382495880127e-02 3.306941688060760498e-01 -3.484412431716918945e-01 3.164076507091522217e-01 -3.032456040382385254e-01 -5.335132479667663574e-01 -2.805616259574890137e-01 -9.366266131401062012e-01 -6.142406463623046875e-01 3.646274209022521973e-01 1.093045175075531006e-01
1.765350699424743652e-01 -3.490529581904411316e-02 9.224600344896316528e-02 4.046383500099182129e-01 1.109037399291992188e-01 -6.837763786315917969e-01 1.620108038187026978e-01 1.870758086442947388e-01 1.581580340862274170e-01 -5.240592956542968750e-01 -9.118250012397766113e-01 1.087806820869445801e+00 -8.220067247748374939e-03 -9.214570745825767517e-03 -4.154639840126037598e-01 -5.448243618011474609e-01 1.522430628538131714e-01 8.099116086959838867e-01 -3.922193348407745361e-01 7.750362753868103027e-01 5.367619991302490234e-01 1.122684180736541748e-01 2.715431153774261475e-01 -3.605266511440277100e-01 1.210537329316139221e-01 4.400182962417602539e-01 3.435639739036560059e-01 4.245156943798065186e-01 2.890186905860900879e-01 -3.446013852953910828e-02 -4.295112788677215576e-01 -8.013669252395629883e-01 4.022988379001617432e-01 2.368924021720886230e-01 3.312663435935974121e-01 -1.011354029178619385e-01 -4.013557732105255127e-01 -3.195160627365112305e-01 2.213629484176635742e-01 1.343418806791305542e-01 -4.055644199252128601e-02 -5.821013078093528748e-02 2.153377979993820190e-01 1.841468736529350281e-02 3.228873014450073242e-01 -1.539149601012468338e-02 2.986975014209747314e-01 2.837623357772827148e-01 4.818337559700012207e-01 7.673585414886474609e-02 1.953046917915344238e-01 2.281771898269653320e-01 -3.853722810745239258e-01 6.940384507179260254e-01 2.924286723136901855e-01 2.706969738006591797e+00 -6.116040945053100586e-01 2.981446981430053711e-01 -1.515000462532043457e+00 3.518064022064208984e-01 1.043768286705017090e+00 5.876320600509643555e-01 -1.946827292442321777e+00 -4.920637309551239014e-01
4.158639609813690186e-01 -9.722040593624114990e-02 4.984074234962463379e-01 -2.763725221157073975e-01 1.254121661186218262e-01 4.325198233127593994e-01 1.012032404541969299e-01 -9.741090983152389526e-02 -7.497541308403015137e-01 6.730948090553283691e-01 -5.816605687141418457e-02 -1.028168797492980957e+00 -2.109979838132858276e-01 -1.924626082181930542e-01 -1.592282652854919434e-01 9.425386041402816772e-02 3.006097078323364258e-01 -4.631443023681640625e-01 4.973921179771423340e-01 2.507596649229526520e-02 4.323364198207855225e-01 5.564269423484802246e-01 3.810016512870788574e-01 5.877464413642883301e-01 -1.225645560771226883e-02 2.059259265661239624e-01 3.035056293010711670e-01 -3.305368721485137939e-01 3.738077878952026367e-01 3.873613849282264709e-02 5.875593423843383789e-01 8.450590968132019043e-01 2.438948154449462891e-01 3.232594430446624756e-01 1.853628009557723999e-01 6.794017553329467773e-02 3.156862854957580566e-01 -6.671387553215026855e-01 1.252902448177337646e-01 2.697704136371612549e-01 -2.436634302139282227e-01 2.567859366536140442e-02 -3.066933751106262207e-01 2.790549993515014648e-01 3.301050364971160889e-01 1.863878779113292694e-02 -3.223784565925598145e-01 4.023379683494567871e-01 -5.173605680465698242e-01 3.284302651882171631e-01 1.899799257516860962e-01 6.805307418107986450e-02 6.908275187015533447e-02 4.048159345984458923e-02 3.184036910533905029e-01 -2.435006946325302124e-01 3.386539220809936523e-01 -1.463832110166549683e-01 -4.522666633129119873e-01 -2.652208209037780762e-01 -9.264855384826660156e-01 -6.685910224914550781e-01 3.434673547744750977e-01 9.363362193107604980e-02
5.617616772651672363e-01 -6.163404881954193115e-02 3.819470405578613281e-01 -3.230632841587066650e-01 8.354737609624862671e-02 4.363179206848144531e-01 5.893621966242790222e-02 -5.455652624368667603e-02 -6.534465551376342773e-01 8.748987317085266113e-01 -8.559896796941757202e-02 -8.600568771362304688e-01 -4.234685599803924561e-01 -1.332719624042510986e-01 -1.460579484701156616e-01 2.184206061065196991e-02 1.357781440019607544e-01 -4.632211029529571533e-01 3.947567343711853027e-01 -1.667767614126205444e-01 2.338242977857589722e-01 4.472386240959167480e-01 2.802226543426513672e-01 6.088681221008300781e-01 1.313485652208328247e-01 3.094412684440612793e-01 2.787584364414215088e-01 -3.419808149337768555e-01 2.040953189134597778e-01 -1.152743473649024963e-01 5.784790515899658203e-01 9.924819469451904297e-01 3.758847713470458984e-01 2.910774648189544678e-01 5.436937138438224792e-02 1.129660010337829590e-01 2.605881690979003906e-01 -6.963621973991394043e-01 2.193644195795059204e-01 1.242768466472625732e-01 -4.997800663113594055e-02 4.452381283044815063e-02 -2.218046933412551880e-01 1.804621964693069458e-01 2.824715077877044678e-01 -4.068911820650100708e-02 -1.915210038423538208e-01 3.360655605792999268e-01 -3.214147388935089111e-01 2.047455608844757080e-01 2.239697724580764771e-01 1.351404190063476562e-01 2.548966705799102783e-01 -2.188507281243801117e-02 3.498357534408569336e-01 -2.422665655612945557e-01 5.042676925659179688e-01 -1.463351249694824219e-01 -3.909385800361633301e-01 -2.245578169822692871e-01 -9.980793595314025879e-01 -6.851825714111328125e-01 5.019872188568115234e-01 -7.159960269927978516e-02
4.517773687839508057e-01 5.083176121115684509e-02 4.369694590568542480e-01 -8.791710436344146729e-02 2.459622621536254883e-01 2.473755031824111938e-01 1.373115777969360352e-01 -8.902721107006072998e-02 -7.180219888687133789e-01 8.314386010169982910e-01 1.630276590585708618e-01 -9.733272790908813477e-01 -3.670035004615783691e-01 -2.709961533546447754e-01 -3.163824677467346191e-01 1.492319852113723755e-01 3.341245651245117188e-01 -2.755309641361236572e-01 4.804977774620056152e-01 -4.554187878966331482e-02 3.291022777557373047e-01 3.947295546531677246e-01 2.028651088476181030e-01 6.082227230072021484e-01 1.930282264947891235e-01 3.346787989139556885e-01 2.822170853614807129e-01 -3.271966576576232910e-01 3.965587019920349121e-01 -6.584102660417556763e-02 5.963489413261413574e-01 9.293624758720397949e-01 2.324122190475463867e-01 1.695258319377899170e-01 2.612098753452301025e-01 1.612014174461364746e-01 3.146761059761047363e-01 -8.023139238357543945e-01 1.682177782058715820e-01 3.025707006454467773e-01 -9.551921486854553223e-02 -4.451888427138328552e-02 -2.895287275314331055e-01 3.644507825374603271e-01 3.338033854961395264e-01 -1.346084773540496826e-01 -2.185189127922058105e-01 2.296412438154220581e-01 -5.328626632690429688e-01 2.810185253620147705e-01 2.985212206840515137e-01 -3.467119531705975533e-03 6.095608323812484741e-02 7.971475273370742798e-02 3.929854631423950195e-01 -2.110774368047714233e-01 4.220506250858306885e-01 -3.267162144184112549e-01 -4.570991694927215576e-01 -2.316719591617584229e-01 -9.363548755645751953e-01 -6.606408953666687012e-01 4.537572860717773438e-01 3.663471341133117676e-02
5.677235126495361328e-01 3.083523176610469818e-02 2.960874438285827637e-01 -3.719560205936431885e-01 8.510000258684158325e-02 4.047214388847351074e-01 9.272115677595138550e-02 -6.379483640193939209e-02 -7.535477876663208008e-01 7.827633023262023926e-01 1.193627808243036270e-02 -1.002083539962768555e+00 -4.051845669746398926e-01 -7.774432748556137085e-02 -3.198480606079101562e-01 -4.345002770423889160e-02 1.347758620977401733e-01 -2.985897660255432129e-01 4.293967485427856445e-01 -9.258622676134109497e-02 3.164029717445373535e-01 4.159865677356719971e-01 2.459057122468948364e-01 6.518961787223815918e-01 1.334276944398880005e-01 2.131210565567016602e-01 2.497937977313995361e-01 -1.869458258152008057e-01 2.325265705585479736e-01 -1.610131859779357910e-01 6.546561717987060547e-01 8.528899550437927246e-01 3.712650537490844727e-01 3.194543421268463135e-01 2.460228800773620605e-01 1.651495322585105896e-02 2.877119481563568115e-01 -7.555857896804809570e-01 7.681738119572401047e-03 2.630684971809387207e-01 -5.752138420939445496e-02 5.633078515529632568e-03 -1.603462994098663330e-01 2.504059374332427979e-01 2.425781637430191040e-01 -1.846784502267837524e-01 -3.773794174194335938e-01 3.408557772636413574e-01 -3.906593322753906250e-01 2.555910348892211914e-01 1.333235204219818115e-01 1.670683622360229492e-01 2.465266734361648560e-01 -3.144131042063236237e-03 2.596358060836791992e-01 -3.231507539749145508e-01 4.939407110214233398e-01 -3.120265007019042969e-01 -4.373867511749267578e-01 -2.776309251785278320e-01 -1.185711741447448730e+00 -5.774991512298583984e-01 2.857847809791564941e-01 5.948930606245994568e-02
-4.761775732040405273e-01 5.868154168128967285e-01 -2.376519739627838135e-01 1.944046914577484131e-01 8.183067291975021362e-02 -2.066520899534225464e-01 3.953865263611078262e-03 1.420947462320327759e-01 6.666815280914306641e-01 -1.055243849754333496e+00 5.197751149535179138e-02 7.091255784034729004e-01 9.884836524724960327e-02 2.698286771774291992e-01 1.652729809284210205e-01 -2.423334717750549316e-01 5.249372869729995728e-02 5.471101403236389160e-01 1.282944437116384506e-02 -1.786289662122726440e-01 -2.490380853414535522e-01 -4.523715376853942871e-01 2.072633244097232819e-02 -3.234654664993286133e-01 1.755869835615158081e-01 1.086541190743446350e-01 2.642509154975414276e-02 4.600095748901367188e-01 7.192398421466350555e-03 -2.781513631343841553e-01 -7.194030284881591797e-01 -7.277497649192810059e-01 2.036969214677810669e-01 3.258428350090980530e-02 -3.047941951081156731e-03 2.605126500129699707e-01 -4.403310418128967285e-01 5.133742690086364746e-01 1.382316201925277710e-01 -2.756493687629699707e-01 1.493518114089965820e+00 6.159557700157165527e-01 1.465726792812347412e-01 -7.459503412246704102e-02 -1.612931340932846069e-01 1.228688240051269531e+00 3.273655474185943604e-02 -2.960853278636932373e-01 5.158070325851440430e-01 -1.484369635581970215e-01 -4.716643691062927246e-02 2.861317992210388184e-01 -1.757998466491699219e-01 -3.812568634748458862e-02 -2.036093622446060181e-01 6.964215040206909180e-01 -1.731282174587249756e-01 6.924723982810974121e-01 2.818788588047027588e-01 3.918361663818359375e-01 -1.364035606384277344e-01 6.629448533058166504e-01 -5.401031970977783203e-01 -2.355999946594238281e-01
-2.314843535423278809e-01 8.166429400444030762e-01 -3.528368473052978516e-02 6.974175106734037399e-03 -1.447726637125015259e-01 -8.319147862493991852e-03 -2.131313830614089966e-02 2.103831619024276733e-01 3.796052038669586182e-01 -9.001333117485046387e-01 1.455636322498321533e-01 1.386080086231231689e-01 2.486717253923416138e-01 8.348791003227233887e-01 1.442658007144927979e-01 -3.031579554080963135e-01 1.412671804428100586e-01 5.818971619009971619e-02 -1.397333741188049316e-01 7.789648324251174927e-02 3.463502973318099976e-02 -2.122171819210052490e-01 6.685081124305725098e-02 -1.562877148389816284e-01 1.021739766001701355e-01 2.574013471603393555e-01 1.542415618896484375e-01 4.287090301513671875e-01 3.750481083989143372e-02 4.454579949378967285e-01 -4.078515172004699707e-01 -1.897938996553421021e-01 -2.477199304848909378e-03 -7.759428024291992188e-02 -5.433882400393486023e-02 -8.833456784486770630e-02 -2.663725018501281738e-01 2.726470828056335449e-01 2.658348679542541504e-01 -1.817946135997772217e-01 8.023056983947753906e-01 6.810138821601867676e-01 -3.855603933334350586e-02 -2.029915712773799896e-02 -4.394027963280677795e-02 -1.877008527517318726e-01 -2.393581420183181763e-01 3.591598197817802429e-02 2.746967077255249023e-01 -1.894140541553497314e-01 -2.143550962209701538e-01 -7.272145897150039673e-02 -1.533972322940826416e-01 1.684575080871582031e-01 9.749814122915267944e-02 1.239821910858154297e-01 -2.749098539352416992e-01 4.166790843009948730e-02 3.461068272590637207e-01 5.399115681648254395e-01 8.028656244277954102e-01 3.980653882026672363e-01 -5.018909573554992676e-01 -4.714119732379913330e-01
