6.025971770286560059e-01
1.356335580348968506e-01
5.983844399452209473e-01
5.108056664466857910e-01
-3.867003619670867920e-01
7.375244498252868652e-01
1.919713020324707031e-01
6.969079375267028809e-01
1.864060610532760620e-01
-1.172615066170692444e-01
7.046589851379394531e-01
6.612201929092407227e-01
6.267214417457580566e-01
1.198735833168029785e-01
-2.291462421417236328e-01
2.774285674095153809e-01
2.945470064878463745e-02
1.996580064296722412e-01
-4.974526464939117432e-01
7.045521140098571777e-01
4.605427086353302002e-01
6.270052790641784668e-01
-3.310706615447998047e-01
6.694689393043518066e-02
7.238940000534057617e-01
-2.995066344738006592e-01
6.660902500152587891e-01
6.610345840454101562e-01
6.305094361305236816e-01
6.463171243667602539e-01
-3.419924676418304443e-01
-2.303996086120605469e-01
