-2.044327557086944580e-02 -3.761966526508331299e-01 -4.600830078125000000e-01 2.691702544689178467e-02 5.347214937210083008e-01 -3.077972233295440674e-01 -6.027640029788017273e-02 -5.084943175315856934e-01
-8.339980244636535645e-01 6.852153688669204712e-03 -2.749258577823638916e-01 4.977790117263793945e-01 3.684913218021392822e-01 6.678816676139831543e-02 4.257563054561614990e-01 -3.460829332470893860e-02
1.611333489418029785e+00 3.949751555919647217e-01 4.820817708969116211e-01 2.667472958564758301e-01 4.951755702495574951e-01 2.232500165700912476e-01 3.614243865013122559e-01 -5.578217282891273499e-02
-1.068679571151733398e+00 -1.444223374128341675e-01 2.362556159496307373e-01 9.451419115066528320e-03 2.797655463218688965e-01 -3.001500070095062256e-01 -2.600598931312561035e-01 -4.207877814769744873e-02
-6.111948490142822266e-01 -2.278612107038497925e-01 -1.752992391586303711e+00 -5.259645581245422363e-01 -2.994680106639862061e-01 -2.200931161642074585e-01 1.148873344063758850e-01 -2.477884292602539062e-02
8.301844596862792969e-01 4.301075041294097900e-01 9.812604784965515137e-01 5.463656783103942871e-01 3.788074478507041931e-02 -8.565702289342880249e-02 2.355249673128128052e-01 4.944721236824989319e-02
-8.409657329320907593e-02 -8.537668734788894653e-02 3.562456071376800537e-01 1.632824689149856567e-01 3.864907324314117432e-01 3.834264874458312988e-01 8.990145921707153320e-01 -5.970256030559539795e-02
-5.154914259910583496e-01 4.780632555484771729e-01 -7.633871436119079590e-01 -1.297962665557861328e-01 -9.869921207427978516e-01 3.750488460063934326e-01 -3.615836501121520996e-01 1.845196187496185303e-01
-4.341212213039398193e-01 1.856785118579864502e-01 7.288078218698501587e-02 1.408855617046356201e-01 -9.912531077861785889e-02 3.325192034244537354e-01 -2.415833435952663422e-02 1.793577969074249268e-01
8.306075930595397949e-01 2.051938325166702271e-01 2.127264738082885742e-01 -2.778235673904418945e-01 2.062560468912124634e-01 3.204739391803741455e-01 -4.074959754943847656e-01 -5.660486221313476562e-01
-2.276521474123001099e-01 -1.081620082259178162e-01 -2.884540259838104248e-01 -3.064963221549987793e-01 -3.437823057174682617e-01 -4.642923772335052490e-01 3.596830070018768311e-01 3.380809724330902100e-01
-1.350863218307495117e+00 -2.500497996807098389e-01 -8.044258952140808105e-01 4.583081603050231934e-02 -1.584156304597854614e-01 -2.455321401357650757e-01 5.938571095466613770e-01 -4.189955070614814758e-03
-7.552516460418701172e-01 4.260592758655548096e-01 -1.889867186546325684e-01 2.388646751642227173e-01 -3.203448355197906494e-01 1.493998318910598755e-01 4.022127389907836914e-02 -4.378496110439300537e-02
-8.803064227104187012e-01 4.179838001728057861e-01 2.324825376272201538e-01 2.019883394241333008e-01 -2.548841536045074463e-01 2.144763767719268799e-01 2.103240340948104858e-01 -1.322163939476013184e-01
-5.337005853652954102e-01 -1.134817972779273987e-01 7.586093246936798096e-02 -1.628915369510650635e-01 1.487959474325180054e-01 -4.440155029296875000e-01 4.285887479782104492e-01 -3.004515543580055237e-02
2.068340629339218140e-01 -3.412391543388366699e-01 4.216687008738517761e-02 -4.852882027626037598e-01 4.186135232448577881e-01 -3.442982137203216553e-01 -6.720722466707229614e-02 2.368478775024414062e-01
-4.016882181167602539e-01 1.823479235172271729e-01 7.787268757820129395e-01 -3.803671896457672119e-01 1.555593013763427734e-01 3.009489364922046661e-02 6.289914846420288086e-01 -5.052141845226287842e-02
6.648352742195129395e-01 8.103640750050544739e-03 -6.820452958345413208e-02 -2.450313232839107513e-02 2.205523401498794556e-01 5.705701112747192383e-01 -7.187170982360839844e-01 -1.509105265140533447e-01
-7.961328327655792236e-02 7.214606553316116333e-02 1.038272306323051453e-01 2.253962680697441101e-02 4.909613728523254395e-01 -5.491610988974571228e-02 3.456963002681732178e-01 -6.302878260612487793e-01
-1.025550723075866699e+00 -9.889646619558334351e-02 -5.259161591529846191e-01 2.116620987653732300e-01 -4.461950063705444336e-01 -1.060717478394508362e-01 -1.535657346248626709e-01 8.247755467891693115e-02
-1.006012916564941406e+00 -4.830057173967361450e-02 -2.297617793083190918e-01 2.324619740247726440e-01 2.446891963481903076e-01 -1.625971198081970215e-01 -4.435528218746185303e-01 -1.022656038403511047e-01
1.474903374910354614e-01 3.701074421405792236e-01 6.558223813772201538e-02 -9.795993566513061523e-02 4.915395751595497131e-02 2.056647688150405884e-01 -4.885968565940856934e-02 1.548005044460296631e-01
-7.029086351394653320e-01 6.632041335105895996e-01 1.401088982820510864e-01 1.622205823659896851e-01 -5.978954434394836426e-01 7.834933400154113770e-01 -3.276060819625854492e-01 -7.236984372138977051e-01
-8.690959215164184570e-01 -3.794838488101959229e-01 -2.581897675991058350e-01 1.635344773530960083e-01 -7.328307628631591797e-01 5.402087569236755371e-01 6.122379377484321594e-02 4.532044753432273865e-02
1.731816232204437256e-01 -3.176349103450775146e-01 -2.569161355495452881e-01 -7.022638320922851562e-01 1.172124817967414856e-01 3.182199895381927490e-01 1.420302242040634155e-01 1.259735040366649628e-02
-1.373519539833068848e+00 -2.554494142532348633e-02 -6.935735940933227539e-01 2.127966433763504028e-01 -4.554998576641082764e-01 -3.397435545921325684e-01 -5.375180840492248535e-01 1.054313853383064270e-01
-1.320106148719787598e+00 1.518096923828125000e-01 -7.760432362556457520e-01 9.072895348072052002e-02 -4.121982455253601074e-01 -1.243536919355392456e-01 -1.360664516687393188e-01 1.214527413249015808e-01
3.764075413346290588e-02 2.513023018836975098e-01 -1.668979287147521973e+00 2.234993278980255127e-01 2.522146999835968018e-01 5.505941510200500488e-01 -5.954812765121459961e-01 -8.112645149230957031e-02
2.810108959674835205e-01 -6.963313817977905273e-01 -1.863317936658859253e-02 -6.280071735382080078e-01 -1.162991747260093689e-01 3.364881277084350586e-01 -1.058765500783920288e-02 1.127266697585582733e-02
7.004408240318298340e-01 4.082228839397430420e-01 -6.440457701683044434e-01 4.008823335170745850e-01 2.209028303623199463e-01 5.190577507019042969e-01 -6.847169399261474609e-01 3.829314187169075012e-02
7.679592967033386230e-01 4.230714142322540283e-01 9.441115856170654297e-01 2.857353091239929199e-01 8.196067065000534058e-03 -3.137398362159729004e-01 2.212134301662445068e-01 -1.202614232897758484e-02
-5.838276743888854980e-01 1.555754523724317551e-02 2.429649680852890015e-01 1.916324645280838013e-01 3.321857452392578125e-01 -3.843265175819396973e-01 1.948164030909538269e-02 -1.579753309488296509e-02
-2.727568447589874268e-01 1.986769586801528931e-01 -1.273069381713867188e-01 -1.787319779396057129e-01 -2.818950824439525604e-02 -3.285735845565795898e-02 1.147886291146278381e-01 -9.800535440444946289e-01
6.239327192306518555e-01 -9.131706953048706055e-01 4.610049128532409668e-01 -8.599956631660461426e-01 3.729666769504547119e-01 -2.162882238626480103e-01 -6.028132885694503784e-02 1.205593720078468323e-01
4.233904480934143066e-01 -4.739603400230407715e-01 5.038082003593444824e-01 -5.612707138061523438e-01 4.871315658092498779e-01 -4.526155591011047363e-01 -4.196900129318237305e-02 7.477132137864828110e-03
1.932648569345474243e-01 4.382166564464569092e-01 4.227705001831054688e-01 3.257587552070617676e-01 2.786988317966461182e-01 -2.923021316528320312e-01 -3.007134050130844116e-02 3.989776223897933960e-02
-1.016908884048461914e+00 3.715570271015167236e-01 -8.224713802337646484e-01 6.176241114735603333e-02 -1.236127614974975586e-01 -5.908817052841186523e-02 -1.694597005844116211e-01 -6.308614462614059448e-02
7.452569603919982910e-01 4.667320251464843750e-01 3.243082761764526367e-02 3.370579481124877930e-01 2.492332756519317627e-01 4.020419418811798096e-01 -3.029624223709106445e-01 -1.131626814603805542e-01
2.058290839195251465e-01 -7.424473762512207031e-01 1.029655337333679199e-02 -4.311840534210205078e-01 -2.080725133419036865e-01 3.281180262565612793e-01 -9.527157992124557495e-02 -3.832772374153137207e-02
-1.874689310789108276e-01 3.000742197036743164e-01 5.970259904861450195e-01 5.595713853836059570e-01 4.011215567588806152e-01 5.203621983528137207e-01 2.929880321025848389e-01 1.838584542274475098e-01
-1.174390196800231934e+00 4.482885003089904785e-01 -1.091891169548034668e+00 2.062226384878158569e-01 -1.232755109667778015e-01 5.831909924745559692e-02 -1.354387849569320679e-01 1.354991551488637924e-02
-1.227696895599365234e+00 -6.167840361595153809e-01 4.447970092296600342e-01 -6.136261224746704102e-01 4.189701750874519348e-02 -3.273013830184936523e-01 -1.287325173616409302e-01 1.399293690919876099e-01
-1.338299274444580078e+00 2.822503745555877686e-01 -4.331079721450805664e-01 3.470377027988433838e-01 -3.344344496726989746e-01 4.008561745285987854e-02 -9.228370152413845062e-03 4.009794443845748901e-03
-5.578105896711349487e-02 4.779900908470153809e-01 -3.361890912055969238e-01 2.867320179939270020e-01 3.708468079566955566e-01 5.984842777252197266e-01 -1.769960485398769379e-02 -3.535145819187164307e-01
4.691299796104431152e-01 2.016972303390502930e-01 3.929062485694885254e-01 7.521837949752807617e-01 2.148638963699340820e-01 5.627346038818359375e-01 -6.146746128797531128e-02 -2.793420255184173584e-01
4.299687743186950684e-01 -9.758097678422927856e-02 -1.516900360584259033e-01 -4.543882012367248535e-01 1.079172939062118530e-01 6.821172237396240234e-01 -3.136397898197174072e-01 5.254757404327392578e-02
-8.108714818954467773e-01 3.935453891754150391e-01 3.965142965316772461e-01 1.973974108695983887e-01 -1.069130301475524902e-01 -1.993739744648337364e-03 3.320955634117126465e-01 1.534710824489593506e-01
9.898094832897186279e-02 6.943571567535400391e-02 4.337912201881408691e-01 -3.897003829479217529e-01 -1.029420256614685059e+00 9.167168289422988892e-02 -2.096314728260040283e-01 -1.472789980471134186e-02
-1.187321782112121582e+00 -2.429632097482681274e-01 -2.325397133827209473e-01 -2.125599831342697144e-01 2.164919376373291016e-01 2.603607252240180969e-02 -2.923693656921386719e-01 1.114841103553771973e-01
-1.159759640693664551e+00 3.906065523624420166e-01 -6.250600218772888184e-01 -1.555328965187072754e-01 -4.337280094623565674e-01 -2.806616425514221191e-01 -1.855637431144714355e-01 -5.834341421723365784e-02
-1.274609208106994629e+00 4.225410223007202148e-01 -6.489685773849487305e-01 1.416272073984146118e-01 -4.160850644111633301e-01 -4.160805046558380127e-02 -1.299934685230255127e-01 1.680076122283935547e-02
6.109011173248291016e-01 -5.238880217075347900e-02 -9.640057682991027832e-01 -2.433364838361740112e-01 4.795355200767517090e-01 5.788621306419372559e-01 -1.806546002626419067e-01 4.147032797336578369e-01
4.115768969058990479e-01 1.341973245143890381e-01 4.744208976626396179e-02 1.514769196510314941e-01 1.010928303003311157e-01 -1.823895722627639771e-01 -1.285130083560943604e-01 -8.613617420196533203e-01
-7.931897044181823730e-01 -1.470950618386268616e-02 1.176967620849609375e+00 -1.924595385789871216e-01 8.464283943176269531e-01 -2.660686373710632324e-01 8.353891968727111816e-02 3.962247073650360107e-02
3.351349532604217529e-01 3.687920868396759033e-01 2.671982944011688232e-01 4.377883374691009521e-01 7.028488069772720337e-02 -2.675244957208633423e-02 -8.336606621742248535e-02 -2.083851695060729980e-01
-4.175826534628868103e-02 -2.307405620813369751e-01 1.541418433189392090e-01 -6.772027015686035156e-01 -4.797120764851570129e-02 6.492689996957778931e-02 -1.451820880174636841e-01 5.001041293144226074e-01
1.055165052413940430e+00 6.763192415237426758e-01 -8.506403565406799316e-01 6.836177706718444824e-01 -9.269177913665771484e-01 -9.188902378082275391e-02 -9.816377162933349609e-01 1.438229084014892578e-01
8.191142082214355469e-01 1.308431327342987061e-01 5.622957944869995117e-01 2.698611021041870117e-01 2.506758272647857666e-01 -1.274556852877140045e-02 -1.182905212044715881e-01 3.350768610835075378e-02
-1.251833200454711914e+00 3.228672444820404053e-01 -2.051222622394561768e-01 1.544177681207656860e-01 -1.967731267213821411e-01 5.899666547775268555e-01 -7.498131133615970612e-03 -3.242294071242213249e-03
-1.584599912166595459e-01 1.207895651459693909e-01 -1.889698058366775513e-01 -1.395710855722427368e-01 2.281735688447952271e-01 -2.348982915282249451e-02 7.798470556735992432e-02 -1.797685772180557251e-02
6.260662674903869629e-01 -6.347819566726684570e-01 4.829637110233306885e-01 -7.177798151969909668e-01 1.368716210126876831e-01 -3.004207909107208252e-01 3.002467155456542969e-01 -4.023556597530841827e-03
-5.922693014144897461e-01 -5.281885862350463867e-01 -8.551517724990844727e-01 -1.256003528833389282e-01 -5.334519743919372559e-01 -5.150677561759948730e-01 2.427036166191101074e-01 -1.217548623681068420e-01
-9.047439694404602051e-01 -2.388471662998199463e-01 1.014871120452880859e+00 1.055792421102523804e-01 2.339791804552078247e-01 3.563609719276428223e-01 3.608082830905914307e-01 -4.829058423638343811e-02
-2.615080177783966064e-01 2.751805074512958527e-02 2.649052441120147705e-01 7.890193909406661987e-02 3.237669467926025391e-01 2.909502387046813965e-02 -2.409485280513763428e-01 -1.082423608750104904e-02
