-2.778150439262390137e-01
-5.686823725700378418e-01
-2.490361481904983521e-01
-3.314339816570281982e-01
3.051075637340545654e-01
-6.443884372711181641e-01
-1.127415418624877930e+00
-8.122342824935913086e-02
-1.020281836390495300e-01
-2.528614103794097900e-01
7.277938723564147949e-01
-3.305589854717254639e-01
-2.812504470348358154e-01
-1.159188225865364075e-01
-3.324811458587646484e-01
-5.696998238563537598e-01
-1.767112016677856445e-01
2.615999877452850342e-01
-9.402145147323608398e-01
5.067976713180541992e-01
-4.864892065525054932e-01
-3.235489428043365479e-01
-2.364489585161209106e-01
2.119925022125244141e-01
3.589804098010063171e-02
-3.720817565917968750e-01
5.563939213752746582e-01
1.236483175307512283e-02
1.518683135509490967e-01
-2.951008677482604980e-01
-3.800429701805114746e-01
-8.886773586273193359e-01
-4.537235498428344727e-01
2.257941067218780518e-01
-4.628907442092895508e-01
-2.533377707004547119e-01
-1.144303753972053528e-01
-6.678754836320877075e-02
1.837587356567382812e-01
-3.763599693775177002e-01
2.086191624402999878e-01
-2.021756619215011597e-01
-3.915767967700958252e-01
-3.176044523715972900e-01
-5.600879192352294922e-01
5.173172950744628906e-01
-1.641768962144851685e-01
-5.551730096340179443e-02
6.131530925631523132e-02
-1.231177747249603271e-01
1.717996001243591309e-01
-1.060412079095840454e-01
-6.677303314208984375e-01
7.051935046911239624e-02
-8.453004360198974609e-01
-6.615486741065979004e-01
-3.305620849132537842e-01
-3.661557137966156006e-01
2.718178927898406982e-02
-3.388004601001739502e-01
1.091088578104972839e-01
8.421765267848968506e-02
2.371564060449600220e-01
-1.186416625976562500e+00
