2.653155028820037842e-01 1.277096122503280640e-01 -4.813222289085388184e-01 -2.773341722786426544e-02 -5.724536627531051636e-02 -9.864071607589721680e-01 4.775241315364837646e-01 3.899797797203063965e-01 4.052917659282684326e-02 1.210124969482421875e+00 5.211565494537353516e-01 2.690587937831878662e-01 -1.297710835933685303e-01 2.008379250764846802e-01 -8.956678211688995361e-02 -3.727821633219718933e-02 -2.662182748317718506e-01 6.846480965614318848e-01 3.814994394779205322e-01 4.271698892116546631e-01 3.177577555179595947e-01 -1.677187830209732056e-01 3.972249925136566162e-01 3.135801553726196289e-01 1.087214723229408264e-01 -8.299260586500167847e-02 1.151259392499923706e-01 1.147996187210083008e+00 4.464027881622314453e-01 3.528334796428680420e-01 -4.098309278488159180e-01 1.040093526244163513e-01 -3.313051164150238037e-01 2.204113155603408813e-01 1.452072262763977051e-01 3.417518734931945801e-02 -1.392793562263250351e-02 4.329366385936737061e-01 3.594216108322143555e-01 -1.454722881317138672e-01 3.021489679813385010e-01 -2.315319627523422241e-01 1.115314289927482605e-01 4.672963917255401611e-01 1.614305227994918823e-01 3.965067267417907715e-01 -2.769033908843994141e-01 8.800892829895019531e-01 1.823525503277778625e-02 -8.046439290046691895e-02 -1.432296782732009888e-01 1.158827543258666992e+00 3.978083133697509766e-01 3.612191230058670044e-02 -2.839219272136688232e-01 -1.612939834594726562e-01 2.911345362663269043e-01 2.288928627967834473e-02 2.223175317049026489e-01 -6.531648337841033936e-02 8.927868306636810303e-02 1.785287410020828247e-01 -1.306729912757873535e-01 -3.820843994617462158e-01
5.285000801086425781e-01 7.432397603988647461e-01 -2.370997369289398193e-01 -3.821267187595367432e-01 5.251579284667968750e-01 -1.027868762612342834e-01 -6.268804669380187988e-01 2.730421423912048340e-01 7.967209815979003906e-02 -5.857465267181396484e-01 -4.703861773014068604e-01 -2.321938753128051758e+00 3.824904263019561768e-01 1.381344199180603027e-01 6.923460960388183594e-01 -1.100438311696052551e-01 2.379677817225456238e-02 6.774255633354187012e-02 5.298484563827514648e-01 -3.671138286590576172e-01 -2.386270165443420410e-01 -3.140695393085479736e-02 -1.598030030727386475e-01 5.215684697031974792e-02 8.663219213485717773e-02 -2.818119227886199951e-01 -5.745860934257507324e-01 8.804278373718261719e-01 2.211711853742599487e-01 4.903886020183563232e-01 3.073282912373542786e-02 1.012222319841384888e-01 2.253909707069396973e-01 1.893245726823806763e-01 -8.409758210182189941e-01 1.336603462696075439e-01 2.373555451631546021e-01 2.354802638292312622e-01 -4.972160793840885162e-03 -3.745193034410476685e-02 4.926711916923522949e-01 -8.832717537879943848e-01 5.764793753623962402e-01 1.861704885959625244e-01 3.014137037098407745e-02 1.062863394618034363e-01 2.342120558023452759e-01 3.156800866127014160e-01 -7.284641861915588379e-01 -4.273547604680061340e-02 -5.968508124351501465e-02 1.053092777729034424e-01 7.559765577316284180e-01 3.081628978252410889e-01 5.165144801139831543e-01 -7.746236771345138550e-02 -3.906956017017364502e-01 2.398998141288757324e-01 -3.652199208736419678e-01 5.893654227256774902e-01 4.469553530216217041e-01 -1.492979884147644043e+00 -4.143982827663421631e-01 -1.184965968132019043e+00
1.790315508842468262e-01 6.117130517959594727e-01 -4.823748767375946045e-01 -1.843973696231842041e-01 6.122606992721557617e-01 -4.396039545536041260e-01 -6.288929581642150879e-01 1.902554184198379517e-01 9.750126302242279053e-02 -4.438127279281616211e-01 3.864096999168395996e-01 7.871574163436889648e-01 -1.989977061748504639e-01 3.402449190616607666e-01 1.820642650127410889e-01 -5.177776813507080078e-01 -3.798281848430633545e-01 1.946763992309570312e-01 1.062726378440856934e-01 5.561009645462036133e-01 2.659897804260253906e-01 -1.914315670728683472e-01 -3.098272159695625305e-02 1.835595369338989258e+00 8.764967322349548340e-01 7.453091740608215332e-01 8.676341772079467773e-01 -1.622282564640045166e-01 5.065748691558837891e-01 -2.450396716594696045e-01 -2.336839959025382996e-02 1.776778399944305420e-01 1.948141008615493774e-01 -2.415044307708740234e+00 -1.929271459579467773e+00 2.241626381874084473e-01 2.332056164741516113e-01 -7.210648059844970703e-02 4.941483736038208008e-01 -3.301167488098144531e-02 1.680863052606582642e-01 -1.672416329383850098e+00 4.068052768707275391e-01 -4.203873872756958008e-01 -7.742623686790466309e-01 3.427628278732299805e-01 3.562984168529510498e-01 3.160234913229942322e-02 -1.785517781972885132e-01 2.718477249145507812e-01 6.806573271751403809e-01 -3.336127400398254395e-01 1.263989210128784180e-01 8.564062714576721191e-01 1.898272335529327393e-01 -5.900839460082352161e-04 -4.367377460002899170e-01 -1.323811560869216919e-01 1.163566261529922485e-01 1.120585799217224121e-01 3.576416149735450745e-02 3.718227744102478027e-01 -8.260843753814697266e-01 -1.112139105796813965e+00
-3.500561714172363281e-01 -2.182282507419586182e-02 1.915914267301559448e-01 -1.315254569053649902e-01 -3.024377301335334778e-02 -2.339975684881210327e-01 5.996145606040954590e-01 -6.193005293607711792e-02 -3.449265062808990479e-01 8.057546615600585938e-01 2.887606322765350342e-01 3.709320724010467529e-01 -4.017660021781921387e-01 2.084298990666866302e-02 2.326608300209045410e-01 -4.206513464450836182e-01 -9.624681472778320312e-01 4.349066019058227539e-01 -1.278569251298904419e-01 3.366190791130065918e-01 3.523854315280914307e-01 -1.903432607650756836e-01 -6.521889567375183105e-01 -3.037707507610321045e-01 2.439419925212860107e-01 7.541987299919128418e-01 4.793466329574584961e-01 7.171782255172729492e-01 2.451499924063682556e-02 2.972737550735473633e-01 -6.096585467457771301e-02 4.102966189384460449e-01 -9.161002039909362793e-01 -1.074185132980346680e+00 -1.016795516014099121e+00 2.214286327362060547e-01 -1.093522533774375916e-01 8.561651222407817841e-03 7.905662059783935547e-02 -2.455681264400482178e-01 6.157902628183364868e-02 -8.398803472518920898e-01 -3.658250346779823303e-02 -5.770319700241088867e-02 -5.980052947998046875e-01 8.982613682746887207e-01 2.607164084911346436e-01 -4.111757874488830566e-01 -1.506588142365217209e-02 2.418645173311233521e-01 2.195868641138076782e-01 4.835418462753295898e-01 3.109276592731475830e-01 7.358937859535217285e-01 1.660128384828567505e-01 4.783384036272764206e-03 -3.294394314289093018e-01 1.938754320144653320e-02 -5.380585789680480957e-01 -2.342247962951660156e-01 -8.384624123573303223e-01 -1.454609036445617676e-01 -1.130216717720031738e+00 -7.513049840927124023e-01
7.991968095302581787e-02 3.500787317752838135e-01 4.409587681293487549e-01 5.123568773269653320e-01 -2.510761618614196777e-01 5.923260450363159180e-01 3.733603954315185547e-01 -3.544272184371948242e-01 1.219117268919944763e-01 -3.111029267311096191e-01 3.690969049930572510e-01 -3.485314920544624329e-02 -2.174208406358957291e-03 1.961388736963272095e-01 8.323149383068084717e-02 6.135985627770423889e-02 2.445976138114929199e-01 1.770201325416564941e-01 2.357933670282363892e-01 4.821910858154296875e-01 4.418670237064361572e-01 -3.071402572095394135e-02 -2.984892344102263451e-03 2.678967118263244629e-01 -2.304118275642395020e-01 3.836497366428375244e-01 5.047055482864379883e-01 -1.029305934906005859e+00 -4.118925333023071289e-01 -9.549849033355712891e-01 5.115923285484313965e-01 3.473683595657348633e-01 2.964038215577602386e-02 -9.375894665718078613e-01 -1.162333711981773376e-01 2.499995976686477661e-01 -3.380416333675384521e-01 5.073761194944381714e-02 -3.212248980998992920e-01 2.186531126499176025e-01 -3.793555200099945068e-01 1.067430824041366577e-01 -5.210941284894943237e-02 9.481319785118103027e-02 1.247651502490043640e-02 -1.872100085020065308e-01 2.322410941123962402e-01 -2.974988222122192383e-01 2.617032229900360107e-01 -1.152753457427024841e-01 3.420226871967315674e-01 1.507755219936370850e-01 2.556210458278656006e-01 9.886375069618225098e-02 5.011152029037475586e-01 -2.115002870559692383e-01 2.234637886285781860e-01 9.408438950777053833e-02 3.594889640808105469e-01 -7.071076333522796631e-02 -2.120023071765899658e-01 -1.172255054116249084e-01 4.272652268409729004e-01 1.422506928443908691e+00
1.048638112843036652e-02 -5.286006927490234375e-01 5.520893260836601257e-02 -1.415444612503051758e-01 1.905076354742050171e-01 -1.736362129449844360e-01 1.300534367561340332e+00 -3.060247302055358887e-01 -2.337736636400222778e-01 1.385426372289657593e-01 2.048410028219223022e-01 6.834504604339599609e-01 -3.475514948368072510e-01 -2.262370288372039795e-01 -9.979832917451858521e-02 1.131835058331489563e-01 -2.012229859828948975e-01 4.962372183799743652e-01 -1.277824759483337402e+00 -8.764518797397613525e-02 1.399549096822738647e-01 3.077023327350616455e-01 -1.518519520759582520e+00 -2.120105266571044922e+00 8.222924172878265381e-02 1.529072672128677368e-01 8.629030734300613403e-02 1.051766514778137207e+00 2.716925442218780518e-01 8.964329957962036133e-01 -3.934144973754882812e-02 3.364697694778442383e-01 -2.001259028911590576e-01 8.131241798400878906e-01 7.441319227218627930e-01 -1.697577536106109619e-01 1.390722543001174927e-01 1.027521342039108276e-01 1.923633515834808350e-01 2.377575337886810303e-01 2.969304323196411133e-01 -3.996838629245758057e-01 9.184611588716506958e-02 1.126682758331298828e-01 2.844104170799255371e-01 4.946350455284118652e-01 -2.657343819737434387e-02 -5.000778436660766602e-01 -1.128931641578674316e-01 2.685768604278564453e-01 5.722624715417623520e-03 7.695039510726928711e-01 4.712055325508117676e-01 5.621680617332458496e-01 1.285122148692607880e-02 -4.732986092567443848e-01 -8.778962492942810059e-02 7.167405635118484497e-02 -1.408480644226074219e+00 -2.018360048532485962e-01 -2.411067336797714233e-01 1.534957997500896454e-02 -6.643158793449401855e-01 1.982863426208496094e+00
5.765292048454284668e-01 6.175397038459777832e-01 -1.649049758911132812e+00 -1.217704296112060547e+00 -9.438219666481018066e-01 -4.872292876243591309e-01 1.293933019042015076e-02 -3.088917732238769531e-01 -1.789437420666217804e-02 -7.604208774864673615e-03 1.010541543364524841e-01 1.082889556884765625e+00 -4.840784892439842224e-02 3.439162373542785645e-01 5.193795561790466309e-01 -1.559231281280517578e-01 -2.895174324512481689e-01 1.886903345584869385e-01 3.218660056591033936e-01 3.716801106929779053e-02 -7.628520727157592773e-01 -5.154704209417104721e-03 -6.587477326393127441e-01 -3.230201005935668945e-01 5.779834836721420288e-02 7.721970677375793457e-01 5.990900099277496338e-02 4.236158728599548340e-01 2.488785088062286377e-01 -8.763399720191955566e-02 -1.866188198328018188e-01 -7.392695546150207520e-01 -5.723053961992263794e-02 6.042931079864501953e-01 1.256568580865859985e-01 7.692514918744564056e-03 -4.451404139399528503e-02 -1.925811320543289185e-01 1.329622268676757812e-01 -1.790160895325243473e-03 2.292114645242691040e-01 -3.549923598766326904e-01 4.795026481151580811e-01 -1.237163066864013672e+00 -2.942098379135131836e-01 -8.013623207807540894e-02 3.800532519817352295e-01 2.018999159336090088e-01 -6.064583063125610352e-01 5.647731199860572815e-02 5.216574668884277344e-02 -2.130500972270965576e-01 -1.766379922628402710e-01 9.981721639633178711e-01 4.837957769632339478e-02 -2.684425115585327148e-01 -1.150733470916748047e+00 -4.004297852516174316e-01 -1.147933483123779297e+00 2.466629892587661743e-01 2.614443302154541016e-01 -2.608225345611572266e-01 -1.209623217582702637e+00 -1.539807558059692383e+00
2.485932968556880951e-02 5.064432024955749512e-01 4.175303578376770020e-01 5.555620193481445312e-01 -1.633778512477874756e-01 6.082700490951538086e-01 5.290179252624511719e-01 -4.143462479114532471e-01 4.182286094874143600e-03 -3.005027770996093750e-01 5.100994706153869629e-01 -1.235879212617874146e-01 -1.706981360912322998e-01 2.253298312425613403e-01 7.908476144075393677e-02 -1.395025551319122314e-01 2.081295102834701538e-01 1.908197067677974701e-02 2.375272512435913086e-01 3.083828389644622803e-01 4.722558557987213135e-01 5.723574757575988770e-02 2.027458846569061279e-01 8.950310945510864258e-02 -2.399198710918426514e-01 3.027430176734924316e-01 6.616238355636596680e-01 -1.091781616210937500e+00 -3.510353565216064453e-01 -9.043474793434143066e-01 4.127294123172760010e-01 4.153040945529937744e-01 -1.105413809418678284e-01 -9.237118959426879883e-01 -7.553908508270978928e-03 2.449765503406524658e-01 -2.956677377223968506e-01 1.554703712463378906e-01 -1.984462141990661621e-01 2.747970223426818848e-01 -3.472768664360046387e-01 1.926226168870925903e-01 -2.730205655097961426e-01 -4.253534227609634399e-02 6.252577900886535645e-02 -2.672990784049034119e-02 3.447158038616180420e-01 -4.191419184207916260e-01 1.999888271093368530e-01 -1.235830038785934448e-01 3.775171041488647461e-01 2.383715361356735229e-01 1.925233155488967896e-01 5.909609422087669373e-02 6.353277564048767090e-01 -2.569201290607452393e-01 3.780473768711090088e-01 2.540343999862670898e-01 3.503327667713165283e-01 -7.954466342926025391e-02 -4.192404747009277344e-01 -5.978696793317794800e-02 2.574807107448577881e-01 1.532983779907226562e+00
6.518212556838989258e-01 8.435651659965515137e-02 -1.306075304746627808e-01 -1.172459945082664490e-01 6.302060186862945557e-02 -4.980483651161193848e-01 1.342687487602233887e+00 -6.484201550483703613e-01 -6.407853364944458008e-01 -1.217932581901550293e+00 2.997972965240478516e-01 1.210535526275634766e+00 7.233534753322601318e-02 -2.711705118417739868e-02 2.660008370876312256e-01 5.618473887443542480e-01 -7.164148688316345215e-01 4.367395862936973572e-02 2.910307645797729492e-01 3.586170375347137451e-01 1.005415618419647217e-01 -9.411042332649230957e-01 -4.679957032203674316e-01 -7.773092985153198242e-01 2.986378371715545654e-01 5.499218106269836426e-01 4.250359833240509033e-01 1.322403073310852051e+00 2.126412689685821533e-01 5.392792820930480957e-01 -1.563929468393325806e-01 5.576935410499572754e-01 -3.552106022834777832e-02 6.888681054115295410e-01 7.866443395614624023e-01 1.258562132716178894e-02 2.616993486881256104e-01 -4.772787988185882568e-01 1.455134153366088867e-01 -1.873405814170837402e+00 1.887267529964447021e-01 -4.064353108406066895e-01 2.719604671001434326e-01 -3.740983828902244568e-02 -1.511738657951354980e+00 8.414991945028305054e-02 -1.379957199096679688e-01 -3.149526715278625488e-01 -2.537869513034820557e-01 1.823516935110092163e-01 1.684873700141906738e-01 5.086707472801208496e-01 2.884695529937744141e-01 3.138993382453918457e-01 -1.530791968107223511e-01 4.987821877002716064e-01 1.445367932319641113e-01 -3.139783143997192383e-01 -9.561148285865783691e-01 4.796087369322776794e-02 7.756417244672775269e-02 1.320519000291824341e-01 -8.657556176185607910e-01 1.048110842704772949e+00
-3.041875176131725311e-02 5.148506760597229004e-01 3.138963580131530762e-01 4.737177193164825439e-01 -2.628417611122131348e-01 4.204281270503997803e-01 4.684630632400512695e-01 -1.826721429824829102e-01 7.056155055761337280e-02 -4.274499416351318359e-01 2.799209952354431152e-01 -2.987591736018657684e-02 -1.383536607027053833e-01 2.179046124219894409e-01 6.117988377809524536e-02 -2.169652655720710754e-02 1.864964067935943604e-01 2.120844572782516479e-01 1.905664205551147461e-01 4.906430840492248535e-01 3.557289838790893555e-01 1.056160703301429749e-01 1.787524111568927765e-02 1.785673201084136963e-02 -1.650073081254959106e-01 3.064874112606048584e-01 4.770725965499877930e-01 -1.026040554046630859e+00 -4.463253319263458252e-01 -8.857979774475097656e-01 5.193842649459838867e-01 2.584985494613647461e-01 -1.578196138143539429e-01 -7.933188676834106445e-01 -1.957274526357650757e-01 1.998728662729263306e-01 -1.714287996292114258e-01 5.580606684088706970e-02 -2.202289104461669922e-01 2.306751012802124023e-01 -2.825728654861450195e-01 3.303192853927612305e-01 -1.627680659294128418e-01 -3.176478296518325806e-02 -7.001549750566482544e-02 -6.165495887398719788e-02 2.739461362361907959e-01 -3.260214924812316895e-01 1.657315492630004883e-01 -1.450573056936264038e-01 2.216172814369201660e-01 1.574272364377975464e-01 2.453929334878921509e-01 1.929598748683929443e-01 7.047920823097229004e-01 -2.038527727127075195e-01 2.429361641407012939e-01 8.204814046621322632e-02 2.745441198348999023e-01 3.226838633418083191e-02 -4.661276638507843018e-01 -4.720708727836608887e-02 2.341563105583190918e-01 1.502634286880493164e+00
2.536460757255554199e-01 5.023494362831115723e-01 -4.687841832637786865e-01 -1.564697027206420898e-01 5.369387865066528320e-01 -2.577351629734039307e-01 -4.996753931045532227e-01 1.250204294919967651e-01 1.042689755558967590e-01 -7.329002618789672852e-01 2.497163563966751099e-01 7.516450881958007812e-01 9.020492434501647949e-02 3.658287823200225830e-01 3.798168003559112549e-01 -8.384230732917785645e-01 -6.501408815383911133e-01 9.343448281288146973e-02 -8.086221665143966675e-02 4.920589923858642578e-01 1.836692988872528076e-01 -1.595160514116287231e-01 3.115034103393554688e-01 2.138816356658935547e+00 3.871009945869445801e-01 6.503291726112365723e-01 7.616600990295410156e-01 -3.685758709907531738e-01 7.471789121627807617e-01 -5.433533191680908203e-01 -5.800369009375572205e-02 2.776512801647186279e-01 2.257284522056579590e-01 -2.030513048171997070e+00 -1.851754188537597656e+00 2.612447142601013184e-01 2.093127965927124023e-01 -1.235590130090713501e-01 4.228310286998748779e-01 -2.304365634918212891e-01 1.058256253600120544e-01 -1.623645901679992676e+00 3.634740412235260010e-01 -3.794470429420471191e-01 -8.685853481292724609e-01 -2.575389109551906586e-02 4.390268325805664062e-01 3.198077678680419922e-01 -2.819747328758239746e-01 2.311535030603408813e-01 5.560265779495239258e-01 -5.952135324478149414e-01 1.323498487472534180e-01 7.974651455879211426e-01 1.832168549299240112e-02 1.976082772016525269e-01 -4.592271149158477783e-01 4.150991514325141907e-02 2.313858568668365479e-01 9.756309539079666138e-02 2.049704454839229584e-02 1.659447997808456421e-01 -6.449716091156005859e-01 -1.168552517890930176e+00
3.195632994174957275e-02 5.512980818748474121e-01 4.897457361221313477e-01 3.250407576560974121e-01 -2.982835471630096436e-01 5.097982883453369141e-01 4.240274429321289062e-01 -4.512940049171447754e-01 4.548927769064903259e-02 -2.910000681877136230e-01 4.587419331073760986e-01 -6.482473760843276978e-02 -2.184913009405136108e-01 3.365123867988586426e-01 1.608922928571701050e-01 -1.157035008072853088e-01 8.429519832134246826e-02 1.668353974819183350e-01 2.316731959581375122e-01 3.879021406173706055e-01 4.380311369895935059e-01 -4.887685924768447876e-02 1.559098362922668457e-01 1.962760388851165771e-01 -1.907795369625091553e-01 4.354175031185150146e-01 5.635613203048706055e-01 -1.107792854309082031e+00 -4.180160164833068848e-01 -9.654812216758728027e-01 4.608829319477081299e-01 3.248406648635864258e-01 -5.962283164262771606e-02 -9.279739856719970703e-01 -1.947779580950737000e-02 2.180646955966949463e-01 -2.176790684461593628e-01 1.403758227825164795e-01 -2.093439102172851562e-01 1.690622568130493164e-01 -3.678521811962127686e-01 3.001331090927124023e-01 -2.736122608184814453e-01 1.153801530599594116e-01 -3.710127621889114380e-02 -4.191730986349284649e-04 1.626165509223937988e-01 -4.882900118827819824e-01 3.449135124683380127e-01 -1.032401621341705322e-01 4.219506680965423584e-01 2.353331260383129120e-02 4.361676275730133057e-01 1.053374931216239929e-01 6.188870668411254883e-01 -9.992079809308052063e-03 2.611047029495239258e-01 1.704751849174499512e-01 4.864806532859802246e-01 6.507150083780288696e-02 -3.465751409530639648e-01 -1.316347271203994751e-01 3.522174954414367676e-01 1.484732031822204590e+00
4.878055769950151443e-04 6.994228363037109375e-01 3.702527657151222229e-02 -2.196211665868759155e-01 3.582355380058288574e-01 -1.322906762361526489e-01 3.369627296924591064e-01 1.934726387262344360e-01 1.276561617851257324e-01 -3.413115739822387695e-01 1.704721897840499878e-01 6.377391815185546875e-01 1.591205745935440063e-01 5.253330469131469727e-01 -7.966414839029312134e-02 -8.885417580604553223e-01 -4.304566085338592529e-01 -1.200610492378473282e-02 3.706927001476287842e-01 6.687552928924560547e-01 1.514883339405059814e-01 4.028341919183731079e-02 8.959498256444931030e-02 -1.276603490114212036e-01 -1.507711261510848999e-01 5.849438905715942383e-01 9.346147179603576660e-01 9.549549818038940430e-01 5.686177611351013184e-01 1.085067987442016602e+00 -1.799994409084320068e-01 2.004653066396713257e-01 3.844276070594787598e-01 -1.769319415092468262e+00 -1.767680883407592773e+00 1.132290661334991455e-01 1.511968821287155151e-01 7.829757034778594971e-02 7.607682943344116211e-01 1.431697010993957520e-01 3.141024410724639893e-01 -1.305830359458923340e+00 6.061499714851379395e-01 2.384239584207534790e-01 4.024036228656768799e-02 -7.545225024223327637e-01 5.861093401908874512e-01 -2.090197503566741943e-01 -8.621902763843536377e-02 3.536487519741058350e-01 6.600019335746765137e-01 3.574243783950805664e-01 -2.823749780654907227e-01 4.353045523166656494e-01 -5.114066600799560547e-01 -3.713196218013763428e-01 -1.981004923582077026e-01 1.774466931819915771e-01 1.619703322649002075e-01 3.215316832065582275e-01 -8.039020895957946777e-01 2.486011683940887451e-01 -6.114955544471740723e-01 -1.456369876861572266e+00
5.722103640437126160e-02 4.839514195919036865e-01 -2.561334371566772461e-01 5.035642907023429871e-02 5.262771248817443848e-01 -7.140769958496093750e-01 5.127786993980407715e-01 2.856043279170989990e-01 8.136892318725585938e-02 7.558457255363464355e-01 4.588651359081268311e-01 6.239845156669616699e-01 -4.494176432490348816e-02 -6.018617423251271248e-04 3.111250102519989014e-01 -1.126925200223922729e-01 -3.696267306804656982e-01 8.202065229415893555e-01 1.083643198013305664e+00 5.233036279678344727e-01 3.077112734317779541e-01 -4.871506616473197937e-02 5.151060223579406738e-01 1.385431289672851562e-01 2.332171648740768433e-01 2.120579630136489868e-01 2.911874651908874512e-01 1.199927926063537598e+00 3.494222760200500488e-01 4.695230722427368164e-01 -4.564452767372131348e-01 1.061127483844757080e-01 -3.456868231296539307e-01 3.496660590171813965e-01 -1.743876487016677856e-01 -1.966213583946228027e-01 7.917381823062896729e-02 3.022481203079223633e-01 3.270877599716186523e-01 -2.116932272911071777e-01 5.623341798782348633e-01 -1.088793352246284485e-01 2.543270885944366455e-01 3.687937259674072266e-01 1.009911745786666870e-01 2.329303324222564697e-01 -1.992688030004501343e-01 8.581642508506774902e-01 -1.274826005101203918e-03 -1.175962537527084351e-01 -9.668017923831939697e-02 9.709028601646423340e-01 5.183765664696693420e-02 -5.606076866388320923e-02 -6.493433713912963867e-01 -3.102117478847503662e-01 3.091058135032653809e-01 -2.465318739414215088e-01 8.664759993553161621e-02 -1.336587779223918915e-02 1.752762496471405029e-01 7.725570201873779297e-01 -1.557904854416847229e-02 -8.055690526962280273e-01
1.352937817573547363e-01 4.074454680085182190e-02 -5.102861523628234863e-01 -1.133406981825828552e-01 7.632002979516983032e-02 -7.873878479003906250e-01 6.407963037490844727e-01 3.169829845428466797e-01 -5.764016881585121155e-02 1.127897739410400391e+00 2.413275241851806641e-01 2.693624794483184814e-01 -1.160356402397155762e-01 1.305442601442337036e-01 4.752415418624877930e-02 -1.814737170934677124e-02 -2.762367725372314453e-01 7.349792718887329102e-01 4.335825145244598389e-01 3.821457624435424805e-01 6.737287342548370361e-02 8.461545407772064209e-02 4.786686599254608154e-01 5.470706615597009659e-03 7.264316082000732422e-02 -1.232898905873298645e-01 3.514802157878875732e-01 8.740463256835937500e-01 2.927058339118957520e-01 6.134967803955078125e-01 -2.445172518491744995e-01 3.525676578283309937e-02 -2.891742587089538574e-01 3.366739451885223389e-01 2.247646301984786987e-01 -1.125228181481361389e-01 -8.442556858062744141e-02 2.477327883243560791e-01 2.460958957672119141e-01 -5.474236607551574707e-02 2.551964521408081055e-01 -2.049243003129959106e-01 6.921383738517761230e-02 4.945384263992309570e-01 1.867353767156600952e-01 6.234735995531082153e-02 -2.328101545572280884e-01 6.027208566665649414e-01 1.632080972194671631e-02 -2.117151580750942230e-02 3.041195683181285858e-02 5.324761271476745605e-01 2.554579377174377441e-01 2.823972888290882111e-02 -2.811243236064910889e-01 -2.000378370285034180e-01 2.810941040515899658e-01 -1.086490154266357422e-01 2.224623411893844604e-01 4.079240188002586365e-02 2.930662408471107483e-02 2.574473619461059570e-01 -1.153398454189300537e-01 -5.741827487945556641e-01
3.874781131744384766e-01 2.182013413403183222e-04 -5.206141471862792969e-01 -1.328149586915969849e-01 1.911643594503402710e-01 -1.011164307594299316e+00 2.192483246326446533e-01 2.267180979251861572e-01 1.961257755756378174e-01 4.460870921611785889e-01 2.808094918727874756e-01 3.553934395313262939e-01 6.486509740352630615e-02 1.092364266514778137e-01 4.614740237593650818e-02 -2.725739181041717529e-01 -5.033826231956481934e-01 4.053937196731567383e-01 4.142640233039855957e-01 2.740384042263031006e-01 -1.113735884428024292e-01 2.438122928142547607e-01 1.115731224417686462e-01 9.918511658906936646e-02 -3.063133917748928070e-02 -2.056812345981597900e-01 1.202448084950447083e-01 6.856059432029724121e-01 9.206821210682392120e-03 4.565477371215820312e-03 -4.852861464023590088e-01 -5.805635079741477966e-02 -3.073441088199615479e-01 4.964110255241394043e-02 -1.310132294893264771e-01 -7.736374437808990479e-02 -4.114951193332672119e-02 1.226114109158515930e-01 4.073375090956687927e-02 -1.356316497549414635e-03 2.012591212987899780e-01 -5.147478580474853516e-01 1.144605129957199097e-01 1.682213544845581055e-01 1.612979918718338013e-02 3.541787564754486084e-01 -9.325208514928817749e-02 1.131477117538452148e+00 -6.992720812559127808e-02 -1.659521907567977905e-01 -2.136716842651367188e-01 9.086599946022033691e-01 1.675712466239929199e-01 -3.422031551599502563e-02 -2.641282081604003906e-01 2.977911755442619324e-02 3.118912875652313232e-02 -4.567095339298248291e-01 2.016106992959976196e-01 1.174552664160728455e-01 3.632993102073669434e-01 5.350144505500793457e-01 -1.000732630491256714e-01 -3.025042414665222168e-01
3.526388108730316162e-01 1.080805063247680664e+00 -1.635149836540222168e+00 -5.869159102439880371e-01 -5.437932610511779785e-01 -1.142415702342987061e-01 2.887914478778839111e-01 6.516103446483612061e-02 -5.827233195304870605e-02 3.629526197910308838e-01 7.278619706630706787e-02 5.649235248565673828e-01 -3.553286194801330566e-02 4.974267780780792236e-01 4.333119392395019531e-01 -1.407962292432785034e-01 -3.344964087009429932e-01 2.720546722412109375e-01 3.515177369117736816e-01 3.053433299064636230e-01 -3.762468397617340088e-01 2.699108421802520752e-02 -4.969821572303771973e-01 1.763778924942016602e-01 5.171182751655578613e-02 2.613049149513244629e-01 5.087415575981140137e-01 7.385314106941223145e-01 2.596800923347473145e-01 5.889726430177688599e-02 -8.240354806184768677e-02 -6.310441344976425171e-02 -2.807407267391681671e-02 -1.708193272352218628e-01 -1.824378252029418945e+00 8.039379864931106567e-02 -1.126561537384986877e-01 3.245435655117034912e-02 -1.456177415093407035e-04 4.570944905281066895e-01 5.790133029222488403e-02 -8.537287712097167969e-01 2.138659060001373291e-01 -3.286008238792419434e-01 3.162344098091125488e-01 4.705389030277729034e-03 2.663167119026184082e-01 -9.955465048551559448e-02 -5.795814394950866699e-01 -1.475758105516433716e-01 2.923761010169982910e-01 -4.272298216819763184e-01 1.073823645710945129e-01 6.476864218711853027e-01 6.234517097473144531e-01 -3.267019391059875488e-01 -1.361491918563842773e+00 -1.102815642952919006e-01 -5.605140924453735352e-01 8.750393986701965332e-02 -5.395367145538330078e-01 -4.087176918983459473e-01 -5.114285349845886230e-01 3.925623297691345215e-01
5.749846100807189941e-01 4.285220801830291748e-01 -1.010283589363098145e+00 -5.711621642112731934e-01 3.344300091266632080e-01 -6.258164644241333008e-01 3.235460221767425537e-01 3.921089172363281250e-01 -1.263114362955093384e-01 -1.749587655067443848e-01 2.816454470157623291e-01 -4.141392409801483154e-01 2.287118732929229736e-01 2.133286893367767334e-01 1.051041483879089355e+00 -5.185402035713195801e-01 1.408641505986452103e-02 3.337290585041046143e-01 -1.617783188819885254e+00 4.336703121662139893e-01 -3.101934492588043213e-01 -7.348258048295974731e-02 -6.563618034124374390e-02 1.695490330457687378e-01 3.683784306049346924e-01 5.497890710830688477e-01 5.546292662620544434e-01 9.807698130607604980e-01 6.094643473625183105e-02 1.696614265441894531e+00 -5.263927951455116272e-02 -2.798689305782318115e-01 3.790537714958190918e-01 1.959844827651977539e-01 1.145966500043869019e-01 -1.765407621860504150e-02 5.825552344322204590e-01 -2.788575291633605957e-01 7.949580252170562744e-02 8.228423446416854858e-02 5.342443585395812988e-01 -5.286898016929626465e-01 4.087892472743988037e-01 2.426892966032028198e-01 8.034257292747497559e-01 2.005199640989303589e-01 1.499480158090591431e-01 -7.907731831073760986e-02 -4.762839078903198242e-01 5.504751801490783691e-01 2.668852806091308594e-01 1.779303997755050659e-01 -7.399679720401763916e-02 5.320191383361816406e-01 -1.104644909501075745e-01 -1.700952887535095215e+00 -1.550851941108703613e+00 -2.695721685886383057e-01 7.340384647250175476e-03 2.211488783359527588e-01 -3.530841469764709473e-01 6.242817044258117676e-01 -7.350108623504638672e-01 -8.940176963806152344e-01
3.743418753147125244e-01 2.061929106712341309e-01 -3.550848364830017090e-01 -5.810316801071166992e-01 7.745138406753540039e-01 3.558093681931495667e-02 -8.877755999565124512e-01 5.233554840087890625e-01 -4.654818400740623474e-02 -6.959485262632369995e-02 3.288729786872863770e-01 7.288095355033874512e-01 1.530427932739257812e-01 -3.243706375360488892e-02 2.263421416282653809e-01 3.872368112206459045e-02 1.852999031543731689e-01 -1.271251797676086426e+00 5.675079226493835449e-01 1.943252086639404297e-01 -6.298701763153076172e-01 1.294247508049011230e-01 -4.577947139739990234e+00 -1.350672364234924316e+00 1.219657361507415771e-01 5.608525872230529785e-01 4.144355654716491699e-01 -1.572633028030395508e+00 2.429944425821304321e-01 -2.246962487697601318e-01 -2.988761290907859802e-02 4.455743134021759033e-01 -1.302314549684524536e-01 1.074315309524536133e+00 2.383301705121994019e-01 -2.512252517044544220e-02 1.700498312711715698e-01 -8.354666829109191895e-01 3.169165551662445068e-01 6.799270212650299072e-02 -1.355085708200931549e-02 -2.253046482801437378e-01 1.265052258968353271e-01 -3.591678142547607422e+00 1.180255264043807983e-01 -2.034760862588882446e-01 3.308088704943656921e-02 -4.922305420041084290e-02 -7.791625857353210449e-01 1.693483889102935791e-01 2.530978918075561523e-01 -2.913101911544799805e-01 1.967654973268508911e-01 7.775367498397827148e-01 9.484043717384338379e-02 -5.052058398723602295e-02 1.019301861524581909e-01 1.977958017960190773e-03 -1.744013190269470215e+00 6.669405847787857056e-02 -2.571238875389099121e-01 1.211236864328384399e-01 -6.643830537796020508e-01 -7.670649290084838867e-01
1.846991181373596191e-01 4.543846845626831055e-01 3.570592701435089111e-01 3.097689449787139893e-01 -3.488057255744934082e-01 5.765404701232910156e-01 5.429904460906982422e-01 -4.543729126453399658e-01 2.843990735709667206e-02 -4.253470599651336670e-01 4.509143531322479248e-01 -1.557472497224807739e-01 -3.573751747608184814e-01 2.318694889545440674e-01 5.416003242135047913e-02 5.932420864701271057e-02 1.525519937276840210e-01 1.710422337055206299e-01 2.953372597694396973e-01 2.487869411706924438e-01 3.602500557899475098e-01 -8.203409612178802490e-03 -5.918098986148834229e-02 1.414690315723419189e-01 -1.898687034845352173e-01 2.506954967975616455e-01 5.734314322471618652e-01 -1.139586448669433594e+00 -4.779680371284484863e-01 -9.965424537658691406e-01 4.306948781013488770e-01 2.551681995391845703e-01 -1.883490532636642456e-01 -8.723142147064208984e-01 -4.022670909762382507e-02 9.570651501417160034e-02 -2.724692821502685547e-01 1.578664332628250122e-01 -3.158838748931884766e-01 2.019072026014328003e-01 -3.075505793094635010e-01 5.954927206039428711e-02 -1.993659585714340210e-01 6.600368022918701172e-02 -7.090748287737369537e-03 -1.063323318958282471e-01 1.538101136684417725e-01 -2.741374671459197998e-01 1.408437341451644897e-01 -1.910413354635238647e-01 2.807794809341430664e-01 1.895031481981277466e-01 3.157741129398345947e-01 7.403376698493957520e-02 5.823753476142883301e-01 6.944965105503797531e-03 1.922950893640518188e-01 1.152459159493446350e-01 2.867407500743865967e-01 4.407368972897529602e-02 -4.201953709125518799e-01 -1.493019163608551025e-01 2.161491215229034424e-01 1.608387112617492676e+00
1.435578465461730957e-01 4.172455966472625732e-01 4.251733720302581787e-01 3.371524810791015625e-01 -1.630024462938308716e-01 4.663055539131164551e-01 5.891886949539184570e-01 -4.002429842948913574e-01 2.195178344845771790e-02 -4.448128342628479004e-01 2.471923679113388062e-01 5.934569612145423889e-02 -2.584812343120574951e-01 9.828869253396987915e-02 8.738514035940170288e-02 1.625308021903038025e-02 5.654645338654518127e-02 1.487452909350395203e-02 2.563595473766326904e-01 5.098584294319152832e-01 3.609456717967987061e-01 7.988954335451126099e-02 -4.274785518646240234e-02 9.001469612121582031e-02 -1.994156986474990845e-01 3.950386345386505127e-01 7.103981375694274902e-01 -1.112149238586425781e+00 -4.455903172492980957e-01 -9.521277546882629395e-01 3.724749684333801270e-01 3.551786541938781738e-01 -1.783208996057510376e-01 -8.181331157684326172e-01 -7.855691015720367432e-02 1.165252178907394409e-01 -3.217204213142395020e-01 5.918547511100769043e-02 -2.165184915065765381e-01 7.418192178010940552e-02 -3.657034635543823242e-01 1.852595061063766479e-01 -1.526116728782653809e-01 -6.141038145869970322e-03 2.034656703472137451e-03 -1.513837426900863647e-01 1.826901584863662720e-01 -2.895670235157012939e-01 2.562931776046752930e-01 -5.377116426825523376e-02 2.812789976596832275e-01 2.643757313489913940e-02 2.338563799858093262e-01 4.433279484510421753e-02 5.001084208488464355e-01 -2.681791186332702637e-01 3.533502817153930664e-01 1.594497077167034149e-02 3.021377027034759521e-01 4.200755432248115540e-02 -3.675890862941741943e-01 3.145221248269081116e-02 3.986242413520812988e-01 1.424833536148071289e+00
1.377092301845550537e-01 5.238062739372253418e-01 4.151978194713592529e-01 3.391562104225158691e-01 -1.286718249320983887e-01 4.024780094623565674e-01 5.497972369194030762e-01 -1.705885380506515503e-01 -6.863532960414886475e-02 -4.575560688972473145e-01 4.846394360065460205e-01 4.027454927563667297e-02 -1.681888699531555176e-01 1.774436533451080322e-01 1.775621622800827026e-01 -1.619776934385299683e-01 1.234394609928131104e-01 3.942985460162162781e-02 3.376308977603912354e-01 2.904019951820373535e-01 4.534305334091186523e-01 -7.445795927196741104e-03 1.596305519342422485e-01 3.648095205426216125e-02 -3.032926619052886963e-01 2.435773015022277832e-01 5.520049929618835449e-01 -1.120844841003417969e+00 -2.906187176704406738e-01 -9.834682941436767578e-01 5.289914608001708984e-01 3.325099050998687744e-01 -7.022964209318161011e-02 -8.993622660636901855e-01 -1.035647094249725342e-01 3.261812925338745117e-01 -2.341060191392898560e-01 1.756910532712936401e-01 -2.391308844089508057e-01 2.340948432683944702e-01 -3.355498015880584717e-01 3.053547143936157227e-01 -1.180439218878746033e-01 -7.224177569150924683e-02 5.933553352952003479e-02 1.216321531683206558e-02 2.526617646217346191e-01 -3.557237386703491211e-01 1.543840765953063965e-01 -4.241866245865821838e-02 3.838650286197662354e-01 2.164953798055648804e-01 2.249217033386230469e-01 9.330355678685009480e-04 5.901375412940979004e-01 -2.703052759170532227e-01 3.379353582859039307e-01 2.022912055253982544e-01 3.816149830818176270e-01 -1.249695345759391785e-01 -2.995406091213226318e-01 -1.445487141609191895e-01 4.264771342277526855e-01 1.427719235420227051e+00
-1.116949021816253662e-01 1.714885234832763672e-01 2.157410681247711182e-01 -2.976711392402648926e-01 1.704596579074859619e-01 -4.323976635932922363e-01 1.347487568855285645e+00 -1.105954796075820923e-01 -1.981440633535385132e-01 1.271782517433166504e+00 1.106628477573394775e-01 3.746767342090606689e-01 -1.896805316209793091e-01 -2.284233123064041138e-01 4.591031372547149658e-01 2.148578166961669922e-01 7.014670968055725098e-02 -1.995084881782531738e-01 6.595371961593627930e-01 2.026865035295486450e-01 -6.051950529217720032e-02 -2.992954254150390625e-01 -7.270278334617614746e-01 -1.834192752838134766e+00 -2.020624652504920959e-02 4.882209300994873047e-01 3.000924587249755859e-01 1.463892459869384766e+00 1.667975485324859619e-01 6.240531206130981445e-01 -1.618653684854507446e-01 6.961477994918823242e-01 -8.954892754554748535e-01 8.192005157470703125e-01 3.874772489070892334e-01 -1.727227568626403809e-01 2.050353586673736572e-02 -4.121187925338745117e-01 3.487909957766532898e-02 -4.322921037673950195e-01 1.665505915880203247e-01 -3.923235535621643066e-01 2.643867135047912598e-01 2.639404833316802979e-01 -5.394078493118286133e-01 4.118869602680206299e-01 -7.566532492637634277e-02 -4.538374841213226318e-01 -4.803613424301147461e-01 2.514095902442932129e-01 1.666086167097091675e-01 1.188306927680969238e+00 4.821425974369049072e-01 5.156312584877014160e-01 -2.058458328247070312e-01 -1.391918361186981201e-01 2.224652171134948730e-01 -1.325388401746749878e-01 -6.125304698944091797e-01 6.230718642473220825e-02 2.350019663572311401e-01 3.310137987136840820e-01 -6.085131168365478516e-01 2.646288156509399414e+00
2.233528792858123779e-01 5.154962539672851562e-01 3.026795387268066406e-01 3.145621120929718018e-01 -2.163140624761581421e-01 4.879437983036041260e-01 4.840326607227325439e-01 -3.630793690681457520e-01 1.316007077693939209e-01 -3.649667501449584961e-01 4.326879680156707764e-01 5.142649635672569275e-02 -2.725862562656402588e-01 2.057336121797561646e-01 3.977587819099426270e-02 -6.883657723665237427e-02 8.182658255100250244e-02 2.171782553195953369e-01 3.404864072799682617e-01 4.655605852603912354e-01 4.514173269271850586e-01 8.373310416936874390e-02 1.566658914089202881e-01 1.829482167959213257e-01 -1.318520158529281616e-01 4.183882474899291992e-01 6.266215443611145020e-01 -1.078383564949035645e+00 -3.634408414363861084e-01 -9.590308070182800293e-01 3.901563882827758789e-01 3.654654324054718018e-01 -1.201172396540641785e-01 -7.234988212585449219e-01 -8.477722108364105225e-02 2.187733054161071777e-01 -1.785511821508407593e-01 8.620534092187881470e-02 -2.890616655349731445e-01 3.210057318210601807e-01 -3.550692498683929443e-01 3.091432154178619385e-01 -2.739014923572540283e-01 3.524699807167053223e-02 7.787249982357025146e-02 -2.385636866092681885e-01 2.448519170284271240e-01 -3.299265801906585693e-01 1.996187269687652588e-01 -1.310610678046941757e-02 3.309698700904846191e-01 2.455890364944934845e-02 4.203807413578033447e-01 1.716770380735397339e-01 5.212366580963134766e-01 -4.098484292626380920e-02 3.845100402832031250e-01 1.073324382305145264e-01 4.440619051456451416e-01 3.552285581827163696e-02 -3.540277183055877686e-01 -8.020503073930740356e-02 3.174471259117126465e-01 1.421069860458374023e+00
8.585628820583224297e-04 3.498821258544921875e-01 3.358063697814941406e-01 5.138860940933227539e-01 -3.022022247314453125e-01 5.148676633834838867e-01 5.608584880828857422e-01 -2.971310317516326904e-01 -7.618926465511322021e-02 -2.834846973419189453e-01 2.417276054620742798e-01 4.839853569865226746e-02 -2.500970959663391113e-01 3.068662285804748535e-01 9.341095387935638428e-02 -1.467541158199310303e-01 2.016472518444061279e-01 2.160139232873916626e-01 3.145473301410675049e-01 4.182010591030120850e-01 2.372739166021347046e-01 6.097652018070220947e-02 8.039987087249755859e-02 1.042266413569450378e-01 -1.992177069187164307e-01 4.294827580451965332e-01 6.724062561988830566e-01 -9.403038620948791504e-01 -2.578906118869781494e-01 -9.042019248008728027e-01 5.002866387367248535e-01 2.374657094478607178e-01 -1.273782104253768921e-01 -7.799562215805053711e-01 -1.326182484626770020e-02 1.328920871019363403e-01 -2.470158785581588745e-01 3.571686521172523499e-02 -3.491026461124420166e-01 2.993254363536834717e-01 -2.929295599460601807e-01 1.236202716827392578e-01 -3.192290663719177246e-01 -5.124873295426368713e-02 6.990112364292144775e-02 -2.039626240730285645e-01 1.171008870005607605e-01 -3.118126690387725830e-01 1.923590749502182007e-01 -4.003332927823066711e-02 3.449659645557403564e-01 1.520538479089736938e-01 2.549858093261718750e-01 1.396538224071264267e-02 4.962867796421051025e-01 -5.131042748689651489e-02 2.178315520286560059e-01 7.552136480808258057e-02 4.665575921535491943e-01 -7.879894971847534180e-02 -3.028176128864288330e-01 -1.876930743455886841e-01 3.344905972480773926e-01 1.441196203231811523e+00
3.742936823982745409e-04 4.953812658786773682e-01 4.158288240432739258e-01 4.696916639804840088e-01 -2.318378686904907227e-01 4.899498522281646729e-01 4.215572774410247803e-01 -2.620358467102050781e-01 1.277179867029190063e-01 -2.695160508155822754e-01 4.519852399826049805e-01 -7.260264456272125244e-02 -1.547430306673049927e-01 1.737896651029586792e-01 1.869544684886932373e-01 -1.543805152177810669e-01 2.339268326759338379e-01 1.275093853473663330e-01 2.236468791961669922e-01 4.642408192157745361e-01 4.708087146282196045e-01 2.048148773610591888e-02 7.975580543279647827e-02 1.688724160194396973e-01 -2.225742191076278687e-01 3.991185724735260010e-01 5.999323725700378418e-01 -9.541499018669128418e-01 -2.823387980461120605e-01 -7.398912310600280762e-01 3.972177803516387939e-01 2.251460999250411987e-01 5.256459116935729980e-02 -9.721951484680175781e-01 -1.636055707931518555e-01 1.240818351507186890e-01 -2.017186135053634644e-01 1.060015782713890076e-01 -2.158112376928329468e-01 2.960498929023742676e-01 -3.651950359344482422e-01 2.768556177616119385e-01 -1.560049206018447876e-01 -4.557135701179504395e-02 9.252011030912399292e-02 -1.790942996740341187e-01 2.206846773624420166e-01 -3.642240762710571289e-01 3.025228083133697510e-01 -1.043511182069778442e-01 3.732044398784637451e-01 1.972373723983764648e-01 1.948947906494140625e-01 1.031963229179382324e-01 6.115869879722595215e-01 -1.193419545888900757e-01 3.544544577598571777e-01 2.363764345645904541e-01 3.976703584194183350e-01 -1.168603375554084778e-01 -3.926184773445129395e-01 -1.562522947788238525e-01 3.828764557838439941e-01 1.542116403579711914e+00
-4.576180875301361084e-02 1.652145832777023315e-01 -4.205620586872100830e-01 -1.051292568445205688e-01 -2.066435664892196655e-01 -2.471160739660263062e-01 4.486639201641082764e-01 3.182074427604675293e-01 2.917916774749755859e-01 -1.948366463184356689e-01 2.273826897144317627e-01 -2.479734420776367188e-01 1.765626668930053711e-01 5.045333504676818848e-01 -3.772389143705368042e-02 -3.907614350318908691e-01 -1.936271190643310547e-01 4.597719013690948486e-01 7.544022202491760254e-01 2.755635082721710205e-01 4.457911849021911621e-02 3.794083297252655029e-01 1.318866014480590820e-01 -5.561989545822143555e-01 8.363109827041625977e-02 4.383515119552612305e-01 4.236176013946533203e-01 1.051486372947692871e+00 4.425027668476104736e-01 1.027742028236389160e+00 -2.700164616107940674e-01 -3.482660055160522461e-01 6.745194792747497559e-01 5.035404562950134277e-01 -4.033996462821960449e-01 2.089786976575851440e-01 1.765089109539985657e-02 4.860086441040039062e-01 2.077712565660476685e-01 2.748900949954986572e-01 3.496258556842803955e-01 -2.763370573520660400e-01 3.395904898643493652e-01 2.949110269546508789e-01 1.480414718389511108e-01 -7.459579501301050186e-05 3.277446031570434570e-01 6.026209592819213867e-01 4.317469149827957153e-02 -1.246506068855524063e-02 5.300834178924560547e-01 1.098530888557434082e-01 1.301024705171585083e-01 8.317007869482040405e-02 1.889307498931884766e-01 -3.553109169006347656e-01 -2.788796722888946533e-01 2.928332984447479248e-01 -4.269042238593101501e-02 2.456209808588027954e-02 2.787874639034271240e-01 -3.878160417079925537e-01 -4.047372639179229736e-01 -3.364718437194824219e+00
3.834455460309982300e-02 4.409015774726867676e-01 4.712005555629730225e-01 3.925229012966156006e-01 -1.033803299069404602e-01 4.950263202190399170e-01 5.283557176589965820e-01 -3.173794448375701904e-01 -9.739101678133010864e-02 -2.874841094017028809e-01 5.022260546684265137e-01 -3.454743325710296631e-02 -2.694920003414154053e-01 3.121066093444824219e-01 4.002775065600872040e-03 -7.358519732952117920e-02 2.435671985149383545e-01 2.150478810071945190e-01 2.626697421073913574e-01 3.887630403041839600e-01 3.616241216659545898e-01 5.621647089719772339e-02 6.314631551504135132e-02 1.009136289358139038e-01 -8.300977945327758789e-02 3.845638930797576904e-01 6.584113836288452148e-01 -9.947986602783203125e-01 -5.094512104988098145e-01 -8.280249238014221191e-01 5.259357094764709473e-01 4.189554750919342041e-01 2.385064959526062012e-03 -8.311328291893005371e-01 -1.662875562906265259e-01 2.100684940814971924e-01 -8.487807214260101318e-02 8.803791552782058716e-02 -2.163622975349426270e-01 2.839176952838897705e-01 -2.562189400196075439e-01 1.657694280147552490e-01 -2.840683162212371826e-01 1.609267890453338623e-01 -5.402097478508949280e-02 -1.076356619596481323e-01 2.411935478448867798e-01 -5.373200774192810059e-01 3.528478741645812988e-01 -2.966564148664474487e-02 4.336460232734680176e-01 1.591863334178924561e-01 3.897029161453247070e-01 1.442649960517883301e-01 5.986202359199523926e-01 -2.169218212366104126e-01 1.815769821405410767e-01 1.515009105205535889e-01 4.802191853523254395e-01 1.016085892915725708e-01 -2.775473892688751221e-01 3.623048961162567139e-02 3.293604552745819092e-01 1.560398578643798828e+00
1.211969405412673950e-01 4.042884409427642822e-01 4.261314868927001953e-01 4.636014699935913086e-01 -3.451381921768188477e-01 4.145617783069610596e-01 4.710796773433685303e-01 -2.576591074466705322e-01 1.009211391210556030e-01 -2.963621020317077637e-01 4.853571653366088867e-01 5.168963223695755005e-02 -1.801913976669311523e-01 2.904602885246276855e-01 -4.591752216219902039e-02 -4.528493061661720276e-02 1.419165730476379395e-01 1.747165992856025696e-02 2.165634781122207642e-01 4.140679240226745605e-01 2.524183988571166992e-01 7.921166718006134033e-02 1.164689660072326660e-02 1.606228202581405640e-01 -2.321046888828277588e-01 3.448447883129119873e-01 6.978917121887207031e-01 -9.557240605354309082e-01 -3.155960738658905029e-01 -8.489599823951721191e-01 3.682378828525543213e-01 2.504562437534332275e-01 -1.970632374286651611e-01 -8.128000497817993164e-01 2.323471568524837494e-02 2.817643284797668457e-01 -1.904172897338867188e-01 1.424719346687197685e-03 -2.794829607009887695e-01 1.689130067825317383e-01 -4.223718643188476562e-01 1.551231145858764648e-01 -2.409780323505401611e-01 7.969038933515548706e-02 6.411638855934143066e-02 -8.727747201919555664e-02 2.185911536216735840e-01 -4.627008140087127686e-01 2.021813243627548218e-01 -1.207579746842384338e-01 3.219031393527984619e-01 1.598339825868606567e-01 3.580411970615386963e-01 1.468974053859710693e-01 6.200664639472961426e-01 -1.722446531057357788e-01 1.903538554906845093e-01 1.324202418327331543e-01 3.768813610076904297e-01 3.866520896553993225e-02 -2.283375263214111328e-01 -1.057983487844467163e-01 3.408635854721069336e-01 1.609103918075561523e+00
1.642106175422668457e-01 3.918327093124389648e-01 4.076023399829864502e-01 3.435157239437103271e-01 -2.549778521060943604e-01 6.028792262077331543e-01 3.361218571662902832e-01 -4.392200410366058350e-01 1.244892105460166931e-01 -3.297045528888702393e-01 3.839957118034362793e-01 1.158954277634620667e-01 -1.930094659328460693e-01 1.010334864258766174e-01 4.736778512597084045e-02 -5.489191412925720215e-02 2.025365233421325684e-01 9.245705604553222656e-02 1.904609501361846924e-01 4.321817159652709961e-01 3.508672118186950684e-01 7.076741009950637817e-02 1.168999597430229187e-01 2.258448749780654907e-01 -3.034262657165527344e-01 2.805519998073577881e-01 5.201048254966735840e-01 -1.064089059829711914e+00 -3.074358403682708740e-01 -9.373425841331481934e-01 4.243865609169006348e-01 2.407383918762207031e-01 -8.621273934841156006e-02 -9.603716731071472168e-01 -7.813489437103271484e-02 3.121796846389770508e-01 -1.860066801309585571e-01 1.950580924749374390e-01 -3.455372750759124756e-01 2.851260900497436523e-01 -4.841214716434478760e-01 2.701563835144042969e-01 -1.869371831417083740e-01 1.380632519721984863e-01 -1.287328302860260010e-01 -2.467381507158279419e-01 2.633323073387145996e-01 -3.145241737365722656e-01 3.393021821975708008e-01 -1.735503822565078735e-01 4.179190099239349365e-01 2.434170097112655640e-01 3.058551549911499023e-01 1.487308442592620850e-01 5.375865697860717773e-01 -1.966092735528945923e-01 1.891266256570816040e-01 2.330608963966369629e-01 2.751586735248565674e-01 -3.170020505785942078e-02 -3.279535174369812012e-01 -1.821768879890441895e-01 3.753903806209564209e-01 1.500877976417541504e+00
1.345009952783584595e-01 4.105027019977569580e-01 5.229283571243286133e-01 4.992184340953826904e-01 -2.564862668514251709e-01 6.272363066673278809e-01 5.044949054718017578e-01 -4.144494831562042236e-01 4.185431450605392456e-02 -3.732423782348632812e-01 3.689471185207366943e-01 -8.900329470634460449e-03 -2.223402708768844604e-01 3.299170136451721191e-01 1.297177821397781372e-01 -1.254888027906417847e-01 1.790107786655426025e-01 2.827996313571929932e-01 1.672115921974182129e-01 3.738959729671478271e-01 3.919889032840728760e-01 4.757118225097656250e-02 6.950482726097106934e-02 1.135836765170097351e-01 -2.369646281003952026e-01 4.841968715190887451e-01 5.875677466392517090e-01 -1.197725534439086914e+00 -3.092457354068756104e-01 -9.226682186126708984e-01 5.310665369033813477e-01 4.082224965095520020e-01 -1.602985113859176636e-01 -8.799625039100646973e-01 1.438677497208118439e-02 3.387572169303894043e-01 -3.615138232707977295e-01 1.102635562419891357e-01 -2.272642850875854492e-01 2.221445888280868530e-01 -3.636401295661926270e-01 2.830090522766113281e-01 -2.868836522102355957e-01 -5.956539511680603027e-02 1.145172789692878723e-01 -2.290445417165756226e-01 1.764964014291763306e-01 -4.743241667747497559e-01 2.404825538396835327e-01 -1.584948003292083740e-01 3.787120580673217773e-01 1.435061842203140259e-01 3.724428713321685791e-01 -7.933905348181724548e-03 5.033002495765686035e-01 -1.412770450115203857e-01 2.770248651504516602e-01 5.632114782929420471e-02 5.038880705833435059e-01 1.404751650989055634e-02 -2.890799939632415771e-01 -2.506024017930030823e-02 2.288714796304702759e-01 1.501861929893493652e+00
2.471514642238616943e-01 2.820124030113220215e-01 -1.819240003824234009e-01 1.952401697635650635e-01 2.533150911331176758e-01 -1.033793807029724121e+00 4.021718502044677734e-01 4.112950563430786133e-01 2.910482883453369141e-01 1.316059470176696777e+00 2.440079599618911743e-01 7.678797245025634766e-01 1.174215525388717651e-01 6.976666627451777458e-04 -1.140844356268644333e-02 -8.643613010644912720e-02 -1.934241950511932373e-01 8.921025395393371582e-01 7.954703569412231445e-01 2.873317599296569824e-01 4.205003976821899414e-01 -1.843785867094993591e-02 4.937071800231933594e-01 1.311561614274978638e-01 1.694339662790298462e-01 1.989889740943908691e-01 3.043125197291374207e-02 1.174117684364318848e+00 4.318837523460388184e-01 5.711511969566345215e-01 -6.926802992820739746e-01 3.434700667858123779e-01 -3.066321909427642822e-01 3.043098449707031250e-01 -3.212423995137214661e-03 -3.022570312023162842e-01 3.760150447487831116e-02 3.972820341587066650e-01 2.163953930139541626e-01 2.925210446119308472e-02 5.271217226982116699e-01 -1.637338548898696899e-01 3.255795240402221680e-01 3.580212295055389404e-01 7.994382828474044800e-02 3.313882350921630859e-01 -3.314597904682159424e-01 7.754712104797363281e-01 2.031572461128234863e-01 -1.404543519020080566e-01 -8.940336853265762329e-02 1.137033700942993164e+00 8.503841757774353027e-01 -1.711042225360870361e-01 1.588642895221710205e-01 -1.872942596673965454e-01 6.610279083251953125e-01 -6.922548264265060425e-02 1.178134381771087646e-01 1.876204013824462891e-01 2.385884076356887817e-01 5.093833208084106445e-01 -1.031772792339324951e-01 -2.073959410190582275e-01
