3.642983436584472656e-01
-3.117385134100914001e-02
9.954418241977691650e-02
-2.002329006791114807e-02
2.312403172254562378e-01
4.028565436601638794e-02
-1.201882138848304749e-01
2.120424062013626099e-01
-7.813629508018493652e-02
3.818528354167938232e-01
1.800199151039123535e-01
2.233854681253433228e-01
1.884700655937194824e-01
2.206899523735046387e-01
2.899703979492187500e-01
1.641776114702224731e-01
-1.587727665901184082e-01
1.658316701650619507e-01
-2.126298695802688599e-01
2.880206108093261719e-01
3.426056206226348877e-01
2.277403622865676880e-01
-1.087609212845563889e-03
2.061019539833068848e-01
1.793594807386398315e-01
3.647021353244781494e-01
3.356565535068511963e-02
2.102104425430297852e-01
1.818856447935104370e-01
3.918694555759429932e-01
3.928907513618469238e-01
1.637411415576934814e-01
