2.909831702709197998e-01
1.150089263916015625e+00
-2.552250325679779053e-01
5.499312877655029297e-01
-5.634943246841430664e-01
-1.097922563552856445e+00
-5.854964852333068848e-01
2.932159304618835449e-01
-8.994939327239990234e-01
-5.962053313851356506e-02
-2.447047382593154907e-01
-9.184376001358032227e-01
-2.483780495822429657e-02
-8.895518183708190918e-01
-2.742003500461578369e-01
1.488336175680160522e-01
-9.019191265106201172e-01
-4.957544207572937012e-01
-6.512759327888488770e-01
-1.891127824783325195e-01
8.600177168846130371e-01
-1.275546103715896606e-01
-1.072521924972534180e+00
-1.242709636688232422e+00
-2.857387363910675049e-01
-3.681259155273437500e-01
-1.967882513999938965e-01
-4.886728823184967041e-01
5.780394077301025391e-01
-3.932732641696929932e-01
-1.389408230781555176e+00
6.971923112869262695e-01
-5.852953195571899414e-01
-4.268341362476348877e-01
-1.568630933761596680e-01
-2.758343517780303955e-01
-8.280991911888122559e-01
3.062756061553955078e-01
-5.345168113708496094e-01
6.000863313674926758e-01
-4.165198504924774170e-01
-2.426471561193466187e-01
-7.922522425651550293e-01
-5.213339924812316895e-01
-1.170005425810813904e-01
6.823610663414001465e-01
9.302355647087097168e-01
-2.005721777677536011e-01
5.483568906784057617e-01
-6.561989784240722656e-01
1.022010207176208496e+00
-2.637651562690734863e-01
-2.045327126979827881e-01
-7.137431502342224121e-01
-1.968220621347427368e-01
-2.726958133280277252e-02
-3.987800180912017822e-01
-2.089487463235855103e-01
-8.484108448028564453e-01
-1.003367543220520020e+00
-1.605919241905212402e+00
-7.845382392406463623e-02
-1.609867066144943237e-01
-1.023664832115173340e+00
