-3.726110756397247314e-01 -4.321092367172241211e-02 3.177023530006408691e-01 5.158228874206542969e-01 -1.113602072000503540e-01 2.563941478729248047e-01 6.101940274238586426e-01 -1.470741629600524902e-01
-7.640757560729980469e-01 -2.107653170824050903e-01 -1.788178682327270508e-01 -6.019546389579772949e-01 -2.694964706897735596e-01 -4.272080361843109131e-01 2.987005189061164856e-02 1.617191284894943237e-01
2.230033874511718750e+00 -8.948367089033126831e-02 5.015023946762084961e-01 4.261187911033630371e-01 1.010200381278991699e+00 6.887363791465759277e-01 1.986228302121162415e-02 -1.992726698517799377e-02
-4.614306986331939697e-01 1.949176639318466187e-01 3.670549392700195312e-01 5.661891698837280273e-01 -5.180976167321205139e-02 2.954283356666564941e-01 -2.497259974479675293e-01 3.736878558993339539e-02
1.790545582771301270e+00 5.162924528121948242e-01 7.527905106544494629e-01 3.177509903907775879e-01 2.800894081592559814e-01 4.177028834819793701e-01 7.251422107219696045e-02 -6.395734380930662155e-03
3.473345339298248291e-01 8.870555758476257324e-01 6.158192753791809082e-01 5.867028236389160156e-01 1.846094280481338501e-01 -8.152407407760620117e-02 -2.071025082841515541e-03 -5.099871382117271423e-02
1.589085817337036133e+00 4.121687412261962891e-01 -5.826518684625625610e-02 5.998945236206054688e-01 4.280877709388732910e-01 3.591428995132446289e-01 -4.317339956760406494e-01 -2.144539542496204376e-02
1.319373011589050293e+00 -5.817096233367919922e-01 -7.305480241775512695e-01 -1.041407823562622070e+00 -4.511371254920959473e-01 -1.502279788255691528e-01 1.667977869510650635e-02 -1.594570130109786987e-01
2.156541794538497925e-01 5.645480155944824219e-01 6.240853071212768555e-01 8.925704956054687500e-01 8.112902641296386719e-01 -1.488254964351654053e-01 -4.153450205922126770e-02 2.100419066846370697e-02
3.704666793346405029e-01 -5.232755541801452637e-01 6.847181320190429688e-01 -2.612623944878578186e-02 -2.905082404613494873e-01 -3.711410760879516602e-01 -6.489697098731994629e-02 3.750383853912353516e-01
2.580873072147369385e-01 2.733183205127716064e-01 6.638811230659484863e-01 -2.664751410484313965e-01 -5.293337702751159668e-01 8.732105791568756104e-02 -1.221826300024986267e-02 4.275300726294517517e-02
6.530285477638244629e-01 1.201377063989639282e-01 -4.535205066204071045e-01 -3.679670020937919617e-02 2.288143336772918701e-01 -1.115535795688629150e-01 7.546993345022201538e-02 -1.677917122840881348e+00
2.090720683336257935e-01 4.249248802661895752e-01 -8.955777287483215332e-01 8.113597333431243896e-02 -5.004971623420715332e-01 -4.204490780830383301e-01 -7.324687242507934570e-01 -3.087603952735662460e-03
-1.067813992500305176e+00 2.490729391574859619e-01 7.288132607936859131e-02 2.009555101394653320e-01 8.052862435579299927e-02 5.588093400001525879e-01 -1.776610165834426880e-01 -5.181147530674934387e-02
-3.488561371341347694e-03 1.903485953807830811e-01 5.874406695365905762e-01 1.263419836759567261e-01 1.831492185592651367e-01 8.308731764554977417e-02 1.714775711297988892e-01 2.260812073945999146e-01
1.946761250495910645e+00 -1.109042391180992126e-01 -1.633521169424057007e-01 -3.327376544475555420e-01 -2.563434541225433350e-01 -2.136563882231712341e-02 -2.349863797426223755e-01 1.870350092649459839e-01
1.554488483816385269e-02 4.392223656177520752e-01 7.683813571929931641e-01 4.952902197837829590e-01 2.585208117961883545e-01 3.951701894402503967e-02 1.019895002245903015e-01 1.798612251877784729e-02
-4.567822515964508057e-01 -1.309912949800491333e-01 -1.122975498437881470e-01 -3.243741095066070557e-01 -7.510970234870910645e-01 -1.232030466198921204e-01 -2.418030798435211182e-02 -1.776767492294311523e+00
1.249000191688537598e+00 -7.863071560859680176e-02 1.068745851516723633e+00 4.814258217811584473e-01 7.006516456604003906e-01 8.235849440097808838e-03 3.031634986400604248e-01 1.009130757302045822e-02
2.134068250656127930e+00 2.523041069507598877e-01 6.475092768669128418e-01 3.500486910343170166e-01 -3.874399363994598389e-01 9.181109070777893066e-02 -6.271280050277709961e-01 3.434791462495923042e-03
-1.271365880966186523e+00 3.751894831657409668e-02 -2.929086983203887939e-01 -4.728432893753051758e-01 -2.321685850620269775e-01 -4.477056264877319336e-01 7.225223630666732788e-02 -1.018108334392309189e-02
7.534878849983215332e-01 7.239567041397094727e-01 -3.018829584121704102e+00 2.241009920835494995e-01 -2.526141166687011719e+00 5.266676098108291626e-02 -2.207888662815093994e-01 5.711743980646133423e-02
-6.470264792442321777e-01 4.279963970184326172e-01 3.759137690067291260e-01 6.272094845771789551e-01 5.466648936271667480e-01 1.017722785472869873e-01 4.585812613368034363e-02 -9.186611510813236237e-03
2.526943206787109375e+00 3.933085203170776367e-01 -5.447503328323364258e-01 5.052928328514099121e-01 -2.704392969608306885e-01 1.828226000070571899e-01 -8.655562996864318848e-02 -7.470606360584497452e-03
1.611777663230895996e+00 3.732669055461883545e-01 1.014831781387329102e+00 3.883991241455078125e-01 1.651410199701786041e-02 2.560967803001403809e-01 -1.529700756072998047e-01 -1.095414012670516968e-01
-1.856359362602233887e+00 1.703618764877319336e-01 -1.920281171798706055e+00 -4.429428279399871826e-02 -5.659381151199340820e-01 7.624391913414001465e-01 2.260926216840744019e-01 9.111835621297359467e-03
-4.091148450970649719e-02 1.516693234443664551e-01 -2.879903316497802734e-01 -9.867887198925018311e-02 2.156153619289398193e-01 -1.710858941078186035e-02 2.789688482880592346e-02 -9.490507654845714569e-03
2.049971818923950195e+00 2.068374752998352051e-01 3.944038152694702148e-01 3.323305249214172363e-01 3.649504780769348145e-01 -7.513887435197830200e-02 -7.771013975143432617e-01 6.441836245357990265e-03
9.642002582550048828e-01 -6.963622570037841797e-01 3.648890852928161621e-01 -7.802116274833679199e-01 -4.762715101242065430e-02 2.951404154300689697e-01 -4.562225565314292908e-02 -1.317529529333114624e-01
3.217730522155761719e-01 -6.910352502018213272e-03 -9.124240279197692871e-01 6.706391274929046631e-02 -8.757157325744628906e-01 1.830395460128784180e-01 -1.144291996955871582e+00 4.215085878968238831e-02
-5.087196230888366699e-01 3.330855071544647217e-01 3.651917278766632080e-01 4.817184060811996460e-02 1.551680415868759155e-01 3.433867990970611572e-01 -1.890282779932022095e-01 -6.611129734665155411e-03
7.403344660997390747e-02 3.380770087242126465e-01 2.592173814773559570e-01 3.993051052093505859e-01 6.702957302331924438e-02 6.512333750724792480e-01 6.640532612800598145e-01 -2.666092477738857269e-03
5.768111348152160645e-02 2.153644859790802002e-01 3.258283138275146484e-01 4.881508648395538330e-02 5.133649706840515137e-01 2.841607928276062012e-01 4.345045387744903564e-01 -3.358421847224235535e-03
-3.120294213294982910e-01 3.670616149902343750e-01 -5.916713476181030273e-01 2.128039672970771790e-02 5.110088586807250977e-01 -4.941115155816078186e-02 -4.952347651124000549e-02 -9.857457280158996582e-01
-5.471618771553039551e-01 -2.995535433292388916e-01 -1.667406037449836731e-02 -4.562957584857940674e-01 -1.364441990852355957e+00 -2.690545618534088135e-01 -8.520983457565307617e-01 -2.789333648979663849e-02
-8.935241699218750000e-01 -1.326595395803451538e-01 -1.494618654251098633e+00 4.751439392566680908e-02 1.069428175687789917e-01 -2.295420616865158081e-01 5.540647543966770172e-03 -7.650778293609619141e-01
2.476357460021972656e+00 2.744778394699096680e-01 -2.999065816402435303e-01 3.067706227302551270e-01 -1.113350629806518555e+00 1.150278095155954361e-02 1.758811026811599731e-01 5.478010512888431549e-03
1.312021136283874512e+00 1.013092249631881714e-01 -1.267616599798202515e-01 -4.849506020545959473e-01 6.928111314773559570e-01 1.575729846954345703e-01 -2.893813252449035645e-01 -3.297396376729011536e-02
-8.782728016376495361e-02 -8.049495518207550049e-03 3.088120222091674805e-01 -4.493461549282073975e-01 -1.268500089645385742e+00 -6.973487883806228638e-02 -3.940403833985328674e-02 -2.887524105608463287e-02
-1.113511562347412109e+00 -6.485058665275573730e-01 9.785078167915344238e-01 -1.106147989630699158e-01 7.183597087860107422e-01 -4.458331465721130371e-01 2.316730618476867676e-01 1.279939804226160049e-02
1.336942195892333984e+00 7.350211590528488159e-02 -2.392265796661376953e-01 3.202526867389678955e-01 9.437151998281478882e-02 2.993767857551574707e-01 -4.872999712824821472e-02 5.011261440813541412e-03
-5.878670215606689453e-01 5.477871894836425781e-01 -5.340278744697570801e-01 5.062198638916015625e-01 -2.410623580217361450e-01 1.611392796039581299e-01 -6.594741940498352051e-01 9.814815223217010498e-02
-3.221946358680725098e-01 1.899268180131912231e-01 4.369977712631225586e-01 4.218114614486694336e-01 6.091056019067764282e-02 6.385573651641607285e-03 2.471283972263336182e-01 1.874717883765697479e-02
3.009523451328277588e-01 1.529591232538223267e-01 4.166643023490905762e-01 7.173087000846862793e-01 3.823570609092712402e-01 -1.767494827508926392e-01 -8.277966827154159546e-02 1.015498265624046326e-01
-1.451872438192367554e-01 2.015233598649501801e-02 8.453371524810791016e-01 7.348880916833877563e-02 2.559002302587032318e-02 -2.758266925811767578e-01 3.223267495632171631e-01 -2.219198793172836304e-01
-1.809675991535186768e-01 1.604738272726535797e-02 -2.346242427825927734e+00 -2.446036189794540405e-01 5.153647065162658691e-01 -5.683465003967285156e-01 -6.264119148254394531e-01 1.784993521869182587e-02
-1.302633762359619141e+00 5.658939853310585022e-02 -8.465835452079772949e-01 -4.045857191085815430e-01 -1.731856763362884521e-01 -5.797942876815795898e-01 2.326717227697372437e-01 -1.151052303612232208e-02
-4.091593325138092041e-01 2.276105433702468872e-01 -5.039665699005126953e-01 -1.115209609270095825e-01 -4.705848693847656250e-01 -1.553873270750045776e-01 -1.219370439648628235e-01 1.269320845603942871e-01
-1.970579773187637329e-01 -1.608670353889465332e-01 -1.123910397291183472e-01 -4.604366421699523926e-01 -4.567367434501647949e-01 -2.745711505413055420e-01 4.679620265960693359e-02 -2.857990860939025879e-01
8.604974150657653809e-01 -5.636599063873291016e-01 1.827196478843688965e-01 -7.650580406188964844e-01 2.603502757847309113e-02 -8.112946152687072754e-01 -3.610841631889343262e-01 1.322940271347761154e-02
-2.076872438192367554e-01 -2.145427614450454712e-01 -2.015818506479263306e-01 -2.184960693120956421e-01 -5.231172442436218262e-01 -1.890638843178749084e-02 3.730952739715576172e-02 -1.003927290439605713e-01
1.063232898712158203e+00 3.360333740711212158e-01 8.772696256637573242e-01 1.284001171588897705e-01 5.605814978480339050e-02 -3.917841017246246338e-01 -6.409680843353271484e-02 9.257018566131591797e-03
2.453219741582870483e-01 -5.652376636862754822e-02 5.960034579038619995e-02 -1.354868412017822266e-01 7.327791769057512283e-03 2.038341015577316284e-01 -1.166252046823501587e-01 -5.930276513099670410e-01
3.520977795124053955e-01 1.385890096426010132e-01 6.821768879890441895e-01 5.144492387771606445e-01 6.542238593101501465e-01 2.760801315307617188e-01 3.553275167942047119e-01 1.278942972421646118e-01
6.311132311820983887e-01 -1.243741631507873535e+00 9.781694971024990082e-03 -1.238124847412109375e+00 1.872640550136566162e-01 1.445972360670566559e-02 -6.410707533359527588e-02 8.425986021757125854e-02
1.266143471002578735e-01 -3.285471796989440918e-01 7.713332027196884155e-02 -4.908261299133300781e-01 -6.176158189773559570e-01 -1.883632391691207886e-01 -1.195565052330493927e-02 -1.192585110664367676e+00
1.552814126014709473e+00 4.468043744564056396e-01 -1.345513939857482910e+00 -8.703610301017761230e-02 -1.493102610111236572e-01 3.594358265399932861e-01 7.593934983015060425e-02 -1.624191701412200928e-01
-8.884601593017578125e-01 -2.798563539981842041e-01 -3.942418396472930908e-01 3.406553268432617188e-01 -4.803164303302764893e-01 1.540178805589675903e-01 2.555271089076995850e-01 3.205621242523193359e-01
9.202020764350891113e-01 -4.141227900981903076e-01 2.642845511436462402e-01 -3.633379638195037842e-01 1.223204508423805237e-01 -3.971743583679199219e-01 -2.622949779033660889e-01 -1.028220653533935547e+00
-9.257786273956298828e-01 2.207301259040832520e-01 -1.725507825613021851e-01 2.584196031093597412e-01 -1.566315442323684692e-02 1.649580779485404491e-03 2.668600976467132568e-01 -4.424305260181427002e-01
4.315187782049179077e-02 1.898602098226547241e-01 8.865804672241210938e-01 -1.869194656610488892e-01 2.486456036567687988e-01 1.334825158119201660e-01 -7.230205535888671875e-01 -2.343428321182727814e-02
1.002432584762573242e+00 7.319354265928268433e-02 -2.136313438415527344e+00 -1.141809225082397461e-01 -3.075561225414276123e-01 6.164893507957458496e-01 1.494355350732803345e-01 9.056353010237216949e-03
1.416963815689086914e+00 -1.207831576466560364e-01 -2.806353569030761719e+00 1.585347801446914673e-01 -3.301630020141601562e-01 -1.095706224441528320e-01 -9.014473855495452881e-02 1.076579745858907700e-02
7.670978307723999023e-01 -7.308283448219299316e-01 7.718266844749450684e-01 -5.942167043685913086e-01 3.037771284580230713e-01 4.909108579158782959e-02 3.321703374385833740e-01 -9.954914450645446777e-03
