3.790573775768280029e-01 4.548090398311614990e-01 6.041192412376403809e-01 2.575003802776336670e-01 3.624522387981414795e-01 2.896729111671447754e-01 5.002784729003906250e-01 6.498755216598510742e-01 4.970506727695465088e-01 1.383195221424102783e-01 -1.097269705496728420e-03 2.551265358924865723e-01 -5.817548185586929321e-02 2.325247526168823242e-01 2.757839560508728027e-01 -1.681570559740066528e-01 3.793251216411590576e-01 6.017575785517692566e-02 3.952609598636627197e-01 -6.138949394226074219e-01 2.781064212322235107e-01 6.830546855926513672e-01 1.181255951523780823e-01 7.955734729766845703e-01 3.427364230155944824e-01 -3.865320086479187012e-01 2.128475308418273926e-01 1.003346681594848633e+00 -2.748081982135772705e-01 2.629713714122772217e-01 6.214360594749450684e-01 4.396821558475494385e-01 1.512121409177780151e-01 5.249375477433204651e-02 6.882512569427490234e-01 -4.075832366943359375e-01 2.186877727508544922e-01 2.323907017707824707e-01 -5.192028284072875977e-01 5.636311173439025879e-01 4.452998042106628418e-01 -1.327049881219863892e-01 2.457669824361801147e-01 3.594387769699096680e-01 1.525623649358749390e-01 -9.526259899139404297e-01 2.156135439872741699e-01 2.621490359306335449e-01 1.948222666978836060e-01 -3.121401071548461914e-01 1.389047801494598389e-01 5.212089419364929199e-01 -4.291000962257385254e-02 3.368733525276184082e-01 -8.836904168128967285e-01 4.335428774356842041e-02 -1.071606725454330444e-01 2.676048278808593750e-01 -4.246620237827301025e-01 -1.198313593864440918e+00 6.715676188468933105e-01 1.678344415267929435e-05 -1.157267764210700989e-01 -1.255968332290649414e+00
2.492152750492095947e-01 1.819741576910018921e-01 -1.770471632480621338e-01 4.027579128742218018e-01 -2.044872939586639404e-02 1.998809166252613068e-02 -5.909076929092407227e-01 7.868017256259918213e-02 -1.780228763818740845e-01 -7.734714448451995850e-02 -1.135805100202560425e-01 -2.605401910841464996e-02 -1.410999149084091187e-02 4.683646857738494873e-01 3.031402826309204102e-01 3.269204795360565186e-01 1.483424603939056396e-01 3.938458859920501709e-01 -5.271518826484680176e-01 1.645696282386779785e+00 4.573272764682769775e-01 -4.441314041614532471e-01 7.223341464996337891e-01 -1.017588257789611816e+00 -1.258844137191772461e-01 8.638234734535217285e-01 2.769155502319335938e-01 -1.510547876358032227e+00 1.876036524772644043e+00 -3.070390224456787109e-01 -1.891460895538330078e+00 6.164625287055969238e-02 -1.393355131149291992e-01 7.196998000144958496e-01 -1.563231348991394043e+00 1.509123206138610840e+00 -3.243250250816345215e-01 2.016311883926391602e-02 -7.007909417152404785e-01 -7.442380785942077637e-01 -3.696334734559059143e-02 3.703519999980926514e-01 4.743811488151550293e-02 2.127304077148437500e-01 -4.511502683162689209e-01 1.302061080932617188e+00 8.873994350433349609e-01 2.164690941572189331e-01 -2.037133872509002686e-01 -1.275818228721618652e+00 3.691472411155700684e-01 -1.923044025897979736e-01 -1.935514993965625763e-02 -6.623137593269348145e-01 -2.779347896575927734e+00 -8.113613128662109375e-01 5.609190091490745544e-02 1.405921429395675659e-01 -8.452582955360412598e-01 2.606345176696777344e+00 -1.874922811985015869e-01 3.517006337642669678e-01 3.022672533988952637e-01 -3.137708902359008789e-01
2.051716893911361694e-01 4.226934015750885010e-01 4.752974808216094971e-01 2.068823128938674927e-01 3.422970771789550781e-01 2.355843633413314819e-01 5.069506764411926270e-01 6.343510150909423828e-01 4.276483356952667236e-01 6.073943153023719788e-02 5.283096805214881897e-02 2.512884736061096191e-01 7.895039767026901245e-02 3.263665437698364258e-01 3.058270812034606934e-01 -5.884953588247299194e-02 3.859504163265228271e-01 1.265698224306106567e-01 4.914340674877166748e-01 -6.453785300254821777e-01 4.621832966804504395e-01 5.492222905158996582e-01 2.245422303676605225e-01 7.763200402259826660e-01 2.834926247596740723e-01 -5.061382651329040527e-01 1.481676548719406128e-01 1.002724051475524902e+00 -1.042786166071891785e-01 1.549825519323348999e-01 5.900213122367858887e-01 5.265299677848815918e-01 1.360754519701004028e-01 1.779879927635192871e-01 6.831604242324829102e-01 -3.364088535308837891e-01 3.305060267448425293e-01 1.306198835372924805e-01 -4.611457884311676025e-01 6.122047901153564453e-01 3.005782365798950195e-01 -1.895466893911361694e-01 2.567349374294281006e-01 1.947656124830245972e-01 1.937143653631210327e-01 -1.162647485733032227e+00 2.023600637912750244e-01 2.063964158296585083e-01 3.241902217268943787e-02 -2.295759022235870361e-01 3.358173370361328125e-01 3.773693740367889404e-01 7.054535299539566040e-02 3.220779895782470703e-01 -9.288308620452880859e-01 -1.246012747287750244e-03 4.260076675564050674e-03 2.409219443798065186e-01 -4.761311709880828857e-01 -1.179933786392211914e+00 7.242218852043151855e-01 -2.474992908537387848e-02 1.100763157010078430e-01 -1.189396739006042480e+00
-2.739233076572418213e-01 -4.694654643535614014e-01 3.224536478519439697e-01 -4.727616533637046814e-02 -2.072879821062088013e-01 -3.704215586185455322e-01 -3.263173997402191162e-01 -2.476403713226318359e-01 2.940624058246612549e-01 7.184987515211105347e-02 5.273331999778747559e-01 -2.204628437757492065e-01 -3.487395942211151123e-01 6.721943020820617676e-01 2.079807370901107788e-01 -5.312670767307281494e-02 8.837921619415283203e-01 1.552416980266571045e-01 3.552734553813934326e-01 5.997498631477355957e-01 -4.616363644599914551e-01 -7.041369080543518066e-01 5.401775836944580078e-01 -9.232954382896423340e-01 -1.849110871553421021e-01 8.270091414451599121e-01 1.250405013561248779e-01 -1.085634469985961914e+00 -1.862434595823287964e-01 -5.518317967653274536e-02 8.642796874046325684e-01 3.054193221032619476e-02 3.524053692817687988e-01 -8.990424275398254395e-01 4.015184342861175537e-01 2.872816622257232666e-01 -3.398105204105377197e-01 8.842582702636718750e-01 2.388929843902587891e+00 -3.517276942729949951e-01 -2.825665473937988281e-01 -3.780387639999389648e-01 6.499233841896057129e-01 2.133376449346542358e-01 -3.992304578423500061e-02 1.057313084602355957e+00 -8.365703225135803223e-01 -7.583866119384765625e-01 -1.696901559829711914e+00 -6.602253764867782593e-02 -1.221935868263244629e+00 -1.014994740486145020e+00 -1.688037395477294922e+00 5.660443902015686035e-01 3.384852111339569092e-01 -5.196887254714965820e-01 -1.975132524967193604e-01 -1.151123717427253723e-01 -7.955079078674316406e-01 5.618879795074462891e-01 -8.593057096004486084e-02 -2.876712083816528320e-01 1.951942592859268188e-01 9.082420468330383301e-01
3.493308722972869873e-01 2.917687594890594482e-01 4.404287338256835938e-01 2.140170782804489136e-01 3.280993402004241943e-01 2.418734133243560791e-01 4.235068559646606445e-01 6.576957106590270996e-01 3.704968392848968506e-01 1.584277004003524780e-01 2.381579950451850891e-02 3.800877332687377930e-01 -5.741104483604431152e-03 3.065437078475952148e-01 2.798729836940765381e-01 -2.167641818523406982e-01 3.224995732307434082e-01 9.280846267938613892e-02 5.100165009498596191e-01 -6.620245575904846191e-01 4.728191196918487549e-01 4.910456240177154541e-01 9.223844856023788452e-02 7.137946486473083496e-01 2.882972359657287598e-01 -5.485643148422241211e-01 1.405148208141326904e-01 8.172613978385925293e-01 -2.075517624616622925e-01 1.911534070968627930e-01 7.176924943923950195e-01 4.857410788536071777e-01 4.700640588998794556e-02 6.504698842763900757e-02 6.489205956459045410e-01 -1.768910735845565796e-01 2.153926491737365723e-01 1.453331410884857178e-01 -3.723828494548797607e-01 4.340033531188964844e-01 2.765415906906127930e-01 -2.190626785159111023e-02 2.262303531169891357e-01 3.721032142639160156e-01 1.532321423292160034e-01 -9.341428279876708984e-01 3.342638015747070312e-01 2.447834610939025879e-01 -2.940306812524795532e-02 -3.890684843063354492e-01 2.566120922565460205e-01 5.223720073699951172e-01 7.131102681159973145e-02 3.327547907829284668e-01 -9.371327757835388184e-01 1.502817571163177490e-01 -1.163934022188186646e-01 2.075122594833374023e-01 -4.895979464054107666e-01 -1.209305882453918457e+00 5.633790493011474609e-01 1.331973373889923096e-01 4.932153224945068359e-02 -1.148220658302307129e+00
-6.976259350776672363e-01 -9.411772489547729492e-01 7.568889856338500977e-01 -3.458165228366851807e-01 5.380573272705078125e-01 9.091489315032958984e-01 -5.229471921920776367e-01 -1.676644444465637207e+00 6.971049904823303223e-01 3.121987581253051758e-01 9.490635246038436890e-02 4.521948695182800293e-01 -8.719134330749511719e-01 4.387768805027008057e-01 2.236468642950057983e-01 3.311237394809722900e-01 3.109502494335174561e-01 2.157815933227539062e+00 7.145540714263916016e-01 1.655310839414596558e-01 -7.230986356735229492e-01 6.825641393661499023e-01 6.184769272804260254e-01 2.174330234527587891e+00 4.131725430488586426e-01 -6.172496080398559570e-01 1.110941320657730103e-01 -4.304411113262176514e-01 2.651924192905426025e-01 -2.276725172996520996e-01 9.483479261398315430e-01 -8.949030041694641113e-01 -1.308519989252090454e-01 -7.810956984758377075e-02 1.705105006694793701e-01 6.070389747619628906e-01 1.125005960464477539e+00 -2.539066970348358154e-01 -1.643715947866439819e-01 -2.174995094537734985e-01 2.002910524606704712e-01 2.141822725534439087e-01 1.006688326597213745e-01 2.792089879512786865e-01 -1.229858845472335815e-01 -1.299229502677917480e+00 -8.296303749084472656e-01 -5.867161974310874939e-02 -2.138860821723937988e-01 -9.380437731742858887e-01 -8.131299018859863281e-01 3.107540607452392578e-01 2.719175219535827637e-01 4.061291217803955078e-01 1.015486121177673340e+00 -1.771564930677413940e-01 1.230632662773132324e+00 1.852071029134094715e-03 -9.184027910232543945e-01 -6.219054460525512695e-01 9.749702215194702148e-01 6.236508488655090332e-01 4.832634925842285156e-01 -9.430845379829406738e-01
1.930684968829154968e-02 2.925793230533599854e-01 4.647983908653259277e-01 5.564978346228599548e-02 2.040825039148330688e-01 3.476931899785995483e-02 4.144096374511718750e-01 4.495515823364257812e-01 2.242972850799560547e-01 1.580293178558349609e-01 8.162472397089004517e-02 2.002821266651153564e-01 -9.687138721346855164e-03 2.392449527978897095e-01 -3.810537979006767273e-03 -2.635603547096252441e-01 2.551014125347137451e-01 -1.947360485792160034e-02 3.648276627063751221e-01 -8.607119917869567871e-01 3.517108261585235596e-01 5.184214711189270020e-01 -1.527017820626497269e-02 8.597503900527954102e-01 1.629392206668853760e-01 -5.310602784156799316e-01 1.059561129659414291e-02 8.297513723373413086e-01 -3.023943305015563965e-01 7.264040410518646240e-02 5.701397657394409180e-01 4.482363462448120117e-01 3.300042450428009033e-02 -3.764520585536956787e-02 5.357061028480529785e-01 -3.512395024299621582e-01 2.136517763137817383e-01 6.977105885744094849e-02 -2.928496301174163818e-01 5.106610059738159180e-01 3.366807997226715088e-01 -2.115017920732498169e-01 9.186429530382156372e-02 2.792010009288787842e-01 -1.061086431145668030e-01 -9.737895131111145020e-01 2.657265365123748779e-01 -1.370604895055294037e-02 7.418204843997955322e-02 -1.760985255241394043e-01 8.401709794998168945e-02 3.807447254657745361e-01 4.618050530552864075e-03 1.754118353128433228e-01 -7.786508798599243164e-01 4.611099883913993835e-02 -3.280825614929199219e-01 1.637440323829650879e-01 -5.243752002716064453e-01 -1.407425284385681152e+00 4.424749612808227539e-01 -5.901204422116279602e-02 -1.357766538858413696e-01 -1.167391419410705566e+00
2.843548953533172607e-01 2.159846723079681396e-01 -6.456037759780883789e-01 5.757433176040649414e-01 -5.897978693246841431e-02 3.494150340557098389e-01 1.150638222694396973e+00 8.748399019241333008e-01 2.836888730525970459e-01 -4.225817024707794189e-01 1.041535437107086182e-01 -1.132081270217895508e+00 5.238173007965087891e-01 4.180276989936828613e-01 5.464471578598022461e-01 -1.643681406974792480e+00 5.688021779060363770e-01 6.807354688644409180e-01 -2.553662538528442383e+00 9.406356215476989746e-01 4.339725971221923828e-01 -3.402894139289855957e-01 3.312959372997283936e-01 -2.383382558822631836e+00 -8.265600204467773438e-01 -6.127014756202697754e-01 3.305588662624359131e-01 2.117439508438110352e-01 2.913985848426818848e-01 -2.260036617517471313e-01 1.603350937366485596e-01 9.776882082223892212e-02 1.021709144115447998e-01 5.686904788017272949e-01 -8.490770459175109863e-01 5.887844562530517578e-01 -5.353851318359375000e+00 5.214092135429382324e-01 4.922997355461120605e-01 -1.812522113323211670e-01 7.066406011581420898e-01 1.348321288824081421e-01 5.467444658279418945e-01 3.306414783000946045e-01 3.440273460000753403e-03 6.818347573280334473e-01 4.265835285186767578e-01 8.897553086280822754e-01 4.385688602924346924e-01 6.766343116760253906e-01 1.816988885402679443e-01 -3.016308844089508057e-01 -3.757518529891967773e-01 7.307177782058715820e-02 -3.572904765605926514e-01 -2.367860823869705200e-01 1.798421442508697510e-01 6.073942184448242188e-01 1.078692317008972168e+00 2.390967130661010742e+00 -7.359065413475036621e-01 6.844751238822937012e-01 7.484910488128662109e-01 -1.703909039497375488e+00
2.981989681720733643e-01 8.099994808435440063e-02 -3.416048586368560791e-01 5.098466277122497559e-01 -2.108417600393295288e-01 -3.527702391147613525e-01 1.098028570413589478e-01 1.046181440353393555e+00 4.816106855869293213e-01 -2.732886970043182373e-01 -3.343983888626098633e-01 -1.427211523056030273e+00 6.521438956260681152e-01 -8.085562288761138916e-02 1.106452420353889465e-01 4.820137917995452881e-01 -1.101085767149925232e-01 -3.459174871444702148e+00 -3.647222518920898438e-01 1.098350524902343750e+00 -8.117431402206420898e-02 -2.771624624729156494e-01 7.030630111694335938e-01 -2.927398443222045898e+00 -2.164076566696166992e-01 4.472111165523529053e-01 4.352326691150665283e-02 -5.771500468254089355e-01 3.791647672653198242e+00 1.830855198204517365e-02 -9.033885598182678223e-01 3.783043920993804932e-01 7.390158716589212418e-03 -5.636516492813825607e-03 -7.610572576522827148e-01 9.701628983020782471e-02 -7.870627641677856445e-01 7.325451374053955078e-01 -1.091547012329101562e+00 -1.219270348548889160e+00 -4.927806854248046875e-01 2.482413202524185181e-01 8.483288437128067017e-02 3.155888617038726807e-01 -2.676063776016235352e-01 9.378880858421325684e-01 7.819469571113586426e-01 -1.532125473022460938e-01 -6.914382576942443848e-01 -8.236989378929138184e-01 1.981066018342971802e-01 1.742159277200698853e-01 2.435243427753448486e-01 -5.184617638587951660e-01 -1.223290562629699707e+00 -3.294912815093994141e+00 -5.439147353172302246e-03 -8.732012938708066940e-04 -1.168411493301391602e+00 -2.931816875934600830e-01 1.003934144973754883e+00 6.449692845344543457e-01 2.754989266395568848e-01 -5.995047688484191895e-01
2.152102887630462646e-01 -4.653180241584777832e-01 -8.286953568458557129e-01 4.294934496283531189e-02 -1.725604087114334106e-01 -1.449813842773437500e-01 -4.079361915588378906e+00 7.260113209486007690e-02 1.594874858856201172e-01 -7.345432043075561523e-01 -5.043870583176612854e-02 8.781937882304191589e-03 -4.235844314098358154e-01 1.394785046577453613e+00 1.841765940189361572e-01 5.603478550910949707e-01 5.034925043582916260e-02 3.304278552532196045e-01 2.320151180028915405e-01 2.235548019409179688e+00 -9.367649257183074951e-02 -8.734647631645202637e-01 1.877592444419860840e+00 5.776257514953613281e-01 -3.009279668331146240e-01 1.188411235809326172e+00 -1.330544520169496536e-02 -8.124615550041198730e-01 -8.086394667625427246e-01 1.666835248470306396e-01 -2.612024247646331787e-01 1.299729496240615845e-01 1.802350282669067383e-01 2.675441503524780273e-01 -1.331579327583312988e+00 2.245831489562988281e-01 1.187730655074119568e-01 -1.984134316444396973e-01 8.992378711700439453e-01 -1.598344326019287109e+00 6.809439659118652344e-01 1.972716301679611206e-01 2.717048525810241699e-01 2.052223384380340576e-01 3.704885840415954590e-01 1.327485918998718262e+00 3.511181473731994629e-01 1.841118931770324707e-01 2.348006367683410645e-01 5.626997351646423340e-01 3.534038364887237549e-01 3.887341618537902832e-01 2.940570190548896790e-02 -2.066451460123062134e-01 3.436977416276931763e-02 4.630802869796752930e-01 4.662725925445556641e-01 5.007932186126708984e-01 1.486393928527832031e+00 -1.288061738014221191e+00 1.306710690259933472e-01 8.044971153140068054e-03 4.652599692344665527e-01 5.018569827079772949e-01
-2.461604587733745575e-02 5.581688880920410156e-01 -2.484839856624603271e-01 6.536859273910522461e-02 8.550275117158889771e-02 -4.330846667289733887e-02 -5.342167019844055176e-01 -2.653127014636993408e-01 1.822302788496017456e-01 6.865620017051696777e-01 -5.669998377561569214e-02 7.584927082061767578e-01 5.914742499589920044e-02 -7.258549332618713379e-02 2.572602825239300728e-03 -2.528647482395172119e-01 7.724229246377944946e-02 3.062934875488281250e-01 -8.850641846656799316e-01 8.857690095901489258e-01 3.592623770236968994e-01 -3.527721464633941650e-01 1.588705331087112427e-01 1.439809918403625488e+00 2.074106335639953613e-01 8.363866806030273438e-01 2.987227141857147217e-01 -2.350707530975341797e+00 -3.059631884098052979e-01 2.447756081819534302e-01 -2.193274974822998047e+00 -1.853680461645126343e-01 -5.764384269714355469e-01 7.362008094787597656e-01 -3.887561261653900146e-01 5.838969945907592773e-01 2.245954126119613647e-01 -3.716410100460052490e-01 4.118201732635498047e-01 -3.646120056509971619e-02 6.426983475685119629e-01 3.002281785011291504e-01 -3.333878517150878906e-01 3.448699116706848145e-01 1.356883496046066284e-01 1.122517943382263184e+00 2.666927874088287354e-01 3.275819122791290283e-01 4.450847804546356201e-01 2.963726282119750977e+00 1.204100549221038818e-01 -9.518440812826156616e-03 6.484640240669250488e-01 -1.159292340278625488e+00 6.181852817535400391e-01 1.174630224704742432e-01 6.071840524673461914e-01 -1.757371276617050171e-01 2.559380531311035156e+00 1.896968126296997070e+00 -1.230591297149658203e+00 -2.939852774143218994e-01 6.107718870043754578e-02 4.213612079620361328e-01
-2.511686682701110840e-01 8.621666580438613892e-02 -8.138931542634963989e-02 -1.677388399839401245e-01 -5.120831131935119629e-01 -4.847626090049743652e-01 -2.215588092803955078e-02 2.847747206687927246e-01 -1.963927000761032104e-01 -7.516428828239440918e-03 -2.435646456433460116e-04 -2.865093946456909180e-01 -1.638393402099609375e-01 4.622347652912139893e-01 -2.021769732236862183e-01 -8.025611639022827148e-01 -1.965649574995040894e-01 3.262794911861419678e-01 -2.542900741100311279e-01 -1.084039092063903809e+00 1.748963892459869385e-01 2.797336280345916748e-01 -1.851959079504013062e-01 3.780588805675506592e-01 -3.365472555160522461e-01 -4.631628394126892090e-01 1.976244747638702393e-01 1.839260905981063843e-01 -7.669138908386230469e-02 -1.330550163984298706e-01 3.024549186229705811e-01 1.272278428077697754e-01 4.055575281381607056e-02 -4.601649940013885498e-01 1.730436325073242188e+00 -5.385450720787048340e-01 3.739368170499801636e-02 -4.031615257263183594e-01 -5.443350225687026978e-02 2.168498337268829346e-01 3.386297076940536499e-02 -2.754669785499572754e-01 -9.201996773481369019e-02 -2.333235442638397217e-01 -2.992044687271118164e-01 -9.012752771377563477e-01 5.778585094958543777e-03 -2.859525680541992188e-01 -2.140104770660400391e-01 -3.039263188838958740e-01 8.167604357004165649e-02 7.423786818981170654e-02 -2.604482471942901611e-01 -3.525372445583343506e-01 -9.231696724891662598e-01 7.297053188085556030e-02 -7.623900175094604492e-01 1.755879819393157959e-01 -8.407559990882873535e-01 -1.658334493637084961e+00 2.307160496711730957e-01 -3.246947824954986572e-01 -1.872117668390274048e-01 -1.597381711006164551e+00
3.362418413162231445e-01 3.009424805641174316e-01 6.005171537399291992e-01 1.546425223350524902e-01 3.593634068965911865e-01 2.224630564451217651e-01 3.576069474220275879e-01 6.734346747398376465e-01 3.881873190402984619e-01 1.580364257097244263e-02 -1.351897269487380981e-01 3.354649245738983154e-01 1.270489692687988281e-01 2.619044482707977295e-01 3.023562133312225342e-01 -3.435173332691192627e-01 1.726516187191009521e-01 5.847655236721038818e-02 5.412523746490478516e-01 -6.466281414031982422e-01 3.514504134654998779e-01 4.814442098140716553e-01 1.379203498363494873e-01 7.165193557739257812e-01 3.059799969196319580e-01 -4.851101338863372803e-01 1.003519371151924133e-01 8.542693853378295898e-01 -2.604155838489532471e-01 2.462817877531051636e-01 5.732201337814331055e-01 4.836475551128387451e-01 1.247840896248817444e-01 2.719365805387496948e-02 6.188784241676330566e-01 -2.905629277229309082e-01 3.208346366882324219e-01 -1.351284701377153397e-02 -5.093648433685302734e-01 5.647101402282714844e-01 3.728995323181152344e-01 -1.229793205857276917e-01 1.728561818599700928e-01 1.939944326877593994e-01 1.182781830430030823e-01 -1.004968643188476562e+00 3.316279351711273193e-01 2.128130942583084106e-01 -5.344110354781150818e-02 -1.742736846208572388e-01 1.158568412065505981e-01 4.282190203666687012e-01 -6.941203027963638306e-02 3.451364934444427490e-01 -7.492539286613464355e-01 -1.465127523988485336e-02 -1.312385648488998413e-01 1.639333516359329224e-01 -4.186335802078247070e-01 -1.285753250122070312e+00 5.211648941040039062e-01 -4.203977435827255249e-02 -3.568667173385620117e-02 -1.161715507507324219e+00
1.875032484531402588e-01 4.130925238132476807e-02 -1.462998092174530029e-01 2.456422299146652222e-01 3.544943928718566895e-01 9.333041310310363770e-02 -1.120067477226257324e+00 -2.041522040963172913e-02 3.143934532999992371e-02 4.601006507873535156e-01 4.742052555084228516e-01 -2.839291393756866455e-01 1.887563765048980713e-01 -1.864940285682678223e+00 2.220521271228790283e-01 3.676643669605255127e-01 3.612601459026336670e-01 -1.535266041755676270e+00 2.049812823534011841e-01 1.129099965095520020e+00 -5.149896144866943359e-01 -1.663405001163482666e-01 6.951550394296646118e-02 -6.186631917953491211e-01 4.173186719417572021e-01 6.710011959075927734e-01 7.190280407667160034e-02 -2.781130313873291016e+00 2.399826526641845703e+00 -2.245087623596191406e+00 -2.797847986221313477e-01 2.759603261947631836e-01 3.962458297610282898e-02 -6.243845820426940918e-01 2.794720530509948730e-01 9.484474360942840576e-02 1.908561401069164276e-02 -6.268463134765625000e-01 -2.905803322792053223e-01 -2.584302425384521484e+00 7.726338505744934082e-02 7.834912091493606567e-02 3.833432793617248535e-01 3.901883661746978760e-01 -3.598375320434570312e-01 2.230336189270019531e+00 5.688488483428955078e-01 2.261111736297607422e-01 6.237162649631500244e-02 8.238380551338195801e-01 4.120164215564727783e-01 4.836145043373107910e-01 -8.911573886871337891e-01 2.563307881355285645e-01 1.625441163778305054e-01 -3.526574075222015381e-01 7.704500854015350342e-02 4.175965189933776855e-01 1.179568648338317871e+00 -7.650260329246520996e-01 -9.605204463005065918e-01 1.271866112947463989e-01 2.644578218460083008e-01 -2.654065191745758057e-02
4.837746545672416687e-02 -8.054846525192260742e-02 -1.820027828216552734e-01 -3.731054067611694336e-01 3.157358467578887939e-01 5.436130799353122711e-03 -4.783100485801696777e-01 -1.907582134008407593e-01 3.065456263720989227e-02 9.604025632143020630e-02 4.845393598079681396e-01 1.213037669658660889e-01 -5.819773674011230469e-01 -2.164729684591293335e-02 1.839496493339538574e-01 3.758050203323364258e-01 4.589786231517791748e-01 -3.545669615268707275e-01 -6.832441687583923340e-01 1.007106661796569824e+00 -1.001881137490272522e-01 -6.084811091423034668e-01 7.345931529998779297e-01 -4.726605713367462158e-01 -3.302886337041854858e-02 5.313780903816223145e-01 2.990563958883285522e-02 -1.237783670425415039e+00 -1.203384101390838623e-01 2.545847892761230469e-01 -3.036057353019714355e-01 -5.073396489024162292e-02 -1.722608953714370728e-01 -5.542811006307601929e-02 -8.688340783119201660e-01 3.516769707202911377e-01 -2.460342645645141602e-02 3.186384439468383789e-01 1.042727947235107422e+00 -2.268257737159729004e-01 -1.276667267084121704e-01 4.310571253299713135e-01 3.246678113937377930e-01 -3.632461884990334511e-03 2.073231935501098633e-01 4.755081832408905029e-01 4.121598228812217712e-02 1.568172127008438110e-02 1.858375817537307739e-01 4.920839369297027588e-01 -2.944759130477905273e-01 1.453607678413391113e-01 4.817227125167846680e-01 -1.472668498754501343e-01 2.644915878772735596e-01 2.974093146622180939e-02 4.910598397254943848e-01 9.632512927055358887e-02 1.303247690200805664e+00 5.697376132011413574e-01 -1.809718608856201172e-01 4.720803201198577881e-01 2.206241786479949951e-01 3.340533971786499023e-01
8.777314424514770508e-02 7.234250754117965698e-02 5.170983076095581055e-01 -2.100181281566619873e-01 3.895909488201141357e-01 -4.014501869678497314e-01 -9.553332924842834473e-01 -2.250496745109558105e-01 -9.756382703781127930e-01 1.774909794330596924e-01 -1.556055992841720581e-01 1.115661978721618652e+00 -5.888445377349853516e-01 6.509713530540466309e-01 -1.804621890187263489e-02 -1.579150930047035217e-02 -7.656822800636291504e-01 -3.839696645736694336e-01 1.996020823717117310e-01 1.720229387283325195e+00 -3.955811560153961182e-01 2.808704972267150879e-01 1.527227044105529785e+00 -7.179085165262222290e-02 3.508940041065216064e-01 2.925601899623870850e-01 2.487348616123199463e-01 -5.524862766265869141e+00 1.758769899606704712e-01 1.448656059801578522e-02 -2.004072666168212891e+00 1.564284116029739380e-01 3.189457058906555176e-01 -8.576592057943344116e-02 2.619570970535278320e+00 -4.895405471324920654e-01 -1.150861307978630066e-01 -2.398664504289627075e-01 9.062956571578979492e-01 -3.303424417972564697e-01 3.239041864871978760e-01 1.235779449343681335e-01 -4.998413026332855225e-01 -5.518979430198669434e-01 9.889075160026550293e-02 1.657625079154968262e+00 7.591277360916137695e-02 2.447309046983718872e-01 -1.106586232781410217e-01 7.405930161476135254e-01 1.829361617565155029e-01 -1.585915684700012207e-01 1.965625286102294922e-01 6.566649079322814941e-01 4.661834239959716797e-01 3.995364904403686523e-01 5.284944176673889160e-01 1.818176209926605225e-01 -3.734636306762695312e-01 -1.589579463005065918e+00 -4.498043537139892578e+00 3.578463792800903320e-01 6.778461337089538574e-01 6.512282490730285645e-01
1.880049407482147217e-01 3.150397539138793945e-01 4.628657102584838867e-01 2.095204740762710571e-01 2.365632206201553345e-01 1.820078492164611816e-01 5.263283252716064453e-01 4.735384285449981689e-01 3.616136312484741211e-01 1.168288812041282654e-01 6.467031687498092651e-02 3.001283407211303711e-01 1.623833552002906799e-02 3.152354955673217773e-01 1.812261343002319336e-01 -1.884741634130477905e-01 2.682080566883087158e-01 1.057797521352767944e-01 3.104014694690704346e-01 -6.902281641960144043e-01 2.866346240043640137e-01 6.405663490295410156e-01 5.481623485684394836e-02 7.083247900009155273e-01 2.251435071229934692e-01 -5.578610897064208984e-01 3.588905930519104004e-02 9.788146615028381348e-01 -1.798334419727325439e-01 1.612098664045333862e-01 5.559217333793640137e-01 3.687027096748352051e-01 2.407119721174240112e-01 -2.865522913634777069e-02 5.977728366851806641e-01 -4.090150892734527588e-01 2.785325050354003906e-01 4.062205180525779724e-02 -3.539317250251770020e-01 4.558346569538116455e-01 2.752232253551483154e-01 -1.144328415393829346e-01 1.263507902622222900e-01 2.255178540945053101e-01 9.280647151172161102e-03 -1.103736519813537598e+00 2.969458103179931641e-01 2.386841773986816406e-01 7.555516064167022705e-02 -3.984455168247222900e-01 1.672473400831222534e-01 3.947451114654541016e-01 5.274429544806480408e-02 1.021390110254287720e-01 -9.028722047805786133e-01 1.524913776665925980e-02 -5.067643523216247559e-02 1.048836559057235718e-01 -6.061304211616516113e-01 -1.355848908424377441e+00 4.688034653663635254e-01 -1.246118918061256409e-03 -4.646471515297889709e-02 -1.123299241065979004e+00
1.688607931137084961e-01 -1.779686659574508667e-01 -1.522889584302902222e-01 -1.260762065649032593e-01 1.488245576620101929e-01 -3.327308893203735352e-01 -1.536624282598495483e-01 -2.494984418153762817e-01 1.702488809823989868e-01 -2.834241092205047607e-01 8.239161968231201172e-01 2.398116588592529297e-01 -4.096469283103942871e-01 -1.533265877515077591e-02 2.721100114285945892e-02 3.717548549175262451e-01 -7.073517888784408569e-02 -2.911870181560516357e-01 -1.953662633895874023e-01 1.141411542892456055e+00 -1.216025874018669128e-01 -4.740852713584899902e-01 7.015489339828491211e-01 -3.397627174854278564e-01 4.423502460122108459e-02 2.168998420238494873e-01 1.993341445922851562e-01 -1.132923126220703125e+00 1.215240210294723511e-01 1.771588176488876343e-01 1.111251935362815857e-01 -3.230885788798332214e-02 7.232008129358291626e-02 -2.599353194236755371e-01 -1.013832449913024902e+00 3.330222964286804199e-01 -1.447866857051849365e-01 -2.919499278068542480e-01 1.080747246742248535e+00 -2.223737388849258423e-01 8.949764817953109741e-02 -4.162824153900146484e-02 2.078092247247695923e-01 2.365490943193435669e-01 -5.886742845177650452e-02 6.494009494781494141e-01 3.258419632911682129e-01 2.747864127159118652e-01 -1.621115207672119141e-01 -1.230179369449615479e-01 -2.297217845916748047e-01 1.146128848195075989e-01 -1.579990983009338379e-01 -2.614665031433105469e-01 3.667277470231056213e-02 -1.337046921253204346e-01 2.374885827302932739e-01 2.497408986091613770e-01 2.472708225250244141e-01 6.569895744323730469e-01 4.803018271923065186e-01 2.929272353649139404e-01 1.971652507781982422e-01 6.890740394592285156e-01
1.246193647384643555e-01 2.571339011192321777e-01 4.709179699420928955e-01 1.808412224054336548e-01 2.196789681911468506e-01 2.066990435123443604e-01 4.257076084613800049e-01 4.020705819129943848e-01 4.108910560607910156e-01 1.250244081020355225e-01 2.015057019889354706e-03 1.985224634408950806e-01 7.920347899198532104e-02 2.720973491668701172e-01 1.047697141766548157e-01 -1.732617616653442383e-01 1.222973167896270752e-01 1.980421394109725952e-01 2.667714655399322510e-01 -6.840091347694396973e-01 2.271757572889328003e-01 6.016294360160827637e-01 -2.169527579098939896e-03 8.828037977218627930e-01 5.042123049497604370e-02 -4.342415332794189453e-01 1.797342300415039062e-01 7.352280020713806152e-01 -7.399392127990722656e-02 2.065985500812530518e-01 7.204827070236206055e-01 2.498594522476196289e-01 1.211240589618682861e-01 -6.910919398069381714e-02 7.124078869819641113e-01 -4.141976833343505859e-01 1.077406555414199829e-01 1.074779406189918518e-01 -2.941493391990661621e-01 3.837122023105621338e-01 3.883992433547973633e-01 -2.109500765800476074e-01 1.749326437711715698e-01 2.583169639110565186e-01 2.008687518537044525e-02 -1.062825441360473633e+00 1.400334089994430542e-01 1.508080065250396729e-01 1.138509903103113174e-02 -2.249105274677276611e-01 1.672478020191192627e-01 4.096268713474273682e-01 1.168160215020179749e-01 1.907155960798263550e-01 -7.886794805526733398e-01 1.324997544288635254e-01 -2.016634196043014526e-01 1.905699670314788818e-01 -4.680983722209930420e-01 -1.391072630882263184e+00 5.115109682083129883e-01 1.042552515864372253e-01 -7.902238517999649048e-02 -9.957840442657470703e-01
1.724100112915039062e-01 3.786495625972747803e-01 4.686628878116607666e-01 3.540317118167877197e-01 3.766354322433471680e-01 7.034859806299209595e-02 3.716234862804412842e-01 4.954701066017150879e-01 3.716296851634979248e-01 1.115420162677764893e-01 -5.752947553992271423e-02 4.080627560615539551e-01 -4.585669934749603271e-02 4.199470579624176025e-01 2.452687919139862061e-01 -1.272727847099304199e-01 2.874678373336791992e-01 -3.385077416896820068e-02 5.491644144058227539e-01 -7.267456650733947754e-01 3.161523044109344482e-01 6.053702831268310547e-01 1.609220206737518311e-01 7.784070968627929688e-01 2.043079286813735962e-01 -4.246490001678466797e-01 1.436421871185302734e-01 8.246974349021911621e-01 -1.902962028980255127e-01 2.274862378835678101e-01 5.557267069816589355e-01 4.035945534706115723e-01 1.858203411102294922e-01 -3.373898938298225403e-02 6.822304129600524902e-01 -3.737240731716156006e-01 3.509539365768432617e-01 6.799376755952835083e-02 -4.566493928432464600e-01 5.031034946441650391e-01 2.799398899078369141e-01 -1.472621411085128784e-01 1.971156448125839233e-01 3.548818826675415039e-01 5.357409268617630005e-02 -9.882928133010864258e-01 3.458405137062072754e-01 2.047802507877349854e-01 1.228562816977500916e-01 -2.407021969556808472e-01 1.901528388261795044e-01 5.502344369888305664e-01 1.424310207366943359e-01 2.697563171386718750e-01 -8.840792775154113770e-01 -1.777717657387256622e-02 -1.736976206302642822e-01 4.618009924888610840e-02 -5.065824985504150391e-01 -1.172054529190063477e+00 6.229977607727050781e-01 5.138160288333892822e-02 -5.339911580085754395e-02 -1.199988126754760742e+00
2.708533406257629395e-01 3.826521933078765869e-01 6.310123801231384277e-01 3.095827400684356689e-01 3.929226696491241455e-01 3.317795097827911377e-01 5.036421418190002441e-01 6.698936223983764648e-01 3.619202971458435059e-01 2.242795191705226898e-02 -5.236342176795005798e-02 2.039165049791336060e-01 -1.974497549235820770e-02 4.639535546302795410e-01 3.258898854255676270e-01 -2.662198841571807861e-01 4.087333083152770996e-01 8.067893236875534058e-02 3.803957700729370117e-01 -7.069416642189025879e-01 5.002156496047973633e-01 6.605278849601745605e-01 5.145487189292907715e-02 8.875325322151184082e-01 2.692106068134307861e-01 -4.687796533107757568e-01 1.979200839996337891e-01 8.847215771675109863e-01 -1.503552198410034180e-01 2.582916319370269775e-01 7.448585629463195801e-01 6.077265739440917969e-01 1.478324234485626221e-01 1.360700428485870361e-01 6.105010509490966797e-01 -3.225948810577392578e-01 3.022873699665069580e-01 5.054500326514244080e-02 -5.234176516532897949e-01 5.018059015274047852e-01 3.292366266250610352e-01 -1.013946086168289185e-01 1.657151579856872559e-01 3.044120967388153076e-01 1.675860136747360229e-01 -1.115059018135070801e+00 2.580872178077697754e-01 1.711388230323791504e-01 8.661764673888683319e-03 -3.405947089195251465e-01 1.315260380506515503e-01 5.165898203849792480e-01 1.104495823383331299e-01 3.268506228923797607e-01 -7.990280985832214355e-01 1.337389051914215088e-01 -2.499899268150329590e-02 2.050032019615173340e-01 -4.378440976142883301e-01 -1.283855915069580078e+00 6.539835333824157715e-01 1.905120350420475006e-02 -7.208831608295440674e-02 -1.158017754554748535e+00
7.137054111808538437e-03 -4.598898291587829590e-01 -3.945006728172302246e-01 -1.849993914365768433e-01 1.559526175260543823e-01 3.940957784652709961e-01 -9.480171203613281250e-01 1.452558040618896484e-01 4.733340442180633545e-01 1.810585334897041321e-02 1.345619857311248779e-01 -7.791829109191894531e-02 -1.002249836921691895e+00 -6.339328885078430176e-01 1.709364950656890869e-01 1.815294176340103149e-01 8.819407820701599121e-01 -1.780428051948547363e+00 1.958048194646835327e-01 1.992744922637939453e+00 -4.052877724170684814e-01 -5.116112232208251953e-01 8.928832411766052246e-01 -9.876283258199691772e-02 2.895650081336498260e-02 4.033034443855285645e-01 1.049787849187850952e-01 -2.326329231262207031e+00 2.595819950103759766e+00 -5.295972824096679688e-01 -2.280103266239166260e-01 6.093893572688102722e-02 2.709328532218933105e-01 -2.688339054584503174e-01 -1.355266809463500977e+00 1.102962791919708252e-01 -1.705891340970993042e-01 -2.407421618700027466e-01 -4.592431187629699707e-01 -1.218506813049316406e+00 -4.443271830677986145e-02 -1.840588599443435669e-01 2.853811979293823242e-01 2.922851145267486572e-01 2.734063193202018738e-02 1.204680323600769043e+00 2.445438951253890991e-01 3.865557722747325897e-03 -3.981662541627883911e-02 -4.136573076248168945e-01 3.760034590959548950e-02 8.620508015155792236e-02 3.481544554233551025e-01 1.457639932632446289e-01 -2.663478851318359375e-01 -2.946236170828342438e-02 7.448671013116836548e-02 -1.975052952766418457e-01 -2.799808979034423828e-01 -4.691118299961090088e-01 6.294558644294738770e-01 -1.134804338216781616e-01 6.455617547035217285e-01 1.900126188993453979e-01
-1.750625669956207275e-01 6.002587452530860901e-02 -2.911773025989532471e-01 2.850143313407897949e-01 -5.494633913040161133e-01 1.317365616559982300e-01 1.957397013902664185e-01 3.660857677459716797e+00 6.104994416236877441e-01 -5.081795454025268555e-01 -8.978796005249023438e-02 -4.577923774719238281e+00 1.040792912244796753e-01 -8.941018581390380859e-02 -7.323233783245086670e-02 1.270895838737487793e+00 6.753596067428588867e-01 -1.224374055862426758e+00 -3.364436388015747070e+00 7.255018949508666992e-01 9.287329763174057007e-02 -4.126887023448944092e-01 -3.532178997993469238e-01 -6.800910234451293945e-01 -3.695936799049377441e-01 2.683862745761871338e-01 -1.263275891542434692e-01 -2.560628652572631836e+00 3.785152435302734375e+00 -1.248226165771484375e+00 2.812800407409667969e-01 3.203812229912728071e-04 2.596213817596435547e-01 -3.407505154609680176e-01 4.036355763673782349e-02 3.232000023126602173e-02 -1.842734932899475098e+00 -8.016410283744335175e-03 -3.719624876976013184e-01 -9.419920444488525391e-01 3.153347969055175781e-01 -1.445378214120864868e-01 2.864114046096801758e-01 1.731389164924621582e-01 -1.943918585777282715e+00 8.242704868316650391e-01 5.785507615655660629e-03 -1.376149952411651611e-01 5.464877486228942871e-01 -1.234172821044921875e+00 1.809231191873550415e-01 -4.965211823582649231e-02 1.702173203229904175e-01 1.770204603672027588e-01 -1.349151492118835449e+00 -3.599418997764587402e-01 9.828109741210937500e-01 -4.818764626979827881e-01 -1.876051723957061768e-01 3.161013498902320862e-02 -4.024900496006011963e-01 -3.916853293776512146e-02 1.966271162033081055e+00 -2.914913594722747803e-01
1.889067292213439941e-01 4.831261634826660156e-01 2.690939307212829590e-01 -3.932101652026176453e-02 3.598544001579284668e-01 -6.211153864860534668e-01 -6.136919856071472168e-01 -4.225895404815673828e-01 -2.736726403236389160e-01 5.827485322952270508e-01 1.643396168947219849e-01 4.911108911037445068e-01 1.015494298189878464e-02 -4.555276930332183838e-01 -6.110427901148796082e-02 3.096739053726196289e-01 -1.458916813135147095e-01 -1.161388605833053589e-01 -7.623255252838134766e-01 1.140605688095092773e+00 4.196124672889709473e-01 -2.716005742549896240e-01 3.465002775192260742e-01 -6.797958910465240479e-02 1.933617591857910156e-01 5.796318054199218750e-01 8.845762163400650024e-02 -8.351202011108398438e-01 -1.963601261377334595e-01 7.136976122856140137e-01 -1.468758583068847656e+00 -1.255250871181488037e-01 -3.574154675006866455e-01 2.590218782424926758e-01 -3.507331907749176025e-01 6.121353507041931152e-01 2.034436613321304321e-01 1.918346136808395386e-01 4.609700143337249756e-01 5.447631701827049255e-02 3.999031484127044678e-01 5.959513783454895020e-01 -4.325426220893859863e-01 -4.721305146813392639e-02 3.452528119087219238e-01 1.256068587303161621e+00 2.224026322364807129e-01 3.236393630504608154e-02 4.752671718597412109e-01 2.336388826370239258e+00 1.323522776365280151e-01 -6.804089248180389404e-02 9.011782407760620117e-01 -7.754281163215637207e-01 5.252897143363952637e-01 2.880727946758270264e-01 7.072008848190307617e-01 3.481638729572296143e-01 1.421003341674804688e+00 1.131662964820861816e+00 -5.320831537246704102e-01 5.131294131278991699e-01 2.118156701326370239e-01 6.403045654296875000e-01
-5.124526470899581909e-02 -5.482869744300842285e-01 5.044044181704521179e-02 -5.936918258666992188e-01 -1.035303473472595215e+00 2.042010545730590820e+00 -1.942904293537139893e-01 2.105173915624618530e-01 4.470075070858001709e-01 6.039823405444622040e-03 1.709637045860290527e-01 -6.750482320785522461e-01 -2.392899245023727417e-01 -4.116358458995819092e-01 2.085023969411849976e-01 1.891196817159652710e-01 5.181783437728881836e-01 -1.324407935142517090e+00 4.693314135074615479e-01 2.700141966342926025e-01 -6.133082509040832520e-01 -4.147562086582183838e-01 1.241920143365859985e-01 -3.960666656494140625e-01 -8.198457956314086914e-01 5.292590856552124023e-01 2.480974346399307251e-01 -3.569761276245117188e+00 5.678222775459289551e-01 -9.250134229660034180e-01 3.328964710235595703e-01 -2.302093058824539185e-01 4.422008097171783447e-01 8.777473121881484985e-02 3.251174986362457275e-01 6.706208735704421997e-02 -7.301064133644104004e-01 1.222370415925979614e-01 2.192826747894287109e+00 -2.806378901004791260e-01 -1.490143239498138428e-01 -9.803349375724792480e-01 3.645806610584259033e-01 5.458548665046691895e-01 -5.952270701527595520e-02 5.142972469329833984e-01 -7.662345170974731445e-01 -1.568304151296615601e-01 -1.640888303518295288e-01 -3.262186944484710693e-01 -1.512898057699203491e-01 6.467618346214294434e-01 -4.529395699501037598e-01 5.700382590293884277e-01 8.329910039901733398e-01 9.689861536026000977e-01 2.155286371707916260e-01 -3.709506243467330933e-02 -6.313483119010925293e-01 1.032763838768005371e+00 3.587158620357513428e-01 7.324407994747161865e-02 1.827397644519805908e-01 1.194120764732360840e+00
4.014683067798614502e-01 5.103689432144165039e-01 6.049054861068725586e-01 4.280970394611358643e-01 4.542559981346130371e-01 3.250281512737274170e-01 5.347845554351806641e-01 6.248647570610046387e-01 4.619758129119873047e-01 1.418551653623580933e-01 7.807052135467529297e-02 3.192118704319000244e-01 -2.998616360127925873e-02 3.031590282917022705e-01 3.081532716751098633e-01 -2.508996427059173584e-01 3.700401186943054199e-01 9.890085086226463318e-03 5.629565119743347168e-01 -7.978233695030212402e-01 3.334618508815765381e-01 5.319709181785583496e-01 1.883980780839920044e-01 9.516195058822631836e-01 2.587741911411285400e-01 -4.188524484634399414e-01 2.604246884584426880e-02 9.194151759147644043e-01 -1.787441372871398926e-01 2.209289968013763428e-01 6.457319855690002441e-01 5.226571559906005859e-01 1.017835587263107300e-01 -3.881985554471611977e-03 6.967086195945739746e-01 -1.740187704563140869e-01 2.164139896631240845e-01 2.285685837268829346e-01 -4.756594002246856689e-01 5.852236151695251465e-01 4.200854003429412842e-01 -1.917470246553421021e-01 1.202678605914115906e-01 4.143719077110290527e-01 9.989584982395172119e-02 -9.187883138656616211e-01 2.523056566715240479e-01 1.400169432163238525e-01 1.767891645431518555e-01 -3.789672255516052246e-01 2.870914340019226074e-01 4.250165224075317383e-01 1.332920342683792114e-01 3.180510103702545166e-01 -8.954614996910095215e-01 1.066601276397705078e-01 -1.937638819217681885e-01 2.088979929685592651e-01 -5.987715721130371094e-01 -1.246358156204223633e+00 7.206489443778991699e-01 -9.962243959307670593e-03 7.930005341768264771e-02 -1.246208548545837402e+00
2.855558991432189941e-01 3.468285202980041504e-01 5.648310780525207520e-01 3.597852587699890137e-01 3.957049846649169922e-01 2.515241205692291260e-01 5.558979511260986328e-01 4.434004127979278564e-01 4.417749941349029541e-01 3.735129162669181824e-02 -1.259490251541137695e-01 2.523260712623596191e-01 8.618628233671188354e-02 4.159313142299652100e-01 2.281697392463684082e-01 -2.904569804668426514e-01 3.425927758216857910e-01 -3.786018118262290955e-02 4.828508794307708740e-01 -6.833587288856506348e-01 2.806968092918395996e-01 4.011489450931549072e-01 2.155183106660842896e-01 8.548662662506103516e-01 3.279737830162048340e-01 -5.613710284233093262e-01 -1.694507710635662079e-02 8.010453581809997559e-01 -1.538832485675811768e-01 1.825944483280181885e-01 5.175457000732421875e-01 4.607337117195129395e-01 1.462506651878356934e-01 1.437288373708724976e-01 7.194278240203857422e-01 -2.867638170719146729e-01 1.762959510087966919e-01 7.186498492956161499e-02 -3.150416016578674316e-01 5.210399031639099121e-01 2.235999256372451782e-01 -8.035505563020706177e-02 1.853282451629638672e-01 2.847630381584167480e-01 -5.532495677471160889e-02 -9.383984804153442383e-01 1.417561471462249756e-01 1.694047451019287109e-01 5.300836637616157532e-03 -1.935970187187194824e-01 2.963116168975830078e-01 3.330646753311157227e-01 1.325753610581159592e-02 1.310114413499832153e-01 -7.485181093215942383e-01 -8.846843615174293518e-03 -1.563097983598709106e-01 1.504553854465484619e-01 -5.910472869873046875e-01 -1.373835802078247070e+00 4.990545213222503662e-01 -3.856764733791351318e-02 -1.363833397626876831e-01 -1.228300690650939941e+00
7.051379233598709106e-02 -4.333654940128326416e-01 -5.901150703430175781e-01 2.995945215225219727e-01 -1.021994650363922119e-01 6.896367669105529785e-01 -1.231404915452003479e-01 -3.612621501088142395e-02 8.092612624168395996e-01 -5.564021691679954529e-02 -1.120889373123645782e-02 -3.854942917823791504e-01 6.403877399861812592e-03 -1.134860441088676453e-01 -3.006200492382049561e-02 3.037914447486400604e-02 6.026020646095275879e-01 -1.622660398483276367e+00 -9.936451166868209839e-02 1.094979643821716309e+00 -1.619955152273178101e-01 -3.748005256056785583e-02 8.942947387695312500e-01 -4.153611958026885986e-01 5.086171627044677734e-02 5.272964239120483398e-01 3.426248149480670691e-04 -1.696483850479125977e+00 7.121351361274719238e-01 -7.108429074287414551e-01 9.145216643810272217e-02 2.127602100372314453e-01 2.209519781172275543e-02 -3.746502697467803955e-01 -7.917076945304870605e-01 2.690657675266265869e-01 3.914287686347961426e-02 -2.099584341049194336e-01 -4.572383463382720947e-01 -1.858668804168701172e+00 -1.807946525514125824e-02 1.501413583755493164e-01 3.713862001895904541e-01 6.841434836387634277e-01 -2.269302904605865479e-01 1.116382718086242676e+00 4.075886905193328857e-01 2.478991746902465820e-01 -1.878242343664169312e-01 6.445277929306030273e-01 2.196203768253326416e-01 4.625994861125946045e-01 -4.192260503768920898e-01 -4.057230651378631592e-01 1.117292195558547974e-01 -4.825718402862548828e-01 3.346732854843139648e-01 -1.861609704792499542e-02 1.257792234420776367e+00 -3.899947702884674072e-01 9.707754254341125488e-01 1.778308153152465820e-01 3.828087151050567627e-01 -1.563570499420166016e-01
3.851787745952606201e-01 4.260910451412200928e-01 4.439562857151031494e-01 2.158480584621429443e-01 4.421969056129455566e-01 2.999947667121887207e-01 4.096110761165618896e-01 6.153336167335510254e-01 4.966424405574798584e-01 2.337522059679031372e-01 6.935621798038482666e-02 2.932142317295074463e-01 5.899743735790252686e-02 3.200762271881103516e-01 3.258019983768463135e-01 -1.137624308466911316e-01 2.246032655239105225e-01 1.537737548351287842e-01 5.492012500762939453e-01 -5.822879672050476074e-01 2.786350250244140625e-01 6.315670609474182129e-01 1.075425222516059875e-01 7.919304370880126953e-01 2.119707614183425903e-01 -4.906610548496246338e-01 2.488869279623031616e-01 8.791897296905517578e-01 -1.767779290676116943e-01 2.233261168003082275e-01 6.947256326675415039e-01 5.043860077857971191e-01 2.585563957691192627e-01 2.195350676774978638e-01 5.957273840904235840e-01 -1.691023707389831543e-01 3.499574363231658936e-01 9.120061248540878296e-02 -4.051045775413513184e-01 5.045211911201477051e-01 4.613619446754455566e-01 -8.062887191772460938e-02 1.207535639405250549e-01 4.258601665496826172e-01 2.030594646930694580e-01 -1.134042143821716309e+00 3.833911418914794922e-01 6.318884342908859253e-02 4.970188438892364502e-02 -2.502898573875427246e-01 2.986799776554107666e-01 4.808169007301330566e-01 1.318110972642898560e-01 3.438637256622314453e-01 -8.971514701843261719e-01 1.461897045373916626e-02 -1.353961825370788574e-01 1.047579720616340637e-01 -4.838506281375885010e-01 -1.331853151321411133e+00 5.163942575454711914e-01 8.608707785606384277e-02 -8.233597874641418457e-02 -1.176797032356262207e+00
2.268750220537185669e-01 4.234021604061126709e-01 4.594790935516357422e-01 3.723422288894653320e-01 2.599554061889648438e-01 1.758624017238616943e-01 5.053487420082092285e-01 6.653541326522827148e-01 4.449163973331451416e-01 1.934851636178791523e-03 6.928134709596633911e-02 1.961072683334350586e-01 4.337010532617568970e-02 3.607301414012908936e-01 2.879388630390167236e-01 -1.860793232917785645e-01 2.503833770751953125e-01 1.188133209943771362e-01 3.977385759353637695e-01 -8.337585926055908203e-01 4.329361021518707275e-01 5.479298233985900879e-01 2.298016250133514404e-01 9.093766808509826660e-01 2.677164971828460693e-01 -4.129815697669982910e-01 1.934260129928588867e-01 9.172765612602233887e-01 -3.479340672492980957e-01 8.608379960060119629e-02 6.466352343559265137e-01 5.658594965934753418e-01 2.641355991363525391e-02 2.972948737442493439e-02 6.584023833274841309e-01 -2.606429159641265869e-01 2.511166930198669434e-01 1.003415361046791077e-01 -3.446648418903350830e-01 3.991217315196990967e-01 2.428212612867355347e-01 -2.368951886892318726e-01 1.296178102493286133e-01 2.678241431713104248e-01 6.837861239910125732e-02 -1.080156087875366211e+00 2.232614904642105103e-01 1.543816328048706055e-01 8.632323890924453735e-02 -1.991155296564102173e-01 1.584907174110412598e-01 4.567305743694305420e-01 9.986651688814163208e-02 2.427621632814407349e-01 -8.037651181221008301e-01 2.721507661044597626e-02 -2.330079674720764160e-01 1.860197484493255615e-01 -5.992947220802307129e-01 -1.244477033615112305e+00 5.278339385986328125e-01 9.898942708969116211e-02 3.466320410370826721e-02 -1.271341204643249512e+00
3.769194483757019043e-01 3.123874366283416748e-01 4.124721586704254150e-01 3.279578089714050293e-01 2.916305065155029297e-01 1.272962689399719238e-01 4.013727903366088867e-01 5.809941291809082031e-01 4.364666640758514404e-01 -1.186245083808898926e-01 -5.852293223142623901e-02 3.619039952754974365e-01 8.850374817848205566e-02 3.257872760295867920e-01 1.962824612855911255e-01 -2.816795408725738525e-01 3.343107104301452637e-01 2.324987202882766724e-01 5.123475790023803711e-01 -7.398422360420227051e-01 3.506126999855041504e-01 6.653296351432800293e-01 8.417972177267074585e-02 9.518002271652221680e-01 3.090331852436065674e-01 -8.859760165214538574e-01 -5.472654476761817932e-02 8.575701713562011719e-01 -1.569969654083251953e-01 1.378223598003387451e-01 6.029838919639587402e-01 4.916119575500488281e-01 1.140621080994606018e-01 -4.622281715273857117e-02 6.308338642120361328e-01 -4.560785889625549316e-01 3.985950052738189697e-01 3.826168552041053772e-02 -4.459160566329956055e-01 4.766716063022613525e-01 2.938668131828308105e-01 -1.315106749534606934e-01 1.901811510324478149e-01 2.181380838155746460e-01 1.957929283380508423e-01 -1.186441302299499512e+00 1.320102959871292114e-01 1.022219061851501465e-01 7.908409833908081055e-02 -4.137374460697174072e-01 2.700725793838500977e-01 3.504467904567718506e-01 1.173166930675506592e-01 2.826773524284362793e-01 -1.047810316085815430e+00 1.345381885766983032e-01 -1.327376514673233032e-01 -3.507274687290191650e-01 -3.913807570934295654e-01 -1.264359593391418457e+00 5.733556747436523438e-01 -6.151515990495681763e-02 -1.370934844017028809e-01 -1.093519806861877441e+00
3.467563688755035400e-01 4.511651396751403809e-01 6.008204221725463867e-01 2.771185934543609619e-01 2.052981704473495483e-01 1.521368324756622314e-01 4.961306750774383545e-01 6.777066588401794434e-01 3.660128414630889893e-01 1.171752884984016418e-01 2.047733776271343231e-02 2.051146626472473145e-01 -5.323137342929840088e-02 3.237140476703643799e-01 1.628293544054031372e-01 -2.111060321331024170e-01 3.255771994590759277e-01 -3.708167001605033875e-02 3.751600682735443115e-01 -7.790142297744750977e-01 3.400415480136871338e-01 5.776513218879699707e-01 2.158000171184539795e-01 7.847793698310852051e-01 1.560011655092239380e-01 -5.041512250900268555e-01 2.291772663593292236e-01 8.051706552505493164e-01 -1.665177792310714722e-01 2.324022203683853149e-01 7.446298599243164062e-01 4.939970076084136963e-01 1.618582308292388916e-01 -5.704504903405904770e-03 7.180419564247131348e-01 -3.950640261173248291e-01 4.207870662212371826e-01 9.560244530439376831e-02 -4.718888103961944580e-01 5.605131983757019043e-01 2.335596829652786255e-01 -2.421287298202514648e-01 1.812908202409744263e-01 3.305394351482391357e-01 1.237323600798845291e-02 -9.286776781082153320e-01 2.524702847003936768e-01 5.900030955672264099e-02 1.353591978549957275e-01 -1.804801821708679199e-01 1.114240065217018127e-01 4.463132917881011963e-01 9.172980487346649170e-02 1.924028843641281128e-01 -9.651864171028137207e-01 1.092067435383796692e-01 -1.983087658882141113e-01 1.006402820348739624e-01 -5.548248887062072754e-01 -1.280021429061889648e+00 7.164276242256164551e-01 5.921473726630210876e-02 4.962094128131866455e-03 -1.228721976280212402e+00
