8.295902013778686523e-01
1.821754872798919678e-01
7.540585994720458984e-01
-8.271293044090270996e-01
8.541532754898071289e-01
-1.147601485252380371e+00
6.297348141670227051e-01
1.310433149337768555e-01
2.163715511560440063e-01
-2.261569052934646606e-01
-2.940014563500881195e-02
5.173302292823791504e-01
8.150308728218078613e-01
1.349130719900131226e-01
-4.834132194519042969e-01
-1.669227629899978638e-01
7.002370357513427734e-01
-4.590916633605957031e-01
7.126889824867248535e-01
8.629315495491027832e-01
7.759274244308471680e-01
-3.266967535018920898e-01
2.932517230510711670e-01
-6.515876203775405884e-02
-8.440110087394714355e-01
7.876552939414978027e-01
8.822254538536071777e-01
5.247452855110168457e-02
9.810119867324829102e-01
7.495655417442321777e-01
6.989109516143798828e-01
9.260465502738952637e-01
