-6.027916669845581055e-01
-5.059064030647277832e-01
-4.438886940479278564e-01
-2.938660979270935059e-01
-4.568331539630889893e-01
-7.756503224372863770e-01
-2.284618094563484192e-02
7.188227176666259766e-01
8.174440860748291016e-01
7.065981626510620117e-02
-8.478729128837585449e-01
-7.763109207153320312e-01
-1.311055302619934082e+00
1.938316673040390015e-01
-4.298916757106781006e-01
-1.707294732332229614e-01
-1.622752696275711060e-01
-7.186481356620788574e-01
-6.095238327980041504e-01
-6.348979473114013672e-01
-3.747861683368682861e-01
2.670850455760955811e-01
-1.140174508094787598e+00
-1.375215649604797363e+00
-4.608882218599319458e-02
-8.476747870445251465e-01
-1.065239787101745605e+00
-1.012972116470336914e+00
-3.294672966003417969e-01
6.680287718772888184e-01
-4.176790118217468262e-01
-1.198928475379943848e+00
-9.986171126365661621e-01
-6.132045388221740723e-01
1.958779692649841309e-01
-3.712763190269470215e-01
4.235629141330718994e-01
-7.326523065567016602e-01
-1.249201893806457520e+00
-1.104740738868713379e+00
-4.119442999362945557e-01
-1.823520809412002563e-01
-1.612933516502380371e+00
-6.846421957015991211e-01
5.861567854881286621e-01
-5.564436912536621094e-01
-5.568373203277587891e-02
1.563345640897750854e-01
1.386374533176422119e-01
-1.289517879486083984e+00
-6.728860735893249512e-02
-2.508773803710937500e-01
6.583986878395080566e-01
-3.269179165363311768e-01
3.985901176929473877e-01
4.463258683681488037e-01
2.691231667995452881e-01
-1.415842056274414062e+00
-7.646833062171936035e-01
-1.446488976478576660e+00
5.614808797836303711e-01
-1.235553249716758728e-01
-3.989291489124298096e-01
-1.277865618467330933e-01
