-4.852143526077270508e-01 1.718945801258087158e-01 7.025184631347656250e-01 5.559071898460388184e-01 1.597138792276382446e-01 5.332580804824829102e-01 1.277242451906204224e-01 1.891634427011013031e-02
7.444402575492858887e-02 4.059780538082122803e-01 3.577435612678527832e-01 4.078488349914550781e-01 2.458820044994354248e-01 1.368771195411682129e-01 6.045435070991516113e-01 -3.199894726276397705e-01
1.546453714370727539e+00 7.424322515726089478e-02 1.003042459487915039e+00 8.755776286125183105e-02 5.099461078643798828e-01 -6.187714934349060059e-01 -1.133029341697692871e+00 4.824994504451751709e-02
-5.392349958419799805e-01 -1.852362453937530518e-01 -1.082928657531738281e+00 -6.244018673896789551e-01 -8.512341976165771484e-01 2.675159601494669914e-03 -5.162128210067749023e-01 2.212351746857166290e-02
4.603554010391235352e-01 5.063706636428833008e-01 6.584931612014770508e-01 3.744786679744720459e-01 2.418068796396255493e-01 2.374119013547897339e-01 -3.150693699717521667e-02 -1.810618042945861816e-01
-8.217514492571353912e-03 3.751959204673767090e-01 3.723868429660797119e-01 2.084424942731857300e-01 8.749344944953918457e-02 9.452431648969650269e-02 8.852257579565048218e-02 -7.551961392164230347e-02
7.819448709487915039e-01 1.083793759346008301e+00 8.561437129974365234e-01 1.049021840095520020e+00 3.471259176731109619e-01 3.929367363452911377e-01 5.231686830520629883e-01 -2.002375200390815735e-02
-1.100347995758056641e+00 4.386867880821228027e-01 -1.215743422508239746e+00 3.565277755260467529e-01 -3.855947852134704590e-01 -2.762018144130706787e-01 -4.304766356945037842e-01 -4.264867678284645081e-02
8.633152842521667480e-01 -2.240388393402099609e-01 8.281242251396179199e-01 -5.000649094581604004e-01 -5.172719955444335938e-01 1.247569173574447632e-01 -8.733106404542922974e-02 -1.790602803230285645e-01
-2.619824931025505066e-02 2.701361179351806641e-01 1.143718600273132324e+00 3.380497694015502930e-01 4.749958515167236328e-01 2.892614603042602539e-01 -3.393184542655944824e-01 1.970235854387283325e-01
-1.030528426170349121e+00 2.396442145109176636e-01 -6.473733782768249512e-01 3.124188780784606934e-01 -3.376959264278411865e-01 -4.822812378406524658e-01 3.579294383525848389e-01 3.778945505619049072e-01
7.157992124557495117e-01 4.157442450523376465e-01 6.741922497749328613e-01 4.319870173931121826e-01 5.187811851501464844e-01 -4.786045104265213013e-02 3.578457832336425781e-01 -7.900726050138473511e-03
-1.314603090286254883e-01 2.328244447708129883e-01 2.854032516479492188e-01 1.971151679754257202e-01 4.684452116489410400e-01 1.759722083806991577e-01 4.883968234062194824e-01 -1.204213857650756836e+00
6.223366260528564453e-01 -1.380319714546203613e+00 -3.863964080810546875e-01 -1.074608802795410156e+00 1.425636815838515759e-03 -1.004203081130981445e+00 -3.451225757598876953e-01 -7.548300176858901978e-02
-1.855054616928100586e+00 -1.048720069229602814e-02 -4.902304410934448242e-01 -2.519037723541259766e-01 -4.440444111824035645e-01 1.578870713710784912e-01 -2.765703797340393066e-01 1.298918575048446655e-01
-1.369107365608215332e+00 5.376983284950256348e-01 -2.873043417930603027e-01 1.744799613952636719e-01 -7.341529428958892822e-02 4.667107462882995605e-01 3.326304256916046143e-01 -6.871490925550460815e-02
-4.471366852521896362e-02 1.231611520051956177e-01 8.647193200886249542e-03 -6.169405579566955566e-02 1.905750110745429993e-02 9.006040170788764954e-03 2.473261207342147827e-02 -2.236636122688651085e-03
-4.337710142135620117e-01 -8.156571984291076660e-01 2.339174598455429077e-01 -7.434725165367126465e-01 1.220240294933319092e-01 1.618677675724029541e-01 -7.052844166755676270e-01 4.030787646770477295e-01
7.929297685623168945e-01 -8.532215356826782227e-01 2.299805432558059692e-01 -9.840882420539855957e-01 1.509790718555450439e-01 2.162221632897853851e-02 -1.690627336502075195e-01 2.625953257083892822e-01
8.315894603729248047e-01 2.130579054355621338e-01 6.600021123886108398e-01 -3.289949893951416016e-01 1.174420341849327087e-01 -1.074759736657142639e-01 1.111188251525163651e-02 5.450435876846313477e-01
4.312156438827514648e-01 -1.319729834794998169e-01 -1.712087988853454590e+00 1.868027150630950928e-01 6.783329695463180542e-02 4.626908898353576660e-01 1.256791591644287109e+00 -5.760872364044189453e-01
-1.174348115921020508e+00 1.598600596189498901e-01 1.115608960390090942e-01 4.339675009250640869e-01 2.369726151227951050e-01 7.689921855926513672e-01 4.119196236133575439e-01 3.492483124136924744e-02
-9.426437020301818848e-01 3.402139544486999512e-01 3.100250065326690674e-01 4.586691558361053467e-01 -1.152553362771868706e-03 3.261515498161315918e-01 9.634589552879333496e-01 1.279287189245223999e-01
-1.129720807075500488e+00 8.880587816238403320e-01 2.583379745483398438e-01 3.490708172321319580e-01 4.329239130020141602e-01 1.722620725631713867e-01 8.887969851493835449e-01 -6.364504992961883545e-02
9.984490275382995605e-01 -7.977780103683471680e-01 -3.055230379104614258e-01 -7.109858393669128418e-01 1.287593096494674683e-01 -5.391258001327514648e-01 -1.270162820816040039e+00 1.874753832817077637e-01
3.259239494800567627e-01 4.582401216030120850e-01 1.000833153724670410e+00 3.671856969594955444e-02 5.099059343338012695e-01 -2.927859127521514893e-01 3.586059212684631348e-01 -1.142617464065551758e-01
1.219770908355712891e+00 -3.388133943080902100e-01 -2.136730998754501343e-01 -4.091560542583465576e-01 1.283436536788940430e+00 1.202942281961441040e-01 2.820865809917449951e-01 6.799848377704620361e-02
-1.175771839916706085e-02 4.042437374591827393e-01 8.165507912635803223e-01 8.473234772682189941e-01 4.066110253334045410e-01 -1.639735251665115356e-01 -1.501711755990982056e-01 1.209648791700601578e-02
1.193161249160766602e+00 -9.763340353965759277e-01 -3.221047520637512207e-01 -7.454179525375366211e-01 -5.714210122823715210e-02 -1.682412624359130859e-01 -9.956906437873840332e-01 1.139745116233825684e-01
3.085833072662353516e+00 3.470824286341667175e-02 -3.012053966522216797e-01 2.974334061145782471e-01 8.139760792255401611e-02 -2.483038157224655151e-01 2.343331873416900635e-01 2.470256388187408447e-02
-1.442439436912536621e+00 4.140380024909973145e-01 -5.112850666046142578e-01 7.084653526544570923e-02 -9.613061547279357910e-01 2.448644191026687622e-01 -7.805600762367248535e-02 -7.035958580672740936e-03
3.040672242641448975e-01 4.344630837440490723e-01 8.865882754325866699e-01 8.077327013015747070e-01 5.137493610382080078e-01 1.053735464811325073e-01 1.545477360486984253e-01 -2.480085380375385284e-02
9.046179056167602539e-01 -1.133066296577453613e+00 4.258495569229125977e-01 -9.896653890609741211e-01 2.833745181560516357e-01 -1.395485997200012207e-01 -2.004454880952835083e-01 -1.822695694863796234e-02
8.523102998733520508e-01 -7.584282159805297852e-01 -5.054223537445068359e-01 -6.283066868782043457e-01 -6.894611716270446777e-01 -5.866175293922424316e-01 5.251083895564079285e-02 6.027604937553405762e-01
1.344212055206298828e+00 7.739798426628112793e-01 -3.072627305984497070e+00 3.900851905345916748e-01 -2.244788885116577148e+00 3.783418238162994385e-01 -2.191146165132522583e-01 -5.914805084466934204e-02
-5.640794038772583008e-01 7.820560336112976074e-01 -1.514237284660339355e+00 4.671211242675781250e-01 6.816326975822448730e-01 4.802200198173522949e-01 -7.116888165473937988e-01 -2.981311082839965820e-02
-1.178107500076293945e+00 1.737669110298156738e-01 4.023554921150207520e-01 5.527470111846923828e-01 2.692950963973999023e-01 8.859216421842575073e-02 -4.195556640625000000e-01 1.550897210836410522e-01
-1.913489937782287598e+00 3.177970647811889648e-01 -3.863055706024169922e-01 1.453616768121719360e-01 -2.536836266517639160e-01 -2.652710974216461182e-01 3.061284124851226807e-01 2.446646243333816528e-02
2.131222039461135864e-01 -1.164451718330383301e+00 -1.283754706382751465e-01 -7.508297562599182129e-01 -4.287223219871520996e-01 -6.828916072845458984e-01 -4.510161578655242920e-01 1.989079862833023071e-01
2.365694344043731689e-01 6.317485570907592773e-01 1.198935747146606445e+00 5.371895432472229004e-01 2.972947657108306885e-01 -1.385543942451477051e-01 5.434462428092956543e-01 -7.021005451679229736e-02
-6.775650382041931152e-02 -1.229096055030822754e-01 -9.029119461774826050e-02 -3.243546187877655029e-01 -4.981214702129364014e-01 -4.570640325546264648e-01 -6.558969020843505859e-01 3.160430490970611572e-01
-2.083702757954597473e-02 -9.810899198055267334e-02 -3.920330524444580078e+00 -1.169480010867118835e-01 1.108225107192993164e+00 1.033347845077514648e-01 6.747306585311889648e-01 1.190371215343475342e-01
-1.157445788383483887e+00 3.233835101127624512e-01 3.760899305343627930e-01 4.876367002725601196e-02 7.574802637100219727e-02 -7.000895142555236816e-01 2.513745129108428955e-01 5.616983864456415176e-03
1.280788779258728027e+00 -1.185330748558044434e+00 5.844615101814270020e-01 -1.115580797195434570e+00 7.868328690528869629e-02 -9.862780570983886719e-04 -2.578925192356109619e-01 4.381182789802551270e-02
-1.159632802009582520e-01 -1.914866566658020020e-01 -6.198781490325927734e+00 1.181018650531768799e-01 -1.613015890121459961e+00 -1.653747707605361938e-01 7.446285337209701538e-02 5.229804292321205139e-02
-7.461685538291931152e-01 1.886242479085922241e-01 5.418593883514404297e-01 4.450268447399139404e-01 -3.876950442790985107e-01 -1.670753657817840576e-01 6.208739280700683594e-01 3.047909773886203766e-02
1.814297795295715332e+00 4.653186202049255371e-01 9.571243524551391602e-01 1.403733044862747192e-01 4.478156566619873047e-01 7.816289663314819336e-01 7.369524240493774414e-01 4.087356105446815491e-02
1.027467489242553711e+00 -8.726116269826889038e-02 1.184350475668907166e-01 2.502071112394332886e-02 -7.669875025749206543e-01 -6.379368156194686890e-02 -3.958066999912261963e-01 -8.197774738073348999e-02
-1.266809344291687012e+00 -2.316174842417240143e-02 -1.589023828506469727e+00 1.301247254014015198e-02 2.914730310440063477e-01 -2.518294155597686768e-01 1.168554299511015415e-03 2.449975013732910156e-01
1.808390207588672638e-02 6.384574174880981445e-01 6.359844803810119629e-01 1.293726682662963867e+00 1.921919435262680054e-01 -4.319813102483749390e-03 3.452953100204467773e-01 5.692060571163892746e-03
1.285663396120071411e-01 -4.312171339988708496e-01 -1.013317406177520752e-01 -1.393788605928421021e-01 -9.511238932609558105e-01 -2.270344346761703491e-01 3.604745268821716309e-01 -1.737774729728698730e+00
-3.449586927890777588e-01 -1.148057356476783752e-01 -9.765317440032958984e-01 -1.297696828842163086e-01 -2.479133568704128265e-02 1.399500966072082520e-01 -4.484719634056091309e-01 -8.135137557983398438e-01
-4.260578155517578125e-01 3.211241364479064941e-01 -1.885353207588195801e+00 2.830210328102111816e-01 5.295998454093933105e-01 -1.486554741859436035e-01 -1.265365034341812134e-01 -5.455078557133674622e-02
1.309387445449829102e+00 7.407822012901306152e-01 -1.617699623107910156e+00 4.678257703781127930e-01 2.960863411426544189e-01 1.104424953460693359e+00 -5.696259140968322754e-01 3.672669827938079834e-01
-6.305769681930541992e-01 -2.211927995085716248e-02 3.186179101467132568e-01 -1.163318455219268799e-01 -1.120375469326972961e-02 1.241270229220390320e-01 -3.230533599853515625e-01 -4.461019039154052734e-01
-7.192521691322326660e-01 3.753560408949851990e-02 1.478954076766967773e+00 -2.856679558753967285e-01 -3.996129333972930908e-01 4.011228382587432861e-01 2.510528564453125000e-01 1.341394931077957153e-01
5.154643654823303223e-01 1.200567185878753662e-01 1.980507560074329376e-02 -3.302014172077178955e-01 3.406878709793090820e-01 -1.496907025575637817e-01 -7.562289386987686157e-02 -2.324528694152832031e-01
-2.883263528347015381e-01 6.491464376449584961e-01 1.021603465080261230e+00 5.163922309875488281e-01 7.186034321784973145e-01 1.530578434467315674e-01 7.283266186714172363e-01 5.051378160715103149e-03
3.077185153961181641e-01 6.660597324371337891e-01 7.626143097877502441e-01 1.679373979568481445e-01 4.290775060653686523e-01 3.934075683355331421e-02 1.756905391812324524e-02 1.931314766407012939e-01
8.518392443656921387e-01 2.572375237941741943e-01 1.048467993736267090e+00 2.371033132076263428e-01 2.563085258007049561e-01 3.064697384834289551e-01 1.120106056332588196e-01 1.029936224222183228e-01
-1.031325459480285645e+00 -9.619169682264328003e-02 -8.716068267822265625e-01 4.062265753746032715e-01 -4.842313230037689209e-01 8.317375183105468750e-01 -1.200688071548938751e-03 8.468643645755946636e-04
8.862233757972717285e-01 9.476854205131530762e-01 8.599354028701782227e-01 5.947893261909484863e-01 4.277565479278564453e-01 2.958581410348415375e-02 7.560496330261230469e-01 5.660500749945640564e-02
-1.211707353591918945e+00 3.369924128055572510e-01 -2.562499046325683594e-01 1.921785026788711548e-01 -7.888404726982116699e-01 -1.283521577715873718e-02 6.677261590957641602e-01 -3.937170803546905518e-01
1.544415019452571869e-02 8.311560750007629395e-02 5.963342189788818359e-01 -1.122368574142456055e-01 -6.198561191558837891e-01 -2.277713501825928688e-03 1.942855678498744965e-02 -6.579378154128789902e-03
