-6.126740202307701111e-02
3.638563752174377441e-01
6.645492911338806152e-01
-2.684665024280548096e-01
6.216990947723388672e-01
-7.726754546165466309e-01
-3.467497527599334717e-01
6.243608593940734863e-01
-1.026838421821594238e+00
-1.169673949480056763e-01
-1.544718027114868164e+00
-4.129718542098999023e-01
-3.710708618164062500e-01
-1.793702878057956696e-02
5.921080335974693298e-02
-5.447396039962768555e-01
5.016285181045532227e-01
7.220996618270874023e-01
1.541906595230102539e-02
2.336421236395835876e-02
5.717854946851730347e-02
7.647690176963806152e-01
5.636256337165832520e-01
-7.217600345611572266e-01
-1.170028090476989746e+00
2.050755023956298828e-01
5.912222713232040405e-02
1.738504618406295776e-01
2.499079518020153046e-02
-2.590210139751434326e-01
-2.192639112472534180e-01
5.244796629995107651e-03
