1.210420802235603333e-01 1.903467029333114624e-01 5.433654785156250000e-01 -5.772482752799987793e-01 5.068990588188171387e-02 -1.490975171327590942e-01 6.793944239616394043e-01 -1.412443757057189941e+00 -3.078993558883666992e-01 2.071282714605331421e-01 -1.184467792510986328e+00 -2.292905747890472412e-01 -5.543686076998710632e-02 -1.719435334205627441e+00 -4.469115436077117920e-01 5.789323709905147552e-03 4.778953443747013807e-04 -1.977791041135787964e-01 -1.112627029418945312e+00 1.921889036893844604e-01 -2.982852697372436523e+00 2.399514913558959961e-01 -4.799821414053440094e-03 1.533933728933334351e-01 2.299669086933135986e-01 -3.476504087448120117e-01 -9.197365045547485352e-01 -3.713550046086311340e-02 -3.323945403099060059e-01 3.346911668777465820e-01 1.057177662849426270e+00 -5.064923167228698730e-01 -2.393926143646240234e+00 -8.690705299377441406e-01 5.582631826400756836e-01 -1.060569286346435547e+00 7.596387714147567749e-02 2.089784890413284302e-01 -1.749262809753417969e-01 -3.197290301322937012e-01 -6.550358533859252930e-01 2.289447188377380371e-01 -6.539071798324584961e-01 -4.242794036865234375e+00 7.049623131752014160e-01 -1.137607172131538391e-01 3.589580655097961426e-01 5.483198165893554688e-02 -4.866314232349395752e-01 -6.131043434143066406e-01 -6.694954037666320801e-01 -2.709336280822753906e+00 -5.639742016792297363e-01 -2.133800745010375977e+00 -6.168754771351814270e-02 -1.361258234828710556e-02 -2.848296761512756348e-01 -6.618145108222961426e-01 -1.428956091403961182e-01 -1.328304171562194824e+00 7.828479409217834473e-01 3.013986945152282715e-01 1.031341791152954102e+00 7.429927587509155273e-02
5.880001187324523926e-02 8.727272599935531616e-02 -4.395684242248535156e+00 2.242038995027542114e-01 -5.095080137252807617e-01 1.412470340728759766e-01 -7.931399345397949219e-01 7.717201113700866699e-01 3.352404832839965820e-01 2.005207687616348267e-01 8.701003193855285645e-01 2.429399937391281128e-01 2.531793117523193359e-01 2.623406350612640381e-01 -3.312785625457763672e-01 -1.360073834657669067e-01 3.451378270983695984e-02 6.467902064323425293e-01 -6.911734938621520996e-01 -4.130828753113746643e-02 7.256089448928833008e-01 -1.448383629322052002e-01 -1.990605890750885010e-01 1.708610951900482178e-01 -3.355189040303230286e-02 4.028216600418090820e-01 4.902012348175048828e-01 -1.215298056602478027e+00 5.145039875060319901e-03 2.989378273487091064e-01 2.264852374792098999e-01 -1.158714890480041504e+00 -4.172808229923248291e-01 -1.938757598400115967e-01 -2.647085905075073242e+00 1.099354505538940430e+00 -1.357977241277694702e-01 -4.127839505672454834e-01 3.426565229892730713e-01 5.301753059029579163e-02 -1.142570018768310547e+00 6.273456215858459473e-01 -1.057007789611816406e+01 -4.329946041107177734e-01 -5.411455035209655762e-01 2.928838729858398438e-01 -6.787455081939697266e-01 -5.506411939859390259e-02 -2.676721811294555664e-01 7.070483565330505371e-01 4.263507723808288574e-01 1.127689033746719360e-01 6.938776969909667969e-01 3.788790702819824219e-01 -1.015487089753150940e-01 3.429728373885154724e-02 3.419095873832702637e-01 2.218570113182067871e-01 -3.754170835018157959e-01 2.722221054136753082e-02 -1.170291423797607422e+00 -1.828309595584869385e-01 1.061791658401489258e+00 -7.747980207204818726e-02
2.883081734180450439e-01 6.062520667910575867e-02 1.129317402839660645e+00 3.052211999893188477e-01 2.150749415159225464e-02 2.329148538410663605e-02 2.735908627510070801e-01 -2.705688476562500000e-01 5.292872339487075806e-02 6.407786011695861816e-01 -3.721968457102775574e-02 1.194677129387855530e-01 4.294436573982238770e-01 8.515992760658264160e-02 5.332113504409790039e-01 3.371790349483489990e-01 8.569271862506866455e-02 4.281570911407470703e-01 -1.633775979280471802e-01 -1.332611590623855591e-01 -4.010837078094482422e-01 3.892218470573425293e-01 4.135785102844238281e-01 5.011149048805236816e-01 3.481481373310089111e-01 4.493788778781890869e-01 -2.987008094787597656e-01 5.948242545127868652e-01 5.707699656486511230e-01 7.178062796592712402e-01 2.755608856678009033e-01 2.257219105958938599e-01 -2.303028851747512817e-02 8.155342191457748413e-02 -4.589335918426513672e-01 7.013701647520065308e-02 7.480649352073669434e-01 7.810025811195373535e-01 -5.651030540466308594e-01 2.965399026870727539e-01 2.259270548820495605e-01 -1.717275232076644897e-01 7.023658752441406250e-01 -9.377527832984924316e-01 1.781294196844100952e-01 1.734969951212406158e-02 3.511604666709899902e-01 3.170456588268280029e-01 1.228081062436103821e-01 -1.628960110247135162e-02 -1.273728907108306885e-01 2.141401171684265137e-01 -5.288804695010185242e-02 -6.639730334281921387e-01 4.335138499736785889e-01 5.874261856079101562e-01 2.902168333530426025e-01 9.099856615066528320e-01 3.492920100688934326e-01 7.241070866584777832e-01 2.305698394775390625e-01 4.579401016235351562e-01 -1.837837845087051392e-01 -1.440187990665435791e-01
-1.347258388996124268e-01 -7.051033973693847656e-01 -6.773189902305603027e-01 1.050201416015625000e+00 -4.650750756263732910e-01 -1.106843724846839905e-01 -1.977101206779479980e+00 4.239511489868164062e-01 -4.718096461147069931e-03 -5.884862542152404785e-01 5.650603175163269043e-01 -8.649197220802307129e-01 5.046712756156921387e-01 -1.237422227859497070e+00 9.640111923217773438e-01 -2.940842807292938232e-01 1.863795146346092224e-02 3.882459998130798340e-01 -8.558516502380371094e-01 4.828613698482513428e-01 3.804516792297363281e-01 -5.579735040664672852e-01 1.029277205467224121e+00 2.270506143569946289e+00 -1.018720746040344238e+00 1.877307176589965820e+00 9.119299054145812988e-01 1.070146188139915466e-01 3.061020374298095703e-01 -3.321034431457519531e+00 5.147505998611450195e-01 4.639421105384826660e-01 -1.018104776740074158e-01 8.511790037155151367e-01 9.198874980211257935e-02 -1.293771266937255859e-01 9.132214635610580444e-02 1.405468940734863281e+00 -3.175826370716094971e-01 5.489896535873413086e-01 6.477542221546173096e-02 8.853605985641479492e-01 1.308656215667724609e+00 -7.757421731948852539e-01 -1.562289834022521973e+00 7.180047631263732910e-01 -5.044954419136047363e-01 -1.479312658309936523e+00 5.603796243667602539e-01 -7.703887224197387695e-01 4.256948530673980713e-01 -3.536473512649536133e-01 -2.013005018234252930e-01 -6.102713346481323242e-01 -2.222398519515991211e-01 -8.586766719818115234e-01 3.564864397048950195e-02 2.168847471475601196e-01 -6.046327948570251465e-01 -4.726484715938568115e-01 2.214263379573822021e-01 -1.269112825393676758e+00 2.099416404962539673e-01 -6.841398775577545166e-02
8.989690989255905151e-02 9.486798197031021118e-02 9.834105968475341797e-01 1.383040994405746460e-01 -4.539771005511283875e-02 2.250025980174541473e-03 2.622324526309967041e-01 -3.652930557727813721e-01 9.737861901521682739e-02 3.514969050884246826e-01 -1.561709344387054443e-01 -1.513303443789482117e-02 5.192593336105346680e-01 -7.566875219345092773e-02 3.926495015621185303e-01 4.355686008930206299e-01 4.493975266814231873e-02 1.493523269891738892e-01 -2.938648462295532227e-01 -1.274016648530960083e-01 -3.234182000160217285e-01 3.478626012802124023e-01 2.220245152711868286e-01 4.205614626407623291e-01 2.904203534126281738e-01 3.153737485408782959e-01 -2.001508623361587524e-01 4.346499145030975342e-01 4.828561544418334961e-01 6.308518648147583008e-01 2.438541948795318604e-01 1.731929332017898560e-01 -1.788507848978042603e-01 -2.322584576904773712e-02 -3.955215513706207275e-01 -7.274027168750762939e-02 5.971757173538208008e-01 6.767430901527404785e-01 -5.716381669044494629e-01 6.441772729158401489e-02 7.854148000478744507e-02 -1.267590373754501343e-01 6.119656562805175781e-01 -9.881912469863891602e-01 2.634434103965759277e-01 7.649083156138658524e-03 4.214585423469543457e-01 2.367718815803527832e-01 2.950935810804367065e-02 -2.480889111757278442e-02 -2.229053527116775513e-01 4.145404398441314697e-01 -2.661774456501007080e-01 -7.965758442878723145e-01 2.529597282409667969e-01 4.843551516532897949e-01 2.598001360893249512e-01 6.891441345214843750e-01 3.692327439785003662e-01 6.892011761665344238e-01 1.685093492269515991e-01 1.913555860519409180e-01 -2.069111615419387817e-01 3.769075497984886169e-02
-5.759634971618652344e-01 2.811704277992248535e-01 1.570533365011215210e-01 3.329839408397674561e-01 -1.961644589900970459e-01 -1.434421688318252563e-01 -6.490961909294128418e-01 1.288306862115859985e-01 -7.695861458778381348e-01 -3.689074516296386719e-01 2.893928289413452148e-01 3.778760433197021484e-01 2.105309009552001953e+00 4.968421757221221924e-01 -4.709420204162597656e-01 -4.896065890789031982e-01 6.527425348758697510e-02 1.293716579675674438e-01 5.257287025451660156e-01 -1.825356721878051758e+00 8.986480236053466797e-01 -3.769047260284423828e-01 1.437396883964538574e+00 6.507056951522827148e-01 5.016583204269409180e-01 5.100080966949462891e-01 2.359397411346435547e+00 -6.724669039249420166e-02 7.923880219459533691e-01 -4.644978940486907959e-01 -4.512717127799987793e-01 6.380121707916259766e-01 6.057758927345275879e-01 -1.241961359977722168e+00 4.088976383209228516e-01 7.181257754564285278e-02 -5.389239192008972168e-01 -1.284364700317382812e+00 -3.651044368743896484e-01 9.700281620025634766e-01 -4.429003894329071045e-01 -5.061279535293579102e-01 -1.288754463195800781e+00 7.336979508399963379e-01 -3.622390627861022949e-01 -1.889761090278625488e+00 -9.854777157306671143e-02 1.893317848443984985e-01 -3.057344555854797363e-01 -7.365111261606216431e-02 1.976533383131027222e-01 5.682185292243957520e-01 7.123685628175735474e-02 3.816696405410766602e-01 -1.597831547260284424e-01 -4.498622417449951172e-01 3.655159473419189453e-01 1.569902300834655762e-01 8.249325752258300781e-01 4.823390841484069824e-01 -5.909903645515441895e-01 -4.793500602245330811e-01 -3.560304939746856689e-01 -7.435986995697021484e-01
-2.026060968637466431e-02 -6.557987928390502930e-01 1.900220215320587158e-01 -5.114911794662475586e-01 4.548119902610778809e-01 1.113569885492324829e-01 -5.830096006393432617e-01 5.235869884490966797e-01 1.902941018342971802e-01 3.285520374774932861e-01 -4.256399571895599365e-01 -1.926293671131134033e-01 4.163932502269744873e-01 6.387703418731689453e-01 2.560048699378967285e-01 1.702610552310943604e-01 1.829002350568771362e-01 4.868116378784179688e-01 3.578928709030151367e-01 -3.994727432727813721e-01 -9.207856655120849609e-01 1.368227899074554443e-01 1.946862936019897461e-01 1.930272430181503296e-01 9.682534933090209961e-01 -9.759537130594253540e-02 -2.555544137954711914e+00 -2.253543734550476074e-01 1.353467702865600586e-01 -4.404027462005615234e-01 2.675446569919586182e-01 2.978408932685852051e-01 1.209649294614791870e-01 -6.326966285705566406e-01 1.432567238807678223e+00 1.202465176582336426e+00 -2.979533076286315918e-01 6.161623597145080566e-01 3.881929218769073486e-01 -1.284033417701721191e+00 -3.450535237789154053e-01 9.140558242797851562e-01 -6.625028848648071289e-01 1.092685699462890625e+00 1.185094594955444336e+00 -9.587285518646240234e-01 -7.846708893775939941e-01 7.281784415245056152e-01 -1.981768012046813965e-01 -1.498024225234985352e+00 -6.765784323215484619e-02 -3.700842857360839844e-01 3.835641443729400635e-01 8.899440765380859375e-01 1.825582534074783325e-01 -2.618932537734508514e-02 4.378049969673156738e-01 -2.236884117126464844e+00 2.074939608573913574e-01 -1.618351638317108154e-01 -5.976774096488952637e-01 -1.285852193832397461e+00 -2.317459732294082642e-01 1.622579395771026611e-01
1.638846993446350098e-01 1.527242958545684814e-01 1.069875955581665039e+00 3.063133656978607178e-01 8.081186562776565552e-02 1.798457205295562744e-01 4.416297376155853271e-01 -3.010467588901519775e-01 2.821384370326995850e-01 5.606743693351745605e-01 -1.000566482543945312e-01 9.607024490833282471e-02 4.332558810710906982e-01 -1.629786915145814419e-03 5.411178469657897949e-01 3.667968213558197021e-01 4.238066077232360840e-02 3.328225612640380859e-01 -1.776951998472213745e-01 -2.215403765439987183e-01 -3.887300491333007812e-01 4.779748916625976562e-01 3.762497603893280029e-01 5.196753144264221191e-01 5.359079837799072266e-01 3.857446014881134033e-01 -2.842552363872528076e-01 5.989948511123657227e-01 6.247613430023193359e-01 6.855908632278442383e-01 3.085575401782989502e-01 4.621922969818115234e-01 -1.287115514278411865e-01 1.185440458357334137e-02 -4.566409289836883545e-01 -1.807032711803913116e-02 6.443215608596801758e-01 9.428030848503112793e-01 -4.920555353164672852e-01 2.753604948520660400e-01 6.360095739364624023e-02 -1.352642327547073364e-01 8.034443259239196777e-01 -1.020899653434753418e+00 3.099859356880187988e-01 -3.702525049448013306e-02 3.834253251552581787e-01 1.341692358255386353e-01 2.323416471481323242e-01 2.289379946887493134e-02 2.920302748680114746e-02 2.477305084466934204e-01 -1.903890222311019897e-01 -7.092585563659667969e-01 4.618173241615295410e-01 5.177818536758422852e-01 3.770731985569000244e-01 7.325656414031982422e-01 4.234283864498138428e-01 6.915785670280456543e-01 2.062207758426666260e-01 4.088495969772338867e-01 -3.415549695491790771e-01 -7.290376722812652588e-02
2.065963447093963623e-01 7.553906440734863281e-01 -6.115679740905761719e-01 1.420713402330875397e-02 1.440234780311584473e-01 6.472864747047424316e-02 4.835544526576995850e-02 -2.318753898143768311e-01 1.333351135253906250e-01 -7.259667664766311646e-02 4.435612559318542480e-01 4.096488952636718750e-01 -3.761855065822601318e-01 4.236303865909576416e-01 -6.618000864982604980e-01 1.871269047260284424e-01 1.116148196160793304e-02 -3.972123563289642334e-01 9.088916182518005371e-01 -4.846513569355010986e-01 -9.810150265693664551e-01 -1.009459570050239563e-01 3.253164291381835938e-01 1.093662261962890625e+00 -4.390218555927276611e-01 2.515839338302612305e-01 1.691284537315368652e+00 9.856179952621459961e-01 -1.130286574363708496e+00 -4.939216673374176025e-01 -1.280474066734313965e+00 1.072535157203674316e+00 -1.069790869951248169e-01 -9.886034727096557617e-01 2.782428860664367676e-01 1.594093888998031616e-01 -1.610232144594192505e-01 -1.480953693389892578e+00 4.824116528034210205e-01 1.091712832450866699e+00 2.936746180057525635e-01 -4.119425296783447266e+00 4.371549785137176514e-01 1.572090089321136475e-01 -1.359279632568359375e+00 3.620051145553588867e-01 4.209315404295921326e-02 8.374929428100585938e-01 1.019208431243896484e+00 3.615215122699737549e-01 -4.929405689239501953e+00 -7.070449590682983398e-01 -5.351973697543144226e-02 3.567767441272735596e-01 -7.849763035774230957e-01 -1.809047162532806396e-01 -2.901728451251983643e-01 1.253057360649108887e+00 5.702604651451110840e-01 -5.001834630966186523e-01 -2.877222001552581787e-01 1.235526800155639648e-01 9.431827664375305176e-01 2.958007156848907471e-03
1.018521413207054138e-01 -6.745979189872741699e-02 3.292953073978424072e-01 9.094671159982681274e-02 -2.740295231342315674e-01 9.371056407690048218e-02 1.669090986251831055e-01 -4.996181726455688477e-01 -4.377171993255615234e-01 -1.482949256896972656e-01 2.996759116649627686e-01 -2.861457765102386475e-01 2.160502374172210693e-01 -3.315264284610748291e-01 -9.280207753181457520e-02 1.947535723447799683e-01 -1.291937753558158875e-02 1.261280924081802368e-01 5.192894339561462402e-01 -2.663201391696929932e-01 -1.858164817094802856e-01 4.869896918535232544e-02 -1.450085639953613281e-01 2.475782334804534912e-01 5.103154852986335754e-02 -3.052650988101959229e-01 -4.901083409786224365e-01 -1.229926794767379761e-01 -3.052756488323211670e-01 1.867942959070205688e-01 1.240413039922714233e-01 -9.566934406757354736e-02 6.825577020645141602e-01 -3.262960612773895264e-01 -2.390233129262924194e-01 1.181245148181915283e-01 3.704202547669410706e-02 3.796304762363433838e-01 1.686377972364425659e-01 -1.718001961708068848e-01 -8.095187693834304810e-02 -1.880948245525360107e-01 4.126921892166137695e-01 -6.072033047676086426e-01 2.962838709354400635e-01 -3.135130405426025391e-01 2.392693012952804565e-01 -1.304041147232055664e-01 -1.075404211878776550e-01 -2.747309394180774689e-02 6.466696411371231079e-02 5.654106289148330688e-02 -1.453390866518020630e-01 -1.846048235893249512e-01 -7.060460280627012253e-03 -2.082372009754180908e-01 -2.617965936660766602e-01 1.367576718330383301e-01 -2.577487230300903320e-01 5.272915959358215332e-01 1.741100996732711792e-01 1.105171889066696167e-01 -1.345955282449722290e-01 9.631068110466003418e-01
5.374565720558166504e-01 -1.611454248428344727e+00 6.983498483896255493e-02 2.600489258766174316e-01 1.871376633644104004e-01 2.627010047435760498e-01 1.088434219360351562e+00 -1.026098370552062988e+00 6.679181009531021118e-02 9.292089194059371948e-02 -2.127866894006729126e-01 4.387419819831848145e-01 -5.906965136528015137e-01 -1.559088945388793945e+00 3.760236799716949463e-01 -1.003803730010986328e+00 6.206090375781059265e-02 1.476949155330657959e-01 -5.480897426605224609e-01 4.032043218612670898e-01 3.745988607406616211e-01 -1.294992208480834961e+00 -9.385323524475097656e-01 -6.063585877418518066e-01 -5.284974575042724609e-01 2.055912315845489502e-01 -7.770516276359558105e-01 4.472692906856536865e-01 6.142556071281433105e-01 -2.596873998641967773e+00 2.391463518142700195e-01 5.375302433967590332e-01 2.171499490737915039e+00 -1.733275502920150757e-01 6.252351403236389160e-01 -7.297403812408447266e-01 -3.543223142623901367e-01 1.300462841987609863e+00 -7.686722278594970703e-01 5.860807299613952637e-01 -1.646385639905929565e-01 3.548984527587890625e-01 5.416651368141174316e-01 1.430771231651306152e+00 -1.032579615712165833e-01 -3.451538085937500000e-01 -1.254209637641906738e+00 8.641653507947921753e-02 -5.440624952316284180e-01 1.160672664642333984e+00 1.905011385679244995e-01 1.828769147396087646e-01 -1.091136693954467773e+00 -1.007048130035400391e+00 -1.480686366558074951e-01 7.518013566732406616e-02 5.812939722090959549e-03 1.623754501342773438e+00 3.483722209930419922e-01 1.465033411979675293e+00 4.105624854564666748e-01 1.195390582084655762e+00 4.723182916641235352e-01 2.611216306686401367e-01
2.454432845115661621e-01 2.447271347045898438e-01 -6.151069402694702148e-01 -2.532538473606109619e-01 3.368587791919708252e-01 9.116731286048889160e-01 -2.454726696014404297e-01 -7.707609236240386963e-02 -4.251206293702125549e-02 -2.415693737566471100e-02 2.849519625306129456e-02 4.026734232902526855e-01 -7.856435179710388184e-01 8.123276829719543457e-01 1.068384766578674316e+00 -9.491084516048431396e-02 9.971837401390075684e-01 -4.414798021316528320e-01 -1.355928063392639160e+00 -5.629102885723114014e-02 3.502566516399383545e-01 2.106713950634002686e-01 2.634738981723785400e-01 4.359982907772064209e-01 4.950850084424018860e-02 2.757793068885803223e-01 6.517853736877441406e-01 3.715262711048126221e-01 2.288512438535690308e-01 4.017363861203193665e-02 -2.262957543134689331e-01 4.254478216171264648e-01 1.154085397720336914e+00 3.565258383750915527e-01 8.453386276960372925e-02 -6.645889580249786377e-02 1.188003346323966980e-01 -2.914551086723804474e-02 8.050312399864196777e-01 4.597184062004089355e-01 6.512076854705810547e-01 3.251267671585083008e-01 3.678708374500274658e-01 -9.421035647392272949e-01 -4.970856010913848877e-01 -6.646995246410369873e-02 -1.150981485843658447e-01 2.099250108003616333e-01 -2.476357668638229370e-01 2.023555189371109009e-01 -1.246915161609649658e-01 -5.671052634716033936e-02 -8.369705677032470703e-01 9.074521064758300781e-02 -3.916322886943817139e-01 -7.922765612602233887e-01 3.760000765323638916e-01 -8.426638245582580566e-01 -7.932690531015396118e-02 -1.356445074081420898e+00 7.047070860862731934e-01 -3.969771564006805420e-01 -1.775153428316116333e-01 3.025157451629638672e-01
-1.644273996353149414e-01 -1.693261414766311646e-01 -9.587780237197875977e-01 -3.888790011405944824e-01 -4.940340816974639893e-01 5.700867623090744019e-03 -6.674240231513977051e-01 4.553717672824859619e-01 -1.774915456771850586e+00 -4.973028302192687988e-01 5.038974881172180176e-01 -8.227484822273254395e-01 -3.118496894836425781e+00 -3.985881209373474121e-01 8.356962800025939941e-01 2.773714363574981689e-01 -1.556493528187274933e-02 -9.050881266593933105e-01 -3.778936713933944702e-02 -5.770207643508911133e-01 -2.263681441545486450e-01 1.277312487363815308e-01 9.494884014129638672e-01 8.481907844543457031e-01 1.299854665994644165e-01 -5.934011936187744141e-01 -7.238071560859680176e-01 -4.760569334030151367e-01 4.698396027088165283e-01 -2.958433151245117188e+00 6.858661770820617676e-01 -4.360754013061523438e+00 9.137325882911682129e-01 1.531936079263687134e-01 -1.305797696113586426e+00 2.175155282020568848e-01 3.279191553592681885e-01 1.730986595153808594e+00 -3.293063342571258545e-01 -6.521661877632141113e-01 1.241315528750419617e-01 1.119997724890708923e-01 8.528980016708374023e-01 8.876466155052185059e-01 -1.126878499984741211e+00 6.088165044784545898e-01 2.639869749546051025e-01 -3.093675971031188965e-01 4.487697482109069824e-01 -1.390554476529359818e-02 2.144642472267150879e-01 6.243478059768676758e-01 1.697340011596679688e-01 -7.744292616844177246e-01 3.409436345100402832e-02 -6.498585343360900879e-01 1.272706240415573120e-01 -8.445608019828796387e-01 -9.702726006507873535e-01 -1.319494009017944336e+00 1.463112115859985352e+00 -1.871401220560073853e-01 2.039199620485305786e-01 -3.726617693901062012e-01
3.867718279361724854e-01 -2.585427165031433105e-01 -1.004462242126464844e-01 -1.728041410446166992e+00 4.671149700880050659e-02 3.191264271736145020e-01 -1.368663273751735687e-02 5.223232507705688477e-01 -9.598493576049804688e-01 -2.517624497413635254e-01 5.317938327789306641e-01 2.866066992282867432e-01 -2.000100016593933105e-01 2.211182117462158203e+00 4.785951972007751465e-01 1.915853917598724365e-01 1.457448601722717285e-01 -2.399930000305175781e+00 -3.484223842620849609e+00 1.969529539346694946e-01 -2.630682289600372314e-01 1.496019493788480759e-02 1.002294898033142090e+00 9.872066974639892578e-01 -4.423612117767333984e+00 8.496986031532287598e-01 1.279042363166809082e+00 4.232622385025024414e-01 -8.192422389984130859e-01 1.969728767871856689e-01 7.092335224151611328e-01 -3.320252895355224609e-01 -4.356094598770141602e-01 6.198668479919433594e-01 -7.493314743041992188e-01 1.274725496768951416e-01 -2.067364603281021118e-01 -5.766540169715881348e-01 2.154096961021423340e-01 8.048194646835327148e-01 -4.069776237010955811e-01 -1.629329659044742584e-02 -5.715009570121765137e-01 -6.515747308731079102e-01 -8.109957575798034668e-01 3.517543077468872070e-01 -1.274395942687988281e+00 3.672658801078796387e-01 -1.239828206598758698e-02 4.327814280986785889e-01 -6.978332400321960449e-01 7.933021187782287598e-01 3.374373167753219604e-02 1.091875042766332626e-02 -6.763463616371154785e-01 -4.887040331959724426e-02 1.986457556486129761e-01 1.132399082183837891e+00 -1.140373945236206055e-01 2.093981266021728516e+00 7.514180541038513184e-01 2.861706912517547607e-01 -1.163327917456626892e-01 7.878132909536361694e-02
-1.990314573049545288e-01 -5.835958942770957947e-02 4.134286344051361084e-01 6.455881595611572266e-01 -1.765560656785964966e-01 2.332776784896850586e-01 3.091453313827514648e-01 -4.607325792312622070e-01 -5.130831003189086914e-01 7.585608866065740585e-03 1.291867345571517944e-01 -2.123057693243026733e-01 1.780537813901901245e-01 -5.556661486625671387e-01 1.133212260901927948e-02 1.383178774267435074e-02 2.091030478477478027e-01 2.743672020733356476e-02 2.320068776607513428e-01 -6.167234778404235840e-01 -1.967612951993942261e-01 9.875936061143875122e-02 -1.601017266511917114e-01 2.112228050827980042e-02 -3.381085991859436035e-01 -4.168827235698699951e-01 -5.748010277748107910e-01 4.704645276069641113e-02 -2.014047279953956604e-02 2.224940061569213867e-01 5.256277322769165039e-02 -2.598409354686737061e-01 4.133101403713226318e-01 -3.856808245182037354e-01 -1.182101443409919739e-01 9.461358934640884399e-02 2.884306199848651886e-02 3.348641395568847656e-01 4.694935083389282227e-01 -4.118936359882354736e-01 -3.263100981712341309e-01 7.045403122901916504e-02 1.758216917514801025e-01 -5.740200877189636230e-01 4.135580956935882568e-01 -3.966443538665771484e-01 2.346319705247879028e-01 -2.444178760051727295e-01 1.098423358052968979e-02 -1.412849724292755127e-01 -2.178888320922851562e-01 8.927613496780395508e-02 -2.666971981525421143e-01 -4.909184873104095459e-01 -1.024743542075157166e-01 -8.438835293054580688e-02 -5.397640466690063477e-01 1.789281219244003296e-01 -3.399493694305419922e-01 5.480123758316040039e-01 4.113990962505340576e-01 9.401591494679450989e-03 -3.632647097110748291e-01 6.088616251945495605e-01
1.899354904890060425e-01 1.860792040824890137e+00 1.011924818158149719e-01 -1.962650269269943237e-01 3.897691369056701660e-01 9.510773420333862305e-02 2.138177305459976196e-01 3.287109434604644775e-01 -2.119473934173583984e+00 2.461597472429275513e-01 1.425532102584838867e-01 -2.422055244445800781e+00 2.339722812175750732e-01 5.114539861679077148e-01 -2.564015388488769531e-01 -2.953747510910034180e-01 5.087753385305404663e-02 -1.009439349174499512e+00 2.452949434518814087e-01 1.533415466547012329e-01 -2.052146494388580322e-01 3.965352475643157959e-02 -7.465412616729736328e-01 4.505247116088867188e+00 2.860264480113983154e-01 -1.212638497352600098e+00 1.904898762702941895e+00 5.055959224700927734e-01 -2.018821716308593750e+00 -5.238374233245849609e+00 -2.656782567501068115e-01 5.230664610862731934e-01 2.746554315090179443e-01 -3.026933968067169189e-01 -1.320266723632812500e+00 8.304446935653686523e-01 1.615719348192214966e-01 3.818006217479705811e-01 -1.357978582382202148e-01 -1.218033552169799805e+00 3.148939907550811768e-01 1.123500347137451172e+00 -4.157299101352691650e-01 6.868051290512084961e-01 -2.294907569885253906e+00 1.827125810086727142e-02 -6.012890338897705078e-01 2.519988417625427246e-01 1.630705744028091431e-01 7.237614393234252930e-01 -9.227496385574340820e-01 3.473561257123947144e-02 3.484526574611663818e-01 2.673986554145812988e-01 -4.501962661743164062e-02 -1.216869473457336426e+00 9.438091516494750977e-02 -3.849208593368530273e+00 2.631345093250274658e-01 3.013722002506256104e-01 -7.998902797698974609e-01 -1.509221911430358887e+00 2.467922866344451904e-01 -3.356052637100219727e-01
9.827299416065216064e-02 -6.561833620071411133e-02 9.182186126708984375e-01 2.771900296211242676e-01 7.541665434837341309e-02 1.312260031700134277e-01 3.357568383216857910e-01 -5.059342384338378906e-01 -1.831857413053512573e-01 4.112219512462615967e-01 -2.216380834579467773e-01 1.544699966907501221e-01 4.551290273666381836e-01 -1.634660661220550537e-01 3.956070244312286377e-01 3.944231271743774414e-01 -2.438342571258544922e-02 1.355899423360824585e-01 -4.237881898880004883e-01 -5.072436928749084473e-01 -2.422725409269332886e-01 4.460119903087615967e-01 3.361625671386718750e-01 2.815255224704742432e-01 1.856660991907119751e-01 2.395477592945098877e-01 -7.035803198814392090e-01 3.364568650722503662e-01 -2.334352433681488037e-01 4.596889317035675049e-01 2.084261626005172729e-01 1.007987409830093384e-01 -2.365049868822097778e-01 -4.403955936431884766e-01 -4.569526910781860352e-01 -1.263147145509719849e-01 5.324215292930603027e-01 8.590370416641235352e-01 -4.876647889614105225e-01 2.259886562824249268e-01 1.707180589437484741e-01 -1.503873169422149658e-01 6.367612481117248535e-01 -1.219084501266479492e+00 1.340357065200805664e-01 1.239018235355615616e-02 2.486195564270019531e-01 -2.094569057226181030e-02 5.428000539541244507e-02 1.121654510498046875e-01 -1.793515980243682861e-01 3.403354287147521973e-01 -3.158300518989562988e-01 -8.281423449516296387e-01 3.518454432487487793e-01 2.058690190315246582e-01 2.257905304431915283e-01 6.118755936622619629e-01 1.527778953313827515e-01 8.243045806884765625e-01 2.027680277824401855e-01 3.490604758262634277e-01 -3.288669288158416748e-01 1.541403084993362427e-01
3.521005809307098389e-01 1.728167384862899780e-02 1.128859519958496094e+00 2.254719734191894531e-01 1.514321565628051758e-01 1.127291843295097351e-01 3.130766153335571289e-01 -3.678701221942901611e-01 2.104462385177612305e-01 4.995618462562561035e-01 8.227566257119178772e-03 9.574414044618606567e-02 5.030453205108642578e-01 1.724760048091411591e-03 5.553432106971740723e-01 4.983620941638946533e-01 2.476540207862854004e-02 4.188195765018463135e-01 -2.741364836692810059e-01 -5.992919951677322388e-02 -2.013717442750930786e-01 5.741170048713684082e-01 4.181321263313293457e-01 2.874991595745086670e-01 3.143647313117980957e-01 3.294362723827362061e-01 -1.244454234838485718e-01 5.117568969726562500e-01 5.977950692176818848e-01 6.836011409759521484e-01 2.171447873115539551e-01 3.515767753124237061e-01 -4.249882698059082031e-02 -6.302785873413085938e-02 -5.266501307487487793e-01 -1.224849745631217957e-01 5.904816389083862305e-01 8.284078836441040039e-01 -5.638251900672912598e-01 2.148718237876892090e-01 1.384311169385910034e-01 -1.199620887637138367e-01 7.199574708938598633e-01 -1.063872456550598145e+00 2.416872531175613403e-01 6.382012367248535156e-02 4.786038100719451904e-01 2.976420223712921143e-01 1.816649436950683594e-01 1.396682113409042358e-01 -1.861356943845748901e-01 3.912271559238433838e-01 -2.200630307197570801e-01 -6.037555336952209473e-01 4.064689874649047852e-01 4.144373238086700439e-01 3.397910892963409424e-01 8.957444429397583008e-01 4.520766139030456543e-01 6.801169514656066895e-01 1.867721527814865112e-01 3.823887705802917480e-01 -3.187187612056732178e-01 -3.946239128708839417e-02
-2.118064165115356445e-01 -1.083639711141586304e-01 3.438808321952819824e-01 4.011496603488922119e-01 -9.882797300815582275e-02 2.399945855140686035e-01 2.044921666383743286e-01 -5.291903018951416016e-01 -3.706273734569549561e-01 -2.404955029487609863e-02 8.448605239391326904e-02 -2.806103527545928955e-01 3.187004029750823975e-01 -2.753704488277435303e-01 -6.170498579740524292e-02 -1.560406666249036789e-02 2.842990159988403320e-01 3.261676058173179626e-02 3.218297362327575684e-01 -3.894648849964141846e-01 -2.547716498374938965e-01 1.998911350965499878e-01 3.540446632541716099e-04 -2.062948048114776611e-02 -9.871957451105117798e-02 -1.385923326015472412e-01 -4.062557518482208252e-01 -3.389579057693481445e-02 -1.719853840768337250e-02 2.009527087211608887e-01 4.053921625018119812e-02 -3.025704324245452881e-01 5.283636450767517090e-01 -4.309765994548797607e-01 -3.780163824558258057e-01 1.816174536943435669e-01 -8.759364485740661621e-02 4.278322160243988037e-01 3.713212907314300537e-01 -4.688129723072052002e-01 -6.630714237689971924e-02 -3.548874333500862122e-02 5.635915398597717285e-01 -3.935978412628173828e-01 4.289104938507080078e-01 -2.978019118309020996e-01 1.694460958242416382e-01 -3.837006539106369019e-02 -2.194729633629322052e-02 -3.910969197750091553e-02 -7.136368006467819214e-02 6.018416956067085266e-03 -1.986730247735977173e-01 -2.168026417493820190e-01 -1.857202500104904175e-01 -2.099313735961914062e-01 -3.170941174030303955e-01 1.967893838882446289e-01 -3.634413480758666992e-01 5.004686117172241211e-01 3.319599330425262451e-01 -9.479032014496624470e-04 -7.011602818965911865e-02 5.712233781814575195e-01
-2.977386713027954102e-01 2.612501382827758789e-03 6.294779181480407715e-01 4.357383251190185547e-01 -1.700400859117507935e-01 -2.015371024608612061e-01 -3.021182119846343994e-01 7.485262751579284668e-01 -5.401105284690856934e-01 -1.456162571907043457e+00 4.297985136508941650e-01 -3.625730425119400024e-02 7.989728450775146484e-01 -2.261020094156265259e-01 2.376832485198974609e+00 -3.845042586326599121e-01 7.600502111017704010e-03 -5.153975486755371094e-01 7.860611081123352051e-01 2.208025753498077393e-02 4.565684199333190918e-01 -3.064580261707305908e-01 4.180012736469507217e-03 3.028961122035980225e-01 -5.163646936416625977e-01 -1.670763343572616577e-01 1.823778867721557617e+00 -4.894538223743438721e-01 -1.065142869949340820e+00 -5.273086205124855042e-02 -1.999134868383407593e-01 -2.949288189411163330e-01 -3.141679763793945312e-01 -1.267753601074218750e+00 -2.061556875705718994e-01 2.332056127488613129e-02 -9.964741468429565430e-01 -3.885317564010620117e+00 -9.712354093790054321e-02 -1.807985305786132812e-01 -1.319298267364501953e+00 1.561683058738708496e+00 -3.265591621398925781e+00 1.107665538787841797e+00 7.060912847518920898e-01 -5.643241107463836670e-02 -4.949164986610412598e-01 -1.313336193561553955e-01 1.588068366050720215e+00 -3.681830689311027527e-02 -6.026822924613952637e-01 -1.349400043487548828e+00 7.451120615005493164e-01 9.170678257942199707e-01 -5.796944350004196167e-02 -3.375242710113525391e+00 4.925114288926124573e-02 -2.270663022994995117e+00 1.158060580492019653e-01 -9.023535251617431641e-01 5.490418672561645508e-01 -1.773609369993209839e-01 5.490871667861938477e-01 -9.145207703113555908e-02
-2.179975658655166626e-01 -1.377071887254714966e-01 4.827660620212554932e-01 4.245124161243438721e-01 -1.962391734123229980e-01 2.237976640462875366e-01 1.257752329111099243e-01 -6.008620262145996094e-01 -4.985968768596649170e-01 5.740053579211235046e-02 9.374605119228363037e-02 -2.079262137413024902e-01 1.529218256473541260e-01 -2.767673730850219727e-01 2.801228128373622894e-02 1.380518525838851929e-01 1.816553622484207153e-01 -9.316868148744106293e-03 2.947541475296020508e-01 -4.300435185432434082e-01 -2.802935242652893066e-01 -4.674565419554710388e-02 -1.960081011056900024e-01 5.372465774416923523e-02 -4.522978886961936951e-02 -4.076260626316070557e-01 -5.922918319702148438e-01 -1.230860874056816101e-01 -6.986292451620101929e-02 1.628538966178894043e-01 1.059401109814643860e-01 -1.475668847560882568e-01 5.746482014656066895e-01 -3.549598157405853271e-01 -1.589088886976242065e-01 1.671735495328903198e-01 -3.450640477240085602e-03 5.646031498908996582e-01 4.148756861686706543e-01 -3.658911585807800293e-01 -5.745268985629081726e-02 1.158985644578933716e-01 3.402836024761199951e-01 -5.236184597015380859e-01 2.753255963325500488e-01 -2.938763201236724854e-01 1.732262820005416870e-01 -2.183076739311218262e-01 3.184417728334665298e-03 -1.681288778781890869e-01 -2.148189693689346313e-01 6.813199073076248169e-02 -2.166919410228729248e-01 -2.777078151702880859e-01 -1.684789359569549561e-01 -1.640083342790603638e-01 -1.881554424762725830e-01 1.167155057191848755e-01 -3.675701618194580078e-01 6.385627985000610352e-01 2.266624122858047485e-01 1.661345660686492920e-01 -3.722939491271972656e-01 5.810457468032836914e-01
1.474597156047821045e-01 -5.752000212669372559e-02 1.112305760383605957e+00 3.182047307491302490e-01 -3.828007727861404419e-02 2.439367026090621948e-02 4.317078888416290283e-01 -2.149348258972167969e-01 1.715091988444328308e-02 4.643327295780181885e-01 -1.725454032421112061e-01 2.046712189912796021e-01 4.199087917804718018e-01 -1.743128746747970581e-01 3.327577710151672363e-01 4.102633297443389893e-01 2.757071517407894135e-02 3.154489398002624512e-01 -4.707602262496948242e-01 -4.130344688892364502e-01 -2.353379130363464355e-01 5.158866047859191895e-01 4.404286146163940430e-01 4.835852682590484619e-01 3.790538609027862549e-01 3.994143307209014893e-01 -6.796761155128479004e-01 5.755007266998291016e-01 -2.088083326816558838e-01 3.747285902500152588e-01 2.624412477016448975e-01 2.168815284967422485e-01 -4.066893085837364197e-02 -6.865077018737792969e-01 -5.493981838226318359e-01 3.895287588238716125e-02 6.500387191772460938e-01 7.745233774185180664e-01 -4.250082075595855713e-01 3.529594242572784424e-01 2.588865160942077637e-01 -1.310878098011016846e-01 6.244736909866333008e-01 -1.279519796371459961e+00 1.200922131538391113e-01 6.476433575153350830e-02 3.628322482109069824e-01 -6.995975971221923828e-02 1.885817795991897583e-01 5.411540344357490540e-02 -3.558301925659179688e-02 2.147152274847030640e-01 -1.325974613428115845e-01 -6.693534255027770996e-01 3.562585711479187012e-01 4.932718276977539062e-01 2.689913213253021240e-01 8.789949417114257812e-01 3.960861563682556152e-01 7.756717801094055176e-01 3.415549397468566895e-01 3.804988861083984375e-01 -2.165098637342453003e-01 -2.453139610588550568e-02
1.834771335124969482e-01 -9.507063776254653931e-02 1.060619115829467773e+00 3.727311491966247559e-01 -7.558261603116989136e-02 1.085798963904380798e-01 4.062100052833557129e-01 -4.145242273807525635e-01 2.606092579662799835e-02 3.191673159599304199e-01 -1.593441516160964966e-01 1.687128655612468719e-02 4.440253376960754395e-01 -1.475017517805099487e-01 4.162054359912872314e-01 2.190373539924621582e-01 4.330584034323692322e-02 2.329461276531219482e-01 -4.620127379894256592e-01 -4.379805922508239746e-01 -3.419516086578369141e-01 4.453086256980895996e-01 2.507101297378540039e-01 4.205693304538726807e-01 1.534729599952697754e-01 1.904468089342117310e-01 -7.613151669502258301e-01 3.343640267848968506e-01 -3.206447064876556396e-01 4.325953722000122070e-01 1.549868732690811157e-01 2.976272404193878174e-01 -2.373377680778503418e-01 -5.921503901481628418e-01 -4.954333901405334473e-01 -1.533297896385192871e-01 6.279452443122863770e-01 8.085688948631286621e-01 -3.885135054588317871e-01 1.075290739536285400e-01 1.626127362251281738e-01 -1.765826493501663208e-01 6.341947913169860840e-01 -1.335530638694763184e+00 2.955712378025054932e-01 2.464960888028144836e-02 2.328397482633590698e-01 -3.803198412060737610e-02 4.704713821411132812e-02 -4.230694845318794250e-02 -3.546693176031112671e-02 2.800925970077514648e-01 -2.480890154838562012e-01 -7.590293288230895996e-01 1.486933678388595581e-01 3.365431129932403564e-01 7.221888750791549683e-02 6.041837930679321289e-01 1.695050746202468872e-01 8.417967557907104492e-01 1.663887649774551392e-01 3.634291887283325195e-01 -3.624218702316284180e-01 7.622063159942626953e-02
4.963457882404327393e-01 -2.626713275909423828e+00 -1.132869362831115723e+00 6.916140317916870117e-01 -1.588285088539123535e+00 3.568182587623596191e-01 -8.295977115631103516e-01 4.956913888454437256e-01 3.057449758052825928e-01 1.453104019165039062e-01 5.210291147232055664e-01 -7.510522007942199707e-01 -5.321858882904052734e+00 2.134104520082473755e-01 6.058266162872314453e-01 -7.846999168395996094e-01 7.758791092783212662e-03 2.452696412801742554e-01 -5.444025397300720215e-01 3.464351892471313477e-01 -1.084909960627555847e-01 -3.752313852310180664e-01 3.841983377933502197e-01 5.395145416259765625e-01 1.096935360692441463e-03 -1.590606212615966797e+00 -9.582574963569641113e-01 -9.577805548906326294e-02 7.323982715606689453e-01 -3.434649229049682617e+00 2.852742373943328857e-01 -1.608417272567749023e+00 5.236012935638427734e-01 2.017836831510066986e-02 -2.442707777023315430e+00 9.102855324745178223e-01 8.878537267446517944e-02 1.082261323928833008e+00 -1.222343444824218750e+00 -4.184922277927398682e-01 4.602006673812866211e-01 1.047891974449157715e-01 9.759188294410705566e-01 4.635428264737129211e-02 -3.037858903408050537e-01 4.637731909751892090e-01 1.805690526962280273e-01 1.527944952249526978e-01 4.882425069808959961e-02 3.037525713443756104e-01 -9.649429917335510254e-01 -4.824241101741790771e-01 8.248178660869598389e-02 7.235184907913208008e-01 -7.839637994766235352e-01 -9.337247163057327271e-02 -3.656633198261260986e-01 1.748461127281188965e+00 9.705410003662109375e-01 -9.831890463829040527e-01 -1.582397580146789551e+00 -3.657873272895812988e-01 7.641716599464416504e-01 5.488655567169189453e-01
-1.145594120025634766e+00 2.123501300811767578e-01 -1.519837528467178345e-01 -2.149112671613693237e-01 -1.686388403177261353e-01 -3.572730422019958496e-01 -4.011719524860382080e-01 -3.730862587690353394e-02 -8.629711866378784180e-01 -8.063777089118957520e-01 1.177789047360420227e-01 2.957260012626647949e-01 5.806950926780700684e-01 6.568277478218078613e-01 -2.582431435585021973e-01 -9.238766431808471680e-01 -1.144004911184310913e-01 2.836578488349914551e-01 4.650585949420928955e-01 -9.773662686347961426e-02 6.503190398216247559e-01 -7.022363543510437012e-01 2.922112047672271729e-01 3.028799593448638916e-01 8.780361413955688477e-01 -1.715638488531112671e-01 2.172066450119018555e+00 -6.523235887289047241e-02 4.153104424476623535e-01 -7.676358222961425781e-01 -2.510136842727661133e+00 5.492473244667053223e-01 9.820901155471801758e-01 -6.919834017753601074e-01 1.191029921174049377e-01 1.055399850010871887e-01 -6.865363121032714844e-01 -5.332859158515930176e-01 1.564022004604339600e-01 7.790598273277282715e-01 1.283810734748840332e-01 -3.213382959365844727e-01 -9.137576222419738770e-01 7.493600845336914062e-01 -8.603008389472961426e-01 -2.386116743087768555e+00 -3.332646191120147705e-01 -4.102466702461242676e-01 -5.130598545074462891e-01 1.396420747041702271e-01 -1.557804048061370850e-01 2.246800512075424194e-01 -8.061558753252029419e-02 4.613875970244407654e-02 9.107086807489395142e-02 -4.870596528053283691e-01 8.123006820678710938e-01 -6.832144856452941895e-01 6.667035818099975586e-01 -5.289364457130432129e-01 -1.060145020484924316e+00 -5.062242746353149414e-01 -6.654911637306213379e-01 -6.039919257164001465e-01
3.467473089694976807e-01 3.408938413485884666e-03 6.779302954673767090e-01 1.016582727432250977e+00 1.783871352672576904e-01 1.869673132896423340e-01 4.522773325443267822e-01 -1.107280373573303223e+00 -5.591253042221069336e-01 4.576163291931152344e-01 -2.724607288837432861e-01 2.867308557033538818e-01 5.106902122497558594e-01 -3.967616558074951172e-01 7.170847058296203613e-01 2.774901390075683594e-01 -1.308353058993816376e-02 3.260266780853271484e-01 -2.633965909481048584e-01 7.866984009742736816e-01 -5.233589410781860352e-01 2.604906260967254639e-01 -3.373797833919525146e-01 3.091910183429718018e-01 1.809183657169342041e-01 2.824270427227020264e-01 -7.047846913337707520e-01 2.311127185821533203e-01 -1.047248542308807373e-01 5.937062501907348633e-01 -1.574020683765411377e-01 4.036583304405212402e-01 4.405573382973670959e-02 -2.935895621776580811e-01 -4.692791998386383057e-01 -8.280877470970153809e-01 2.855450809001922607e-01 6.414291262626647949e-01 -2.726120352745056152e-01 5.928925871849060059e-01 -4.037239588797092438e-03 3.720597326755523682e-01 6.213736534118652344e-01 -1.133670091629028320e+00 1.293389201164245605e+00 2.458641529083251953e-01 5.515470504760742188e-01 -8.568079024553298950e-02 -5.337292551994323730e-01 6.456810235977172852e-01 -1.582270562648773193e-01 -8.264942467212677002e-02 -1.186141610145568848e+00 -1.924086093902587891e+00 1.375515609979629517e-01 4.492287039756774902e-01 -1.011727303266525269e-01 4.910708069801330566e-01 1.830087900161743164e-01 8.255486488342285156e-01 -1.584387421607971191e-01 4.214152097702026367e-01 7.769896388053894043e-01 3.516979143023490906e-02
-2.879112064838409424e-01 1.940424740314483643e-01 3.569704890251159668e-01 -9.734098613262176514e-02 -6.549141556024551392e-02 1.595516130328178406e-02 1.974592357873916626e-02 5.746162533760070801e-01 2.252920418977737427e-01 -2.808286547660827637e-01 2.833988666534423828e-01 9.778846800327301025e-02 1.679149985313415527e+00 1.149186134338378906e+00 4.567789733409881592e-01 3.313394188880920410e-01 -5.997678264975547791e-03 3.451520204544067383e-01 -1.311984509229660034e-01 -3.471209406852722168e-01 -9.540593624114990234e-01 5.667769163846969604e-02 5.781748294830322266e-01 -7.696133255958557129e-01 4.168528318405151367e-01 -9.876953810453414917e-02 1.553836941719055176e+00 1.468458324670791626e-01 1.130367755889892578e+00 2.659123837947845459e-01 3.865262866020202637e-01 5.038731172680854797e-02 -2.602359652519226074e-01 2.738200426101684570e-01 -4.835581183433532715e-01 1.687353968620300293e+00 -5.394845008850097656e-01 -3.983614444732666016e-01 3.525873124599456787e-01 2.660834491252899170e-01 -2.108269184827804565e-01 2.262532711029052734e+00 -4.092622548341751099e-02 5.258841514587402344e-01 1.016568914055824280e-01 -2.718928456306457520e-01 -5.409164428710937500e+00 2.062698155641555786e-01 -6.001732349395751953e-01 -1.275019645690917969e+00 -8.244819045066833496e-01 -2.748316526412963867e-01 8.104522824287414551e-01 1.049957275390625000e+00 -1.171538680791854858e-01 -2.687238752841949463e-01 2.898314893245697021e-01 -2.139107227325439453e+00 3.866429328918457031e-01 -1.024655327200889587e-01 1.482199430465698242e-01 -3.223179876804351807e-01 -1.179982781410217285e+00 1.821012645959854126e-01
-6.001967471092939377e-03 1.186010017991065979e-01 -1.119644716382026672e-01 -1.740975499153137207e+00 -5.375142693519592285e-01 3.323341533541679382e-02 -9.044343233108520508e-02 5.136392712593078613e-01 -1.113139986991882324e-01 -2.853547036647796631e-01 1.938053369522094727e-01 3.795863091945648193e-01 1.050512772053480148e-02 1.290317773818969727e+00 1.503315329551696777e+00 8.737290278077125549e-03 4.447067156434059143e-02 -1.296322107315063477e+00 -1.148872017860412598e+00 6.306393742561340332e-01 -2.932615995407104492e+00 1.012344434857368469e-01 -2.319227159023284912e-01 -1.228395581245422363e+00 -6.510504484176635742e-01 2.354461885988712311e-02 -3.540987372398376465e-01 9.108992218971252441e-01 -3.561782538890838623e-01 1.816757023334503174e-02 2.449658811092376709e-01 7.440774142742156982e-02 -3.363994061946868896e-01 1.285636663436889648e+00 -8.748123645782470703e-01 -7.439824938774108887e-01 -1.305589824914932251e-01 -6.301832944154739380e-02 5.189052224159240723e-01 4.976520836353302002e-01 4.921433031558990479e-01 1.708349347114562988e+00 -9.772667288780212402e-01 3.928753435611724854e-01 -1.428424596786499023e+00 -7.240383625030517578e-01 -1.255556821823120117e+00 1.079873442649841309e-01 -3.008774220943450928e-01 4.048317074775695801e-01 8.799817562103271484e-01 2.812977731227874756e-01 1.332540214061737061e-01 6.717520207166671753e-02 -1.218582987785339355e+00 -2.321002781391143799e-01 1.379730831831693649e-02 3.941214382648468018e-01 4.434630870819091797e-01 -1.232847452163696289e+00 8.332735896110534668e-01 -1.013662572950124741e-02 -1.119919300079345703e+00 2.351067811250686646e-01
8.795407414436340332e-02 -6.976655125617980957e-02 7.088186144828796387e-01 4.597690701484680176e-01 -1.265036035329103470e-02 3.009286709129810333e-02 4.004093110561370850e-01 -1.215957760810852051e+00 -4.720703959465026855e-01 1.923995167016983032e-01 -1.316611409187316895e+00 2.677598297595977783e-01 -1.881978809833526611e-01 3.018261492252349854e-01 8.446062207221984863e-01 5.704279541969299316e-01 3.453256189823150635e-02 1.922697573900222778e-01 -9.584480524063110352e-01 9.935296177864074707e-01 -5.317800641059875488e-01 1.084838807582855225e-01 -4.862799048423767090e-01 6.975687146186828613e-01 6.968142986297607422e-01 -2.457762658596038818e-01 -1.337285637855529785e+00 3.362067937850952148e-01 8.039371967315673828e-01 6.535068750381469727e-01 5.733942240476608276e-02 2.669812440872192383e-01 1.425269292667508125e-03 -2.242630124092102051e-01 -7.297347784042358398e-01 -3.975600898265838623e-01 3.040331304073333740e-01 7.975566983222961426e-01 -7.756958901882171631e-02 1.156144589185714722e-01 2.928286790847778320e-01 3.606768846511840820e-01 3.771771490573883057e-01 -2.133045911788940430e+00 1.054489970207214355e+00 1.279987394809722900e-01 7.397212982177734375e-01 -1.315755695104598999e-01 -1.275561451911926270e+00 3.316067457199096680e-01 -8.319200575351715088e-02 -1.556243002414703369e-01 -1.518703222274780273e+00 -1.421439051628112793e+00 6.265490502119064331e-02 1.314545869827270508e-01 -8.418779075145721436e-02 2.676574885845184326e-01 1.485381126403808594e-01 4.783791005611419678e-01 3.429959118366241455e-01 4.633256793022155762e-01 1.006008386611938477e+00 -1.673055738210678101e-01
1.647894978523254395e-01 7.230232357978820801e-01 -3.996911048889160156e-01 -6.977483034133911133e-01 -7.749043107032775879e-01 2.851445972919464111e-01 -1.711144208908081055e+00 1.637157052755355835e-01 -2.094406604766845703e+00 5.471735075116157532e-02 4.367498159408569336e-01 4.045249223709106445e-01 8.190825581550598145e-02 -1.381684899330139160e+00 1.248150110244750977e+00 3.041232228279113770e-01 1.915078982710838318e-02 -1.405059576034545898e+00 -1.144145607948303223e+00 -5.767292380332946777e-01 2.191761732101440430e+00 1.897217184305191040e-01 6.914435625076293945e-01 1.531682610511779785e+00 -5.650587677955627441e-01 1.232185140252113342e-01 1.825186237692832947e-02 -4.683488011360168457e-01 -8.429282307624816895e-01 -3.758120059967041016e+00 4.354974329471588135e-01 6.171424686908721924e-02 -1.216881632804870605e+00 4.264277517795562744e-01 -9.563801884651184082e-01 3.622166812419891357e-01 1.771399378776550293e-01 1.191904306411743164e+00 -2.086345255374908447e-01 -1.042655229568481445e+00 4.189934954047203064e-02 -1.284574031829833984e+00 5.042464137077331543e-01 -7.080527544021606445e-01 1.092532753944396973e+00 3.221507966518402100e-01 1.493189930915832520e+00 -5.497283339500427246e-01 2.243267893791198730e-01 -3.132719993591308594e-01 3.374799787998199463e-01 -4.324271380901336670e-01 -2.323244065046310425e-01 -8.874160647392272949e-01 -6.080999970436096191e-03 -1.236892491579055786e-01 -3.847486078739166260e-01 -3.530826270580291748e-01 5.697617307305335999e-02 5.803980827331542969e-01 6.701017022132873535e-01 -4.817332327365875244e-01 3.634438514709472656e-01 2.101828140439465642e-04
-2.026541471481323242e+00 6.167067959904670715e-02 -1.401233434677124023e+00 4.025464653968811035e-01 -4.586078524589538574e-01 -3.588189780712127686e-01 -3.275257050991058350e-01 3.756250739097595215e-01 6.303610801696777344e-01 -3.075841367244720459e-01 3.500696420669555664e-01 3.853834420442581177e-02 1.429337978363037109e+00 8.131919503211975098e-01 9.738435745239257812e-01 -5.470297932624816895e-01 -4.048594459891319275e-02 -1.131898641586303711e+00 -8.791666626930236816e-01 1.343583408743143082e-02 1.017228245735168457e+00 -6.039887070655822754e-01 -3.548291921615600586e+00 -9.023941993713378906e+00 -2.287364602088928223e-01 -1.363321781158447266e+00 7.919659614562988281e-01 -2.051940560340881348e-02 -5.734864473342895508e-01 -3.106941461563110352e+00 3.460302650928497314e-01 -1.055879950523376465e+00 -7.770228981971740723e-01 -2.443428710103034973e-02 -6.304855346679687500e-01 -3.293521702289581299e-01 1.586322188377380371e-01 1.089322566986083984e+00 7.569277286529541016e-02 6.251899152994155884e-02 1.487029939889907837e-01 -5.494486689567565918e-01 7.206374406814575195e-01 -2.206453308463096619e-02 -5.593293309211730957e-01 1.858389973640441895e-01 -4.292014539241790771e-01 -3.726766631007194519e-02 2.231231033802032471e-01 -3.615181148052215576e-01 5.036218166351318359e-01 3.979770243167877197e-01 -8.414717018604278564e-02 3.268618285655975342e-01 -1.606860570609569550e-02 -6.760091055184602737e-03 -3.917717635631561279e-01 -6.308862566947937012e-01 2.346640825271606445e-01 -4.101491272449493408e-01 -2.789462208747863770e-01 -2.052094042301177979e-01 2.058816403150558472e-01 3.850194811820983887e-01
2.524907290935516357e-01 1.182923186570405960e-02 6.807483434677124023e-01 -8.954164385795593262e-02 1.652785986661911011e-01 2.478305250406265259e-01 3.936212956905364990e-01 -8.821575641632080078e-01 -4.986099004745483398e-01 3.328889608383178711e-01 -1.044355034828186035e+00 4.465050995349884033e-01 5.899365544319152832e-01 -2.620490491390228271e-01 5.717927217483520508e-01 5.536949038505554199e-01 -2.516313642263412476e-02 1.357526183128356934e-01 -2.067060619592666626e-01 2.660686373710632324e-01 -1.150596976280212402e+00 3.072668313980102539e-01 5.468338727951049805e-01 1.221500158309936523e+00 1.756799370050430298e-01 -2.753346785902976990e-02 -1.479335546493530273e+00 1.179190576076507568e-01 -7.483220845460891724e-02 4.566847383975982666e-01 9.693530201911926270e-01 2.282697111368179321e-01 5.143028497695922852e-02 5.176256224513053894e-02 -8.000849485397338867e-01 4.864317551255226135e-02 2.511695027351379395e-01 8.018814325332641602e-01 4.167432487010955811e-01 4.485766589641571045e-01 -2.705245316028594971e-01 -3.344937562942504883e-01 2.636811137199401855e-01 -1.373641610145568848e+00 1.724646240472793579e-01 3.674939870834350586e-01 5.054897069931030273e-01 1.990105956792831421e-01 -4.719176888465881348e-01 8.629093766212463379e-01 -2.827737927436828613e-01 1.951586008071899414e-01 -1.295146942138671875e+00 -1.265102267265319824e+00 -6.741718947887420654e-02 1.969318240880966187e-01 9.787771105766296387e-02 5.403379201889038086e-01 1.871587783098220825e-01 9.735062122344970703e-01 -2.266535311937332153e-01 4.521453082561492920e-01 -5.252277851104736328e-01 6.154617294669151306e-02
