8.402144908905029297e-01
-5.758441612124443054e-02
7.174032330513000488e-01
2.154399007558822632e-01
2.133333384990692139e-01
6.202713251113891602e-01
-3.724027276039123535e-01
3.252463936805725098e-01
6.509172916412353516e-01
-2.812730371952056885e-01
3.218088150024414062e-01
-2.401013672351837158e-01
3.115683495998382568e-01
1.061185002326965332e+00
-3.843289017677307129e-01
4.132376313209533691e-01
4.620900750160217285e-01
-7.913745641708374023e-01
-1.140752583742141724e-01
9.546900987625122070e-01
6.439939141273498535e-01
-4.674789011478424072e-01
-8.715900033712387085e-02
4.231591522693634033e-02
7.427076697349548340e-01
6.026502251625061035e-01
8.162005543708801270e-01
1.176070794463157654e-02
8.961483240127563477e-01
6.404446363449096680e-01
-1.207062527537345886e-01
-4.301310181617736816e-01
-1.483946740627288818e-01
-5.467793941497802734e-01
8.509908318519592285e-01
3.071561455726623535e-01
2.561361491680145264e-01
5.532738566398620605e-01
3.284481167793273926e-01
4.228348433971405029e-01
-5.915447473526000977e-01
1.223688602447509766e+00
7.610707879066467285e-01
3.535073399543762207e-01
-9.402568340301513672e-01
-5.223212242126464844e-01
1.292644417844712734e-03
7.039637565612792969e-01
7.107099294662475586e-01
-3.490041494369506836e-01
-8.601567149162292480e-01
-3.997373878955841064e-01
2.628737986087799072e-01
-3.378736376762390137e-01
-7.269033044576644897e-02
-1.229112595319747925e-02
3.819064199924468994e-01
7.870759814977645874e-03
4.584279060363769531e-01
8.496314883232116699e-01
3.589353561401367188e-01
-1.103690564632415771e-01
3.915453851222991943e-01
-2.175082415342330933e-01
