5.487611889839172363e-01 -4.032142460346221924e-01 -8.110607862472534180e-01 -4.334257543087005615e-01 -2.656741738319396973e-01 -7.817097008228302002e-02 9.836490750312805176e-01 7.477770000696182251e-02
4.711074829101562500e-01 2.263599783182144165e-01 3.376781940460205078e-01 5.694347620010375977e-01 -4.686365723609924316e-01 -2.212921828031539917e-01 3.045147955417633057e-01 1.840027570724487305e-01
-7.303969562053680420e-02 -5.638306140899658203e-01 -8.022850751876831055e-02 -4.953139722347259521e-01 -1.382209509611129761e-01 -6.595840454101562500e-01 6.732568740844726562e-01 -7.283930480480194092e-02
-2.821298241615295410e-01 3.341400027275085449e-01 -1.572144031524658203e+00 1.495085805654525757e-01 4.053238332271575928e-01 -5.611561536788940430e-01 -4.531636238098144531e-01 -8.557208813726902008e-03
-2.611179947853088379e-01 2.105987071990966797e-01 2.651863396167755127e-01 3.697752356529235840e-01 1.642604172229766846e-01 -9.426820278167724609e-02 1.259708702564239502e-01 -5.017254967242479324e-03
3.866800665855407715e-01 -1.817597895860671997e-01 -4.486372172832489014e-01 -3.628511726856231689e-01 -6.241418048739433289e-02 5.475841164588928223e-01 7.703282237052917480e-01 -1.147534102201461792e-01
1.125502586364746094e+00 1.175931453704833984e+00 -5.582429468631744385e-02 1.387600660324096680e+00 1.065924987196922302e-01 -6.352537274360656738e-01 5.461028814315795898e-01 2.358470344915986061e-03
4.802413582801818848e-01 4.652486741542816162e-01 -1.410613775253295898e+00 4.714099764823913574e-01 -1.995564103126525879e-01 1.310931444168090820e-01 -4.889592528343200684e-02 -5.000704526901245117e-02
1.645036488771438599e-01 5.118137001991271973e-01 -3.800164163112640381e-01 5.077285766601562500e-01 -1.639886349439620972e-01 -7.497963905334472656e-01 -3.028474450111389160e-01 2.153191566467285156e-01
3.048201203346252441e-01 -9.931043386459350586e-01 2.244601100683212280e-01 -7.092781066894531250e-01 -5.592640116810798645e-02 -2.297129631042480469e-01 4.251900315284729004e-01 -1.274419426918029785e-01
1.270448327064514160e+00 4.349134266376495361e-01 -7.975491285324096680e-01 2.802863717079162598e-01 -8.756421804428100586e-01 6.817647218704223633e-01 -5.739580839872360229e-02 -2.011028490960597992e-02
2.308944702148437500e+00 6.826943159103393555e-01 -7.242376804351806641e-01 5.960727930068969727e-01 8.004061877727508545e-02 4.216020405292510986e-01 8.911120891571044922e-02 3.879937231540679932e-01
-1.877111196517944336e-01 1.592072099447250366e-01 2.257261611521244049e-02 1.469820365309715271e-02 -5.520120263099670410e-03 -5.698025971651077271e-02 -1.761914789676666260e-02 2.048831284046173096e-01
-3.293704390525817871e-01 2.333525419235229492e-01 -4.498527646064758301e-01 5.484045743942260742e-01 -2.701295614242553711e-01 5.136480182409286499e-02 -3.144413232803344727e-02 3.647911176085472107e-02
-1.220596730709075928e-01 3.325543925166130066e-02 7.015464454889297485e-02 1.622978597879409790e-01 -7.429119199514389038e-02 -3.157709911465644836e-02 -2.798335440456867218e-02 9.482131339609622955e-03
-1.734981089830398560e-01 -3.948805928230285645e-01 -1.081826210021972656e+00 -1.244264538399875164e-03 -1.588275879621505737e-01 -2.538919150829315186e-01 -9.479518532752990723e-01 -7.420126348733901978e-03
5.618255734443664551e-01 -5.702859163284301758e-01 -3.457321822643280029e-01 -4.492321610450744629e-01 -5.057390313595533371e-03 -3.360427618026733398e-01 9.509775042533874512e-01 -9.766589850187301636e-02
7.578841447830200195e-01 2.748458981513977051e-01 7.503309249877929688e-01 1.114388704299926758e-01 7.938662171363830566e-01 1.476257294416427612e-01 4.400297701358795166e-01 8.296805433928966522e-03
-8.512433171272277832e-01 -4.946431517601013184e-02 -1.373316645622253418e+00 5.980079993605613708e-02 1.912168860435485840e-01 -2.902782261371612549e-01 -8.076707720756530762e-01 -5.289047490805387497e-03
-4.946433305740356445e-01 -4.320386331528425217e-03 -3.582030236721038818e-01 1.301686912775039673e-01 2.239570021629333496e-01 -3.375167027115821838e-02 1.779806017875671387e-01 1.503703463822603226e-02
-5.717838406562805176e-01 3.641234636306762695e-01 2.425297498703002930e-01 2.331216037273406982e-01 -1.843371391296386719e-01 1.233942657709121704e-01 3.859666585922241211e-01 7.507076859474182129e-02
3.704328536987304688e-01 -3.062443435192108154e-01 2.084041088819503784e-01 -3.702403604984283447e-01 3.730759620666503906e-01 -1.035794392228126526e-01 4.386527538299560547e-01 -2.902636677026748657e-02
-3.607562482357025146e-01 5.902453064918518066e-01 3.402128517627716064e-01 7.171266674995422363e-01 1.337667256593704224e-01 3.219649195671081543e-01 -2.043925821781158447e-01 5.848663859069347382e-03
-8.974784016609191895e-01 8.284419029951095581e-02 -6.166843324899673462e-02 -7.988073676824569702e-02 -3.877449780702590942e-02 8.616818189620971680e-01 -6.143884360790252686e-02 2.978183031082153320e-01
2.159598112106323242e+00 1.899218410253524780e-01 -8.158043026924133301e-01 3.156418204307556152e-01 -6.315652728080749512e-01 5.508744716644287109e-01 -1.292976140975952148e-01 -1.072866097092628479e-02
-1.550142765045166016e-01 2.768793702125549316e-01 -1.889150291681289673e-01 -1.691541671752929688e-01 2.184040248394012451e-01 4.805755987763404846e-02 -1.347103388980031013e-03 -2.008431106805801392e-01
-2.605394721031188965e-01 4.116652011871337891e-01 2.180916815996170044e-01 -1.836655437946319580e-01 -1.278266310691833496e-01 -4.863766953349113464e-02 3.298794329166412354e-01 4.609114304184913635e-02
9.421455860137939453e-01 6.913070678710937500e-01 5.370278954505920410e-01 9.088537096977233887e-01 3.613845407962799072e-01 3.498806953430175781e-01 3.069647252559661865e-01 2.444239147007465363e-02
-6.872085928916931152e-01 2.543452680110931396e-01 9.345557540655136108e-02 3.613255620002746582e-01 6.670264899730682373e-02 -2.212648391723632812e-01 3.104605376720428467e-01 -1.629944741725921631e-01
1.084357127547264099e-01 -3.939463198184967041e-01 -6.009855866432189941e-01 2.950679957866668701e-01 1.155122928321361542e-02 -3.471547737717628479e-02 -4.157496616244316101e-02 -4.842454195022583008e-02
2.811431288719177246e-01 -2.403998076915740967e-01 -2.589931190013885498e-01 -5.906479954719543457e-01 -5.224469900131225586e-01 3.120295107364654541e-01 -1.211875900626182556e-01 -7.027353048324584961e-01
-2.886538505554199219e-01 -6.082252785563468933e-02 -5.195403099060058594e-01 -5.705082044005393982e-02 5.894206115044653416e-04 3.540813326835632324e-01 2.974885106086730957e-01 1.589516401290893555e-01
-1.120966076850891113e-01 3.651564419269561768e-01 -1.575851678848266602e+00 -1.001186389476060867e-02 -7.061873078346252441e-01 2.876637578010559082e-01 -6.611191630363464355e-01 -1.058250516653060913e-01
-7.561745047569274902e-01 1.845204457640647888e-02 -1.920147180557250977e+00 8.705569058656692505e-02 1.023093700408935547e+00 -6.515858694911003113e-03 2.626881003379821777e-01 -9.492832422256469727e-02
4.221335947513580322e-01 -6.975225806236267090e-01 -5.817420482635498047e-01 -2.392295747995376587e-01 -5.195910930633544922e-01 -2.786571383476257324e-01 -7.566375136375427246e-01 7.071210443973541260e-02
1.303754568099975586e+00 6.606856733560562134e-02 5.744265317916870117e-01 -3.640390038490295410e-01 2.099244147539138794e-01 1.966876089572906494e-01 1.310837715864181519e-01 -1.067439280450344086e-02
-7.065855711698532104e-02 3.172964751720428467e-01 4.993575513362884521e-01 1.933305710554122925e-01 -2.585424780845642090e-01 2.921382188796997070e-01 3.624198138713836670e-01 -1.642622500658035278e-01
8.348500132560729980e-01 2.799654901027679443e-01 -1.131089180707931519e-01 6.276873946189880371e-01 -1.274714022874832153e-01 -7.908049225807189941e-01 1.310898512601852417e-01 2.071003615856170654e-02
-9.049125015735626221e-02 -2.419700324535369873e-01 -9.972540736198425293e-01 -1.017805412411689758e-01 -7.622865587472915649e-02 -1.734899580478668213e-01 -7.767685055732727051e-01 -2.095431983470916748e-01
-1.410589516162872314e-01 5.112282037734985352e-01 3.302154541015625000e-01 4.010150432586669922e-01 3.729380071163177490e-01 8.141950964927673340e-01 -1.296774446964263916e-01 3.022629916667938232e-01
1.777698248624801636e-01 1.991847306489944458e-01 2.353971153497695923e-01 1.962356120347976685e-01 6.585528254508972168e-01 6.508117169141769409e-02 2.297515608370304108e-02 4.810959100723266602e-02
-8.813310265541076660e-01 8.893051743507385254e-02 -3.390724658966064453e-01 -2.457536756992340088e-01 -1.794632077217102051e-01 -9.303752332925796509e-02 2.019506506621837616e-02 2.946339547634124756e-02
-1.236702222377061844e-02 6.934854388236999512e-02 -3.581910431385040283e-01 -7.009828835725784302e-02 -2.571064233779907227e-01 2.555363997817039490e-02 6.882949173450469971e-02 -3.456015139818191528e-02
1.993204712867736816e+00 -4.823954403400421143e-01 5.583174526691436768e-02 -6.996173262596130371e-01 -3.033556640148162842e-01 9.295422434806823730e-01 6.072070598602294922e-01 -2.978487610816955566e-01
2.252497673034667969e-01 -9.764120727777481079e-02 7.609829902648925781e-01 1.135422810912132263e-01 7.084780335426330566e-01 -9.444139599800109863e-01 -1.339867711067199707e-01 -1.415878534317016602e-01
5.054902434349060059e-01 5.180162191390991211e-01 -1.140280008316040039e+00 3.526115417480468750e-01 -5.684214234352111816e-01 4.641977697610855103e-02 -4.769415557384490967e-01 -2.100763320922851562e-01
6.546528637409210205e-02 -2.433810383081436157e-01 -7.471512556076049805e-01 1.143594682216644287e-01 1.628956496715545654e-01 1.354802846908569336e-01 -6.451030820608139038e-02 -9.415363892912864685e-03
-9.818632900714874268e-02 2.924665510654449463e-01 6.677958369255065918e-01 2.268746942281723022e-01 -1.329203397035598755e-01 9.263949841260910034e-02 2.453749924898147583e-01 2.677343487739562988e-01
3.537062704563140869e-01 -1.081217288970947266e+00 1.259026974439620972e-01 -8.718488216400146484e-01 -9.895616173744201660e-01 2.078599063679575920e-03 4.882556498050689697e-01 -1.154347136616706848e-01
7.368344664573669434e-01 -6.686826944351196289e-01 2.552475929260253906e-01 -8.932414054870605469e-01 3.264483213424682617e-01 -5.698947906494140625e-01 -9.932398051023483276e-02 7.558302581310272217e-02
6.688392162322998047e-01 -6.847327947616577148e-01 -3.852865397930145264e-01 -6.726696491241455078e-01 3.844915628433227539e-01 -3.272410333156585693e-01 -7.125602960586547852e-01 1.266486197710037231e-02
2.255148410797119141e+00 2.415484935045242310e-01 3.426845669746398926e-01 4.944706857204437256e-01 1.577428281307220459e-01 5.228117704391479492e-01 3.984804451465606689e-01 -8.808962069451808929e-03
-9.984011948108673096e-02 -4.667237401008605957e-01 -4.612599313259124756e-01 -8.585132956504821777e-01 3.450480699539184570e-01 -1.574282944202423096e-01 5.443241596221923828e-01 2.990139881148934364e-03
8.149772286415100098e-01 -9.213551878929138184e-01 3.840661346912384033e-01 -9.928002357482910156e-01 2.761345505714416504e-01 -6.842180341482162476e-02 2.287591248750686646e-01 3.809064924716949463e-01
-1.610604524612426758e-01 -3.345363214612007141e-02 -6.943629980087280273e-01 7.008089125156402588e-02 -7.738143205642700195e-01 6.588253378868103027e-01 9.802453219890594482e-02 -3.455455601215362549e-01
-5.769587755203247070e-01 2.998838126659393311e-01 -5.174371600151062012e-01 1.922934502363204956e-02 -9.276298433542251587e-02 -4.076599478721618652e-01 -2.348544821143150330e-02 -1.067280292510986328e+00
-1.064568877220153809e+00 3.757376074790954590e-01 -1.562581062316894531e-01 4.158721566200256348e-01 -1.096764445304870605e+00 3.953514993190765381e-01 -8.908229470252990723e-01 2.582288533449172974e-02
9.441848844289779663e-02 8.797670602798461914e-01 -5.167976617813110352e-01 1.082295417785644531e+00 -1.637748815119266510e-02 -5.028529763221740723e-01 8.302991092205047607e-02 -6.826483877375721931e-04
3.422792851924896240e-01 -8.834687620401382446e-02 -7.271753549575805664e-01 -2.125824689865112305e-01 -3.949457406997680664e-01 2.691457271575927734e-01 -5.575160384178161621e-01 -7.195304632186889648e-01
-7.983167469501495361e-02 3.175035119056701660e-01 -4.896711930632591248e-02 -3.691809996962547302e-02 -4.357895851135253906e-01 3.404144346714019775e-01 2.316155582666397095e-01 2.319974303245544434e-01
7.653144747018814087e-02 -2.725588977336883545e-01 -1.086673498153686523e+00 2.268884181976318359e-01 -1.202946752309799194e-01 -1.440008282661437988e-01 -6.539509296417236328e-01 -7.505483459681272507e-03
3.859316185116767883e-02 9.637924283742904663e-02 -2.969981133937835693e-01 -6.642811745405197144e-02 -6.389397382736206055e-02 1.101712584495544434e-01 -1.050168648362159729e-01 9.533158689737319946e-02
9.593961238861083984e-01 1.780519261956214905e-02 -2.673170529305934906e-02 -5.974153280258178711e-01 -3.518673405051231384e-02 -1.237993389368057251e-01 4.701037704944610596e-02 -1.486889421939849854e-01
1.658674836158752441e+00 8.385347127914428711e-01 -9.880214929580688477e-01 7.833388447761535645e-01 -1.034450381994247437e-01 4.143538177013397217e-01 7.339832186698913574e-02 5.152938887476921082e-02
