-9.878947585821151733e-02 1.379676163196563721e-01 1.602779328823089600e-02 2.312473803758621216e-01 4.502063989639282227e-02 4.814922437071800232e-02 4.083752334117889404e-01 5.057610273361206055e-01 3.766691982746124268e-01 2.057305574417114258e+00 1.076166629791259766e+00 1.015384674072265625e+00 -2.092786878347396851e-01 2.222770899534225464e-01 -3.133955225348472595e-02 -1.315984874963760376e-01 4.215920567512512207e-01 2.067758888006210327e-02 -1.173388585448265076e-01 -3.847276568412780762e-01 -4.525395035743713379e-01 1.023705825209617615e-01 4.834885895252227783e-02 -9.541341662406921387e-01 1.210334300994873047e+00 -3.943932428956031799e-02 -2.654607594013214111e-01 -9.104831516742706299e-02 -1.548394411802291870e-01 2.196385562419891357e-01 -2.276995897293090820e+00 -5.447548627853393555e-01 -4.304156899452209473e-01 1.094021081924438477e+00 3.052478134632110596e-01 -7.296697497367858887e-01 -1.532037705183029175e-01 4.175236225128173828e-01 -2.227287292480468750e-01 -2.019443660974502563e-01 1.935632824897766113e-01 -5.006576180458068848e-01 -1.529979985207319260e-02 7.488552331924438477e-01 7.557948231697082520e-01 -5.075785517692565918e-01 4.876020550727844238e-02 -2.324556708335876465e-01 -4.145471379160881042e-02 4.552626609802246094e-01 5.352960899472236633e-02 1.988082289695739746e+00 3.570511192083358765e-02 -1.261459570378065109e-02 -5.367103219032287598e-01 -4.227628111839294434e-01 6.614528298377990723e-01 1.200750946998596191e+00 -1.738194189965724945e-02 -5.520531535148620605e-01 -1.138566061854362488e-01 8.712250739336013794e-02 2.323517650365829468e-01 8.309853076934814453e-01
5.121370553970336914e-01 3.655119333416223526e-03 3.092980682849884033e-01 -2.096078693866729736e-01 2.568037807941436768e-01 1.176763400435447693e-01 9.628846496343612671e-02 9.962102025747299194e-02 2.626222372055053711e-01 -2.089855670928955078e-01 -4.165347218513488770e-01 -3.456531763076782227e-01 2.328483760356903076e-01 4.658964276313781738e-01 -4.555460065603256226e-02 -4.940403997898101807e-01 2.242050617933273315e-01 2.140907049179077148e-01 -1.756539493799209595e-01 2.290976941585540771e-01 2.842381596565246582e-01 1.936912983655929565e-01 9.085692465305328369e-02 1.919734477996826172e-01 -1.367107748985290527e+00 2.297288030385971069e-01 2.093701511621475220e-01 9.934547543525695801e-02 3.746394813060760498e-01 1.858948171138763428e-01 -1.925952136516571045e-01 2.606048993766307831e-02 1.769768744707107544e-01 -9.041646122932434082e-01 -1.705348938703536987e-01 2.195588201284408569e-01 2.876775525510311127e-02 2.522199749946594238e-01 -1.683977246284484863e-01 2.582178115844726562e-01 8.434622734785079956e-02 1.796571910381317139e-01 1.133875027298927307e-01 -2.831829786300659180e+00 4.735622406005859375e-01 3.734568655490875244e-01 2.660567164421081543e-01 3.531751632690429688e-01 -1.686171889305114746e-01 1.740092635154724121e-01 -6.127626895904541016e-01 -5.399290919303894043e-01 2.234098911285400391e-01 -2.142147421836853027e-01 1.544851958751678467e-01 -1.607547104358673096e-01 3.058546781539916992e-01 -6.570065617561340332e-01 -8.814018964767456055e-02 1.594960242509841919e-01 -8.964664489030838013e-02 1.082104817032814026e-01 -1.189694851636886597e-01 4.515665769577026367e-02
1.238212704658508301e+00 -2.127142846584320068e-01 1.017427295446395874e-01 -9.840886592864990234e-01 -2.428981214761734009e-01 -8.969619274139404297e-01 -2.613471746444702148e-01 2.500530779361724854e-01 1.411236226558685303e-01 4.662036299705505371e-01 1.433975458145141602e+00 6.281431317329406738e-01 4.519177973270416260e-02 -1.264585703611373901e-01 -1.109484881162643433e-01 -6.240906119346618652e-01 3.986641466617584229e-01 9.980361461639404297e-01 -1.390426397323608398e+00 -3.633653819561004639e-01 -5.566592216491699219e-01 2.067180573940277100e-01 3.431228399276733398e-01 9.758433699607849121e-02 1.519407153129577637e+00 -1.740873605012893677e-01 -4.830596148967742920e-01 -2.037716954946517944e-01 -6.607117056846618652e-01 4.891490936279296875e-02 6.933433413505554199e-01 -4.709602594375610352e-01 -9.887522459030151367e-01 2.466411143541336060e-01 2.187452077865600586e+00 1.672729492187500000e+00 -4.224270582199096680e-01 4.693109393119812012e-01 -8.302479982376098633e-01 3.927149474620819092e-01 2.896846532821655273e-01 -2.754161357879638672e-01 -1.591443866491317749e-01 1.581152081489562988e+00 3.137572407722473145e-01 -1.242959380149841309e+00 -7.188746929168701172e-01 6.154359877109527588e-02 -4.137038290500640869e-01 4.220355749130249023e-01 2.989647388458251953e-01 2.070018768310546875e+00 3.294191658496856689e-01 7.307733893394470215e-01 -1.424569487571716309e+00 8.776054382324218750e-01 1.045685261487960815e-01 3.656296133995056152e-01 1.483918905258178711e+00 2.697265706956386566e-02 -4.266683459281921387e-01 2.169560343027114868e-01 6.443128585815429688e-01 8.719373941421508789e-01
-1.868733912706375122e-01 5.554978251457214355e-01 -5.213705897331237793e-01 2.571324706077575684e-01 9.173033386468887329e-02 2.850511670112609863e-01 6.414468288421630859e-01 5.554657056927680969e-02 1.862566918134689331e-01 -3.079884350299835205e-01 4.884752333164215088e-01 2.167524844408035278e-01 6.393040064722299576e-03 3.724487423896789551e-01 2.031816095113754272e-01 5.109033584594726562e-01 -5.440208911895751953e-01 -1.506973356008529663e-01 4.536594077944755554e-02 -5.819641053676605225e-02 6.814651191234588623e-02 -1.125592589378356934e+00 2.422769963741302490e-01 -1.914956718683242798e-01 1.380758047103881836e+00 -1.652023494243621826e-01 6.905709952116012573e-02 1.587113440036773682e-01 8.711144328117370605e-02 3.143405541777610779e-03 -6.577992439270019531e-01 6.606981158256530762e-01 -3.335071206092834473e-01 1.473459720611572266e+00 5.043442845344543457e-01 -9.702919721603393555e-01 1.056578159332275391e-01 4.260663390159606934e-01 3.212399408221244812e-02 -8.750917762517929077e-02 6.944509223103523254e-03 -1.168690174818038940e-01 3.826693594455718994e-01 3.283970832824707031e+00 2.898553311824798584e-01 -4.402382671833038330e-01 3.501149117946624756e-01 2.081180922687053680e-02 -2.177415609359741211e+00 -8.748467564582824707e-01 2.180806100368499756e-01 1.788055300712585449e-01 -1.281910300254821777e+00 -5.592068433761596680e-01 5.117675662040710449e-01 1.068401932716369629e-01 -3.981419503688812256e-01 6.910200119018554688e-01 3.923316672444343567e-02 3.444526791572570801e-01 8.551142364740371704e-02 -1.772848814725875854e-01 3.474330306053161621e-01 -1.667224466800689697e-01
4.356212317943572998e-01 -1.962218135595321655e-01 2.699909508228302002e-01 2.464631199836730957e-01 -2.598733268678188324e-02 1.963928788900375366e-01 -1.223586440086364746e+00 -3.820622265338897705e-01 -8.969579637050628662e-02 1.633467227220535278e-01 -3.509364128112792969e-01 -3.333890676498413086e+00 1.464657783508300781e-01 -1.978796273469924927e-01 -3.698849678039550781e-02 1.390818357467651367e+00 3.772484958171844482e-01 -5.693832039833068848e-01 9.723508954048156738e-01 3.648551106452941895e-01 7.704320363700389862e-03 6.149370968341827393e-02 -3.827225863933563232e-01 2.117350324988365173e-02 -3.220063447952270508e-01 2.317422628402709961e-01 1.945637315511703491e-01 -1.135724186897277832e+00 7.431397587060928345e-02 2.071595191955566406e-01 -1.770986169576644897e-01 1.669935733079910278e-01 1.484709978103637695e+00 1.076368093490600586e+00 3.621639311313629150e-01 1.274231791496276855e+00 -1.101147010922431946e-01 -7.388693094253540039e-01 8.442651629447937012e-01 -1.920890510082244873e-01 -1.657353341579437256e-01 3.392564654350280762e-01 2.598905265331268311e-01 3.682315111160278320e+00 -9.028972387313842773e-01 -1.771361470222473145e+00 1.077948287129402161e-01 7.199388742446899414e-02 -1.827574521303176880e-01 1.640727370977401733e-01 -7.295548915863037109e-02 3.757433652877807617e+00 3.154807388782501221e-01 5.739816427230834961e-01 4.243926107883453369e-01 7.884500026702880859e-01 8.140441775321960449e-01 1.426620841026306152e+00 1.377943754196166992e+00 4.100616872310638428e-01 1.825554519891738892e-01 2.858644351363182068e-02 5.797146558761596680e-01 -2.386649847030639648e+00
6.865288615226745605e-01 2.444835752248764038e-02 4.810439348220825195e-01 -2.800120413303375244e-01 1.723818480968475342e-01 1.493698656558990479e-01 1.523172575980424881e-02 4.983530938625335693e-02 4.113704562187194824e-01 -2.745016217231750488e-01 -5.484856963157653809e-01 -4.248681664466857910e-01 8.486884087324142456e-02 5.708358883857727051e-01 2.860976383090019226e-02 -4.313232600688934326e-01 2.314669489860534668e-01 1.846329569816589355e-01 -2.181001603603363037e-01 2.305399179458618164e-01 2.472873628139495850e-01 2.183276563882827759e-01 1.664334684610366821e-01 1.648977547883987427e-01 -1.318383216857910156e+00 3.178718984127044678e-01 2.545796334743499756e-01 2.173472493886947632e-01 4.566533565521240234e-01 1.622078865766525269e-01 -7.958082854747772217e-02 9.109636396169662476e-02 9.154853224754333496e-02 -8.531305193901062012e-01 -3.386069238185882568e-01 2.444331347942352295e-01 4.548147693276405334e-02 2.158538103103637695e-01 -3.476498723030090332e-01 3.965067565441131592e-01 9.830829687416553497e-03 4.662607312202453613e-01 1.806407570838928223e-01 -2.963526248931884766e+00 6.407514810562133789e-01 1.456038355827331543e-01 1.478424072265625000e-01 2.663064002990722656e-01 -1.661650389432907104e-01 2.690122425556182861e-01 -6.911976337432861328e-01 -3.845828771591186523e-01 1.571696102619171143e-01 -2.487910091876983643e-01 -6.614859402179718018e-02 -1.557702571153640747e-01 3.654731512069702148e-01 -5.420537590980529785e-01 -2.561320364475250244e-01 2.432911694049835205e-01 -1.460638940334320068e-01 8.067473024129867554e-02 -1.658793389797210693e-01 1.450903862714767456e-01
1.453669369220733643e-01 -2.559309601783752441e-01 -2.315538227558135986e-01 9.274767637252807617e-01 6.014033779501914978e-02 8.297106027603149414e-01 -3.474585711956024170e-01 6.375482305884361267e-03 3.980940282344818115e-01 4.600366353988647461e-01 6.694257259368896484e-01 7.345612049102783203e-01 1.243812292814254761e-01 2.998880147933959961e-01 -7.452744990587234497e-02 4.053617119789123535e-01 3.554466366767883301e-01 -1.818639516830444336e+00 4.923915863037109375e-01 3.965951204299926758e-01 7.321817334741353989e-03 2.653701305389404297e-01 -5.242113489657640457e-03 -4.297046363353729248e-01 1.441716909408569336e+00 3.361118435859680176e-01 -2.309191599488258362e-02 -1.265988796949386597e-01 1.156355142593383789e-01 2.398740649223327637e-01 -5.584369301795959473e-01 1.231065914034843445e-01 -4.177996516227722168e-01 1.163402795791625977e+00 -8.249040246009826660e-01 -1.414642572402954102e+00 -5.945433974266052246e-01 -1.227214932441711426e-01 1.448357999324798584e-01 -2.229643911123275757e-01 -3.418741524219512939e-01 8.658589720726013184e-01 1.593121737241744995e-01 2.966022491455078125e+00 2.511827349662780762e-01 -6.551370620727539062e-01 2.130740135908126831e-01 -3.528783917427062988e-01 -2.844601154327392578e+00 -5.072343826293945312e+00 1.452139765024185181e-01 3.676674127578735352e+00 4.827482104301452637e-01 -1.682403445243835449e+00 2.790348529815673828e-01 4.605608806014060974e-02 5.395796298980712891e-01 -3.710603117942810059e-01 3.713532388210296631e-01 -9.572038054466247559e-02 2.956084609031677246e-01 9.824703633785247803e-02 -6.144787073135375977e-01 -7.787737995386123657e-02
7.326521277427673340e-01 -4.324205685406923294e-03 4.299932122230529785e-01 -3.074538409709930420e-01 1.889914870262145996e-01 2.483852356672286987e-01 1.042819842696189880e-01 2.925062775611877441e-01 2.876510322093963623e-01 -1.062540784478187561e-01 -6.121577024459838867e-01 -2.428077906370162964e-01 1.701235324144363403e-01 5.275858640670776367e-01 8.488477766513824463e-02 -4.708209037780761719e-01 3.519400060176849365e-01 2.171814143657684326e-01 -3.288341164588928223e-01 2.887228429317474365e-01 2.425102889537811279e-01 2.329827994108200073e-01 2.144896090030670166e-01 2.284371703863143921e-01 -1.240550994873046875e+00 2.405793666839599609e-01 4.132044315338134766e-01 2.665330469608306885e-01 3.817967772483825684e-01 1.770599335432052612e-01 -7.695499062538146973e-02 1.718981713056564331e-01 3.232531249523162842e-01 -9.742448925971984863e-01 -2.185619622468948364e-01 3.304576277732849121e-01 1.900988817214965820e-01 3.084756433963775635e-01 -1.277678161859512329e-01 3.718827068805694580e-01 9.397668391466140747e-02 4.307577311992645264e-01 1.704811155796051025e-01 -3.037138223648071289e+00 6.394197344779968262e-01 3.560477495193481445e-01 3.042030930519104004e-01 4.136102199554443359e-01 -1.889715790748596191e-01 1.918159723281860352e-01 -7.122503519058227539e-01 -4.250425696372985840e-01 3.415764570236206055e-01 -1.169337704777717590e-01 8.152011781930923462e-02 -9.157534688711166382e-02 4.417379796504974365e-01 -5.312370657920837402e-01 -1.994440257549285889e-01 2.471775114536285400e-01 -8.047254383563995361e-02 1.349000632762908936e-01 -9.827020764350891113e-02 -7.284213788807392120e-03
5.292544364929199219e-01 -4.011153876781463623e-01 3.368979394435882568e-01 4.007923007011413574e-01 6.790972501039505005e-02 3.921261131763458252e-01 -1.019475579261779785e+00 -3.157217800617218018e-02 -1.706847399473190308e-01 1.290438920259475708e-01 -8.954168111085891724e-02 -2.926606178283691406e+00 -4.384240135550498962e-02 -2.501077651977539062e-01 -4.192760214209556580e-02 9.466832280158996582e-01 4.042239189147949219e-01 -5.692147016525268555e-01 5.531278252601623535e-01 1.194638013839721680e-01 5.228448659181594849e-02 1.570696830749511719e-01 -3.035549223423004150e-01 -2.838446199893951416e-01 2.619661092758178711e-01 1.538531482219696045e-01 1.049258857965469360e-01 -8.767554759979248047e-01 6.301010400056838989e-02 3.280452489852905273e-01 -1.708351224660873413e-01 3.065895736217498779e-01 1.321992754936218262e+00 9.719527363777160645e-01 6.798233389854431152e-01 1.514343142509460449e+00 1.853799819946289062e-02 -7.346244454383850098e-01 3.923809826374053955e-01 -1.345476657152175903e-01 -1.095910966396331787e-01 2.627064585685729980e-01 2.702939808368682861e-01 3.573749303817749023e+00 -6.590967178344726562e-01 -1.489636540412902832e+00 8.565040677785873413e-02 -2.838000282645225525e-02 -2.021258473396301270e-01 3.828708529472351074e-01 -2.830228302627801895e-03 3.066201925277709961e+00 1.320519596338272095e-01 6.760718226432800293e-01 2.521202564239501953e-01 6.976757049560546875e-01 8.005303740501403809e-01 1.394332647323608398e+00 7.973074316978454590e-01 3.213865458965301514e-01 2.967682778835296631e-01 -1.433103680610656738e-01 4.633808732032775879e-01 -2.576588630676269531e+00
6.259869337081909180e-01 -8.723698556423187256e-02 2.681362926959991455e-01 7.370609641075134277e-01 -5.762525647878646851e-02 7.153934836387634277e-01 -8.613959550857543945e-01 4.179995357990264893e-01 -1.858481019735336304e-01 1.153530031442642212e-01 1.567699462175369263e-01 -2.291676759719848633e+00 1.022859215736389160e-01 -3.948041200637817383e-01 2.837515436112880707e-02 1.107513785362243652e+00 1.249408125877380371e-01 -4.118174910545349121e-01 4.525035619735717773e-01 1.804058551788330078e-01 -3.808099031448364258e-02 2.336082048714160919e-02 -5.811273455619812012e-01 -2.486535161733627319e-01 1.387315630912780762e+00 2.046983391046524048e-01 1.652885079383850098e-01 -1.035396575927734375e+00 1.970134079456329346e-01 2.353205978870391846e-01 -3.938160240650177002e-01 1.391221433877944946e-01 1.622943639755249023e+00 1.140069842338562012e+00 1.362284541130065918e+00 1.405817627906799316e+00 1.313360035419464111e-01 -5.125188827514648438e-01 5.248652100563049316e-01 -2.847194671630859375e-01 -2.789047658443450928e-01 2.647722959518432617e-01 3.620137572288513184e-01 3.499459981918334961e+00 -5.606334805488586426e-01 -1.254181981086730957e+00 1.389097422361373901e-01 -6.339444965124130249e-02 -1.490852683782577515e-01 2.850255072116851807e-01 2.091754600405693054e-02 3.426921844482421875e+00 5.360402166843414307e-02 7.081616520881652832e-01 3.268179595470428467e-01 5.733708739280700684e-01 -1.607419550418853760e-02 1.193067908287048340e+00 3.739481270313262939e-01 3.105082213878631592e-01 5.143033862113952637e-01 1.512765586376190186e-01 6.080790758132934570e-01 -2.192402601242065430e+00
3.088139295578002930e-01 1.039170995354652405e-01 3.419274389743804932e-01 5.285369977355003357e-02 -5.506541952490806580e-02 -1.973108798265457153e-01 3.162542581558227539e-01 4.274293482303619385e-01 3.324041366577148438e-01 -4.226998388767242432e-01 1.104227781295776367e+00 7.011699080467224121e-01 -2.489875853061676025e-01 1.846070587635040283e-01 -1.190495304763317108e-02 -3.049585223197937012e-01 5.611629486083984375e-01 -1.307463526725769043e+00 -1.486637396737933159e-03 -1.608905643224716187e-01 -2.537838816642761230e-01 -8.376281857490539551e-01 3.458995521068572998e-01 -1.582633256912231445e+00 1.284132480621337891e+00 8.061833214014768600e-04 -5.502740740776062012e-01 1.728708297014236450e-02 -2.096610814332962036e-01 2.182082980871200562e-01 3.885759115219116211e-01 -1.875659525394439697e-01 -4.191007018089294434e-01 7.122926712036132812e-01 -6.588246822357177734e-01 -2.437395572662353516e+00 -1.030495643615722656e+00 2.301733195781707764e-01 -5.546484589576721191e-01 1.964737921953201294e-01 1.627678573131561279e-01 -2.551141008734703064e-02 -1.029336750507354736e-01 5.006466507911682129e-01 -3.212215602397918701e-01 -5.376679897308349609e-01 8.020620048046112061e-02 -2.945480048656463623e-01 -1.304172158241271973e+00 -8.655361533164978027e-01 5.444061160087585449e-01 4.956492900848388672e+00 -4.761737287044525146e-01 -1.331481933593750000e+00 -1.772922277450561523e-01 -1.280179917812347412e-01 7.131649255752563477e-01 5.991235971450805664e-01 -4.835728108882904053e-01 -1.355444490909576416e-01 -1.189849004149436951e-01 2.313854098320007324e-01 -5.940083861351013184e-01 4.328672885894775391e-01
6.155223846435546875e-01 -2.048652917146682739e-01 2.130222618579864502e-01 4.839655458927154541e-01 2.276974543929100037e-02 3.978146314620971680e-01 -9.562976360321044922e-01 1.029319874942302704e-02 -1.552431136369705200e-01 -9.352120757102966309e-02 -2.449220418930053711e-02 -2.699634790420532227e+00 3.361772000789642334e-02 -1.356371343135833740e-01 -4.873086139559745789e-02 9.551672339439392090e-01 2.920832931995391846e-01 -5.860810875892639160e-01 3.373180925846099854e-01 1.659315377473831177e-01 -1.049415245652198792e-01 1.377419531345367432e-01 -3.571555614471435547e-01 -1.277225166559219360e-01 3.214732706546783447e-01 1.817420572042465210e-01 1.691328734159469604e-01 -7.820684313774108887e-01 1.222108229994773865e-01 1.364038139581680298e-01 -1.533063054084777832e-01 2.558132112026214600e-01 1.407719373703002930e+00 9.555262923240661621e-01 7.234491109848022461e-01 1.301252961158752441e+00 7.150278985500335693e-02 -7.623232007026672363e-01 3.781263530254364014e-01 -2.451438456773757935e-01 -6.843630224466323853e-02 2.531732022762298584e-01 1.638157963752746582e-01 3.640374660491943359e+00 -5.401198267936706543e-01 -1.363213539123535156e+00 1.583124250173568726e-01 -6.802897900342941284e-02 -1.368863135576248169e-01 2.632148563861846924e-01 7.504816632717847824e-03 2.878426074981689453e+00 1.334716081619262695e-01 7.168685197830200195e-01 3.908454179763793945e-01 5.713489651679992676e-01 7.474578619003295898e-01 1.308456659317016602e+00 6.422418951988220215e-01 2.338760942220687866e-01 9.552344679832458496e-02 -6.884800642728805542e-02 2.522995173931121826e-01 -2.490420103073120117e+00
-3.466955125331878662e-01 -1.785952299833297729e-01 -2.237574309110641479e-01 9.071854352951049805e-01 -5.130482837557792664e-02 7.779179811477661133e-01 -4.167934656143188477e-01 -3.941319882869720459e-02 4.685489833354949951e-01 -2.566071152687072754e-01 4.535996913909912109e-01 8.157293796539306641e-01 2.288562059402465820e-01 4.695243537425994873e-01 -2.846412360668182373e-02 3.171164691448211670e-01 -1.564974896609783173e-02 -1.696862697601318359e+00 5.991666316986083984e-01 5.359987616539001465e-01 1.383063104003667831e-02 2.040272802114486694e-01 -6.792026758193969727e-02 -6.718276143074035645e-01 1.234334230422973633e+00 1.960165649652481079e-01 6.204368174076080322e-02 -3.216811418533325195e-01 1.689515858888626099e-01 3.101003170013427734e-01 -7.009628415107727051e-01 2.037160992622375488e-01 -4.328899085521697998e-01 1.050393819808959961e+00 -8.269600868225097656e-01 -1.803714990615844727e+00 -2.874345183372497559e-01 -3.347425162792205811e-01 1.104261651635169983e-01 -1.793540120124816895e-01 -1.292333304882049561e-01 8.599372506141662598e-01 1.401248723268508911e-01 2.598832845687866211e+00 3.870010972023010254e-01 -5.463650226593017578e-01 2.371315509080886841e-01 -1.951292455196380615e-01 -2.933951616287231445e+00 -3.444210052490234375e+00 9.092946350574493408e-02 3.681972980499267578e+00 1.687833815813064575e-01 -2.226613283157348633e+00 2.146461904048919678e-01 3.957359194755554199e-01 5.054554939270019531e-01 -5.021178722381591797e-01 4.452134072780609131e-01 -1.938581317663192749e-01 1.238207817077636719e-01 1.279975920915603638e-01 -6.319726109504699707e-01 -8.989393711090087891e-02
7.464538216590881348e-01 7.415784895420074463e-02 4.990830123424530029e-01 -3.289701342582702637e-01 2.283574044704437256e-01 2.868431508541107178e-01 -2.307190559804439545e-02 1.553616970777511597e-01 4.014185965061187744e-01 -2.735481038689613342e-02 -6.044647693634033203e-01 -2.131739556789398193e-01 3.082706034183502197e-01 4.047370254993438721e-01 5.142220854759216309e-02 -4.908968508243560791e-01 4.099082052707672119e-01 3.279689252376556396e-01 -1.771062016487121582e-01 2.474913746118545532e-01 3.594793975353240967e-01 2.349340021610260010e-01 2.575041055679321289e-01 1.935616880655288696e-01 -1.405709028244018555e+00 1.341632604598999023e-01 3.195637762546539307e-01 2.744129896163940430e-01 5.724189877510070801e-01 2.484014928340911865e-01 -6.644773483276367188e-02 1.772922724485397339e-01 2.692765295505523682e-01 -8.437911272048950195e-01 -2.467613667249679565e-01 2.668230235576629639e-01 1.261040717363357544e-01 2.909710705280303955e-01 -2.720370292663574219e-01 3.836565613746643066e-01 2.207120954990386963e-01 4.457782208919525146e-01 3.217998147010803223e-01 -2.876714706420898438e+00 6.320747137069702148e-01 2.776882648468017578e-01 2.792408764362335205e-01 4.333098530769348145e-01 -1.682839244604110718e-01 1.997114419937133789e-01 -6.873974800109863281e-01 -3.519411087036132812e-01 4.075979888439178467e-01 -8.869132399559020996e-02 4.625206813216209412e-02 -5.295846611261367798e-02 3.022115528583526611e-01 -5.630933642387390137e-01 -2.648884654045104980e-01 8.142666518688201904e-02 -2.164310365915298462e-01 5.048491060733795166e-03 -1.909272074699401855e-01 7.780984044075012207e-02
-2.243411242961883545e-01 -3.344362378120422363e-01 3.070781230926513672e-01 -2.479876279830932617e-01 5.539773032069206238e-02 -1.810135722160339355e+00 -5.995786786079406738e-01 -3.096849322319030762e-01 -4.447707161307334900e-02 4.326604306697845459e-01 8.695576190948486328e-01 3.826624453067779541e-01 1.921381950378417969e-01 -1.008686237037181854e-02 2.484392821788787842e-01 -1.313752029091119766e-02 5.107597708702087402e-01 9.063928723335266113e-01 -2.038234472274780273e-01 -2.773142457008361816e-01 -3.914189040660858154e-01 6.152748465538024902e-01 2.941968739032745361e-01 -8.552179336547851562e-01 1.327107429504394531e+00 -8.761578239500522614e-03 -1.978694200515747070e-01 -1.832468807697296143e-01 -3.007831871509552002e-01 -9.237358719110488892e-02 -4.661703854799270630e-02 -1.412186741828918457e+00 -7.527836561203002930e-01 8.254321664571762085e-02 7.154943346977233887e-01 1.304458618164062500e+00 -2.748541235923767090e-01 3.077925741672515869e-02 1.094278022646903992e-01 2.373147606849670410e-01 7.130691409111022949e-01 -5.727433562278747559e-01 -4.277657568454742432e-01 3.209830820560455322e-01 1.004801034927368164e+00 -5.496580600738525391e-01 -5.940474197268486023e-02 8.629265427589416504e-02 -1.650466583669185638e-02 3.629732429981231689e-01 2.389003992080688477e+00 3.471213340759277344e+00 4.288312196731567383e-01 5.154644846916198730e-01 -1.089757680892944336e+00 -9.150496721267700195e-01 7.909219264984130859e-01 5.150738358497619629e-01 5.219361558556556702e-02 -6.172986626625061035e-01 -1.753548979759216309e-01 1.234338656067848206e-01 3.212430477142333984e-01 2.017071545124053955e-01
5.850898027420043945e-01 1.650308519601821899e-01 4.095771014690399170e-01 -3.605228662490844727e-01 2.050199061632156372e-01 1.202169060707092285e-01 -1.461913902312517166e-02 1.833425909280776978e-01 3.283408284187316895e-01 -2.370540499687194824e-01 -5.491608381271362305e-01 -3.407781124114990234e-01 2.551059424877166748e-01 3.994786143302917480e-01 1.805939078330993652e-01 -4.316124320030212402e-01 2.512906789779663086e-01 3.087484836578369141e-01 -3.325348794460296631e-01 4.186109602451324463e-01 3.447612524032592773e-01 1.401697844266891479e-01 1.461683213710784912e-01 5.886467546224594116e-02 -1.274724483489990234e+00 2.983635663986206055e-01 1.824892461299896240e-01 7.154376059770584106e-02 4.539041221141815186e-01 1.723522841930389404e-01 -9.453727304935455322e-02 3.769952058792114258e-02 1.756457686424255371e-01 -9.654181003570556641e-01 -2.925835847854614258e-01 3.083652853965759277e-01 2.370837777853012085e-01 1.852950602769851685e-01 -2.383843958377838135e-01 2.586384713649749756e-01 2.983910404145717621e-02 3.285827934741973877e-01 2.763942182064056396e-01 -3.081503152847290039e+00 5.785640478134155273e-01 1.313298195600509644e-01 2.971636354923248291e-01 2.879117131233215332e-01 -1.551157981157302856e-01 2.851240336894989014e-01 -6.201465129852294922e-01 -5.803657770156860352e-01 1.532508283853530884e-01 -1.331918984651565552e-01 9.568940848112106323e-03 -1.735766828060150146e-01 4.603415131568908691e-01 -5.771285295486450195e-01 -2.156644612550735474e-01 2.528562247753143311e-01 -1.522614955902099609e-01 -1.736152544617652893e-02 -2.474754303693771362e-01 5.471458286046981812e-02
7.890201807022094727e-01 1.906728185713291168e-02 3.148755133152008057e-01 -2.372598350048065186e-01 3.333286941051483154e-01 1.358156353235244751e-01 -6.620795279741287231e-02 1.125481128692626953e-01 3.424067497253417969e-01 -2.145812213420867920e-01 -4.726978838443756104e-01 -3.281146883964538574e-01 1.936379224061965942e-01 3.646117448806762695e-01 8.690470829606056213e-03 -5.456187725067138672e-01 2.673141956329345703e-01 1.566047519445419312e-01 -3.041037321090698242e-01 4.062447249889373779e-01 4.125578403472900391e-01 1.966593563556671143e-01 2.298839092254638672e-01 1.130820289254188538e-01 -1.462095737457275391e+00 1.774029433727264404e-01 2.547003328800201416e-01 1.885670423507690430e-01 3.322565853595733643e-01 3.145031332969665527e-01 -2.217719554901123047e-01 6.589740514755249023e-02 2.001649588346481323e-01 -1.084531903266906738e+00 -1.978697180747985840e-01 1.999585032463073730e-01 1.919909566640853882e-01 2.649499177932739258e-01 -3.376872539520263672e-01 4.433304071426391602e-01 2.310777753591537476e-01 4.485070109367370605e-01 1.591077148914337158e-01 -3.022166967391967773e+00 4.569586813449859619e-01 3.539739251136779785e-01 2.140527963638305664e-01 4.096458554267883301e-01 -2.897767722606658936e-01 2.930215597152709961e-01 -6.903353333473205566e-01 -5.893720388412475586e-01 2.057228237390518188e-01 -1.712545007467269897e-01 4.078468307852745056e-02 -8.304638415575027466e-02 3.153818547725677490e-01 -7.683551907539367676e-01 -2.262401878833770752e-01 1.952271461486816406e-01 -2.067801058292388916e-01 -6.317671388387680054e-02 -9.441504627466201782e-02 -7.325357198715209961e-02
7.066345214843750000e-01 9.720975533127784729e-03 2.965855300426483154e-01 -2.149667143821716309e-01 3.495362997055053711e-01 1.750587970018386841e-01 1.210818663239479065e-01 4.641350358724594116e-03 3.699496686458587646e-01 -1.364004015922546387e-01 -6.965665221214294434e-01 -3.404925167560577393e-01 3.423006087541580200e-02 5.016303658485412598e-01 1.511542201042175293e-01 -4.121925830841064453e-01 3.528790473937988281e-01 1.122477799654006958e-01 -3.368678390979766846e-01 1.985721141099929810e-01 2.060230523347854614e-01 1.271072626113891602e-01 1.907592415809631348e-01 8.611304312944412231e-02 -1.309277057647705078e+00 2.640058696269989014e-01 2.104259878396987915e-01 1.579334735870361328e-01 2.943181097507476807e-01 6.126188486814498901e-02 -2.132308185100555420e-01 4.512614011764526367e-02 2.658679187297821045e-01 -9.969153404235839844e-01 -2.469979971647262573e-01 3.052955269813537598e-01 1.402044445276260376e-01 2.715378403663635254e-01 -3.588854670524597168e-01 3.590511381626129150e-01 5.505586043000221252e-02 4.164133369922637939e-01 3.783472627401351929e-02 -3.007320165634155273e+00 5.761892199516296387e-01 1.859543621540069580e-01 2.070668041706085205e-01 1.849392503499984741e-01 -3.277369439601898193e-01 2.070279717445373535e-01 -5.254760980606079102e-01 -4.384004473686218262e-01 3.046346902847290039e-01 -2.749945819377899170e-01 1.098479479551315308e-01 -2.846136689186096191e-01 4.766065776348114014e-01 -6.976461410522460938e-01 -1.594648659229278564e-01 7.334516197443008423e-02 -2.517047822475433350e-01 1.215213723480701447e-02 -3.806549310684204102e-02 -4.243318457156419754e-03
5.064687728881835938e-01 -2.096767351031303406e-02 3.984509110450744629e-01 -2.329813092947006226e-01 1.242247149348258972e-01 1.469557285308837891e-01 6.809067726135253906e-02 1.276818215847015381e-01 3.469856679439544678e-01 -1.317546814680099487e-01 -5.902281403541564941e-01 -3.066605925559997559e-01 -1.934250257909297943e-02 3.326139748096466064e-01 4.995368048548698425e-02 -4.019747376441955566e-01 1.948023885488510132e-01 1.246969401836395264e-01 -1.900130510330200195e-01 2.439375817775726318e-01 2.042277902364730835e-01 9.542281925678253174e-02 2.379982024431228638e-01 -3.200830542482435703e-04 -1.360529541969299316e+00 1.414804309606552124e-01 2.526895999908447266e-01 -2.255710586905479431e-02 2.934948205947875977e-01 1.370016485452651978e-01 -1.688406914472579956e-01 1.397473514080047607e-01 1.792556792497634888e-01 -8.877428770065307617e-01 -2.103663533926010132e-01 2.212815731763839722e-01 1.994710117578506470e-01 1.554618775844573975e-01 -1.902157217264175415e-01 2.935040593147277832e-01 1.218302641063928604e-02 1.981275379657745361e-01 1.114417612552642822e-01 -3.031455755233764648e+00 5.231848359107971191e-01 2.305458039045333862e-01 1.306868642568588257e-01 3.498947918415069580e-01 -1.477144360542297363e-01 3.918342292308807373e-02 -7.386350035667419434e-01 -5.651674866676330566e-01 9.789574891328811646e-02 -2.049399167299270630e-01 1.255197376012802124e-01 -8.091735094785690308e-02 4.128103852272033691e-01 -7.432100772857666016e-01 -7.706010341644287109e-02 2.295558303594589233e-01 -4.745506122708320618e-02 1.160863339900970459e-01 -1.870163828134536743e-01 1.019912362098693848e-01
6.365133523941040039e-01 1.076121069490909576e-02 3.469525873661041260e-01 -4.208678901195526123e-01 3.609441220760345459e-01 3.323119580745697021e-01 2.684805728495121002e-02 2.530081570148468018e-01 3.489443361759185791e-01 -1.911693960428237915e-01 -4.915516674518585205e-01 -4.102355837821960449e-01 2.270163744688034058e-01 3.978701531887054443e-01 2.106302417814731598e-02 -4.000257551670074463e-01 3.045512437820434570e-01 1.726484447717666626e-01 -2.259716838598251343e-01 4.609342217445373535e-01 4.110879600048065186e-01 1.603807806968688965e-01 1.336249411106109619e-01 1.650491058826446533e-01 -1.426171779632568359e+00 1.484777331352233887e-01 4.469788968563079834e-01 2.261732518672943115e-01 3.296343684196472168e-01 3.152220249176025391e-01 -6.267265975475311279e-02 2.585438787937164307e-01 1.109293177723884583e-01 -1.013854980468750000e+00 -3.500227034091949463e-01 2.742673754692077637e-01 2.753246128559112549e-01 3.172820806503295898e-01 -2.822058498859405518e-01 3.681243658065795898e-01 1.449882090091705322e-01 4.963103532791137695e-01 1.085411384701728821e-01 -2.870342254638671875e+00 5.399726033210754395e-01 1.463146805763244629e-01 1.797605007886886597e-01 4.657159447669982910e-01 -1.665546745061874390e-01 1.698345392942428589e-01 -5.660353899002075195e-01 -4.671640396118164062e-01 2.938314676284790039e-01 -2.571809291839599609e-01 4.588015377521514893e-03 1.160757150501012802e-02 5.091841220855712891e-01 -6.970935463905334473e-01 -6.071767210960388184e-02 1.546588987112045288e-01 -2.061517238616943359e-01 1.121633425354957581e-01 -2.340416610240936279e-01 -5.540506541728973389e-02
6.849565505981445312e-01 -2.091730944812297821e-02 4.225745499134063721e-01 -2.798822522163391113e-01 2.308685034513473511e-01 1.199193671345710754e-01 8.936346322298049927e-02 2.507744133472442627e-01 3.322190642356872559e-01 -1.093262434005737305e-01 -4.878309667110443115e-01 -2.871419787406921387e-01 7.879510521888732910e-02 5.075460076332092285e-01 1.839978396892547607e-01 -5.817977190017700195e-01 1.876436024904251099e-01 1.989049017429351807e-01 -2.745474576950073242e-01 4.083401262760162354e-01 2.760401070117950439e-01 1.389686614274978638e-01 2.207929082214832306e-02 4.896797612309455872e-02 -1.454299211502075195e+00 1.003275513648986816e-01 3.973606526851654053e-01 6.625603884458541870e-02 4.666731357574462891e-01 2.658326625823974609e-01 -2.563263177871704102e-01 1.622730046510696411e-01 1.875403821468353271e-01 -1.009572863578796387e+00 -3.037910163402557373e-01 3.488276004791259766e-01 3.966994117945432663e-03 1.287947744131088257e-01 -1.588545590639114380e-01 4.130840003490447998e-01 8.132392913103103638e-02 4.099083840847015381e-01 1.347890943288803101e-01 -2.949877738952636719e+00 5.874532461166381836e-01 1.991383880376815796e-01 2.934215366840362549e-01 2.634349167346954346e-01 -1.355818808078765869e-01 3.972677886486053467e-02 -7.093793153762817383e-01 -5.481600165367126465e-01 1.689222902059555054e-01 -1.280346959829330444e-01 -2.912225946784019470e-02 -1.903259456157684326e-01 4.661529064178466797e-01 -6.445198655128479004e-01 -1.334024816751480103e-01 6.913700606673955917e-03 -2.124550491571426392e-01 -5.088157951831817627e-02 -8.300386369228363037e-02 6.660329550504684448e-02
6.490388512611389160e-01 1.375828385353088379e-01 4.408457875251770020e-01 -3.550922572612762451e-01 1.688198000192642212e-01 6.948813050985336304e-02 -6.915171444416046143e-02 8.772309124469757080e-02 2.947718501091003418e-01 -8.548302203416824341e-02 -5.898979902267456055e-01 -4.664747416973114014e-01 7.322765141725540161e-02 4.578391015529632568e-01 1.901298463344573975e-01 -4.941092431545257568e-01 3.986919820308685303e-01 1.025442853569984436e-01 -1.155687272548675537e-01 2.625140845775604248e-01 4.429573714733123779e-01 3.248360157012939453e-01 2.817209959030151367e-01 1.703022271394729614e-01 -1.454018473625183105e+00 2.055150717496871948e-01 3.914062082767486572e-01 1.460174471139907837e-01 4.256181120872497559e-01 2.164640575647354126e-01 -2.480018436908721924e-01 -1.918291859328746796e-02 9.824837744235992432e-02 -1.108791828155517578e+00 -1.684442609548568726e-01 2.729601860046386719e-01 1.814323216676712036e-01 2.214330881834030151e-01 -1.975321173667907715e-01 2.723018527030944824e-01 1.517375409603118896e-01 3.187324404716491699e-01 8.887644857168197632e-02 -3.082871198654174805e+00 4.897439181804656982e-01 1.773317307233810425e-01 2.648706436157226562e-01 2.226102948188781738e-01 -2.044935375452041626e-01 2.908431291580200195e-01 -7.688690423965454102e-01 -5.920335650444030762e-01 2.354547083377838135e-01 -9.253530204296112061e-02 -1.167202368378639221e-03 -2.701834030449390411e-02 3.774124383926391602e-01 -6.190230846405029297e-01 -1.187017466872930527e-02 1.720697730779647827e-01 -2.208403199911117554e-01 -7.942581921815872192e-02 -1.027449220418930054e-01 -4.398366436362266541e-02
6.227113604545593262e-01 1.341300159692764282e-01 4.288990497589111328e-01 -3.709938526153564453e-01 3.373388946056365967e-01 1.529716104269027710e-01 1.487121433019638062e-01 1.912845522165298462e-01 3.172664344310760498e-01 -2.157876491546630859e-01 -5.930894017219543457e-01 -2.865378856658935547e-01 1.230942606925964355e-01 4.148844182491302490e-01 5.399491637945175171e-02 -4.562865495681762695e-01 2.619882524013519287e-01 2.597292661666870117e-01 -3.185428380966186523e-01 2.664877176284790039e-01 3.189788162708282471e-01 2.996951341629028320e-01 7.792886346578598022e-02 1.597591340541839600e-01 -1.312459945678710938e+00 2.550589740276336670e-01 3.722473680973052979e-01 1.994882375001907349e-01 4.213057458400726318e-01 1.645914018154144287e-01 -1.757667511701583862e-01 1.557302623987197876e-01 2.494921535253524780e-01 -1.002903461456298828e+00 -3.043075501918792725e-01 2.006446123123168945e-01 2.735741734504699707e-01 1.559576392173767090e-01 -3.212026059627532959e-01 4.117256402969360352e-01 1.430634856224060059e-01 2.570787966251373291e-01 1.299457550048828125e-01 -3.020648241043090820e+00 5.066229104995727539e-01 2.533869445323944092e-01 2.002801299095153809e-01 3.913204371929168701e-01 -2.915866374969482422e-01 2.318597286939620972e-01 -6.743744015693664551e-01 -4.958245754241943359e-01 2.876805365085601807e-01 -1.829092353582382202e-01 -4.963529109954833984e-02 -8.176958560943603516e-02 3.932637870311737061e-01 -6.803730726242065430e-01 -7.431783247739076614e-03 1.080552414059638977e-01 -1.935975700616836548e-01 -2.128189988434314728e-02 -1.803385019302368164e-01 8.913391828536987305e-02
-2.145082652568817139e-01 1.983876526355743408e-02 -4.107111692428588867e-02 3.937082588672637939e-01 1.286378502845764160e-01 -8.285040259361267090e-01 1.563417613506317139e-01 9.364005923271179199e-01 1.283395737409591675e-01 8.781780600547790527e-01 1.139208197593688965e+00 6.597735881805419922e-01 4.609730094671249390e-02 1.025452837347984314e-01 2.062972337007522583e-01 -2.239000797271728516e-01 2.665878832340240479e-01 8.919852972030639648e-01 -1.594786345958709717e-01 -2.108122259378433228e-01 -1.779785603284835815e-01 4.636151790618896484e-01 8.635734766721725464e-02 -7.077236771583557129e-01 1.196214914321899414e+00 1.061253696680068970e-01 -2.081070542335510254e-01 -1.460091173648834229e-01 -2.091528773307800293e-01 1.837084293365478516e-01 3.718011379241943359e-01 3.371906876564025879e-01 -4.481869041919708252e-01 2.874523878097534180e+00 5.268327593803405762e-01 6.292970776557922363e-01 1.705187708139419556e-01 2.901289165019989014e-01 -3.907971382141113281e-01 -4.680753871798515320e-02 4.607357978820800781e-01 -3.046492040157318115e-01 -2.992074377834796906e-02 8.334080576896667480e-01 8.402282595634460449e-01 -4.684259295463562012e-01 7.090985178947448730e-01 -9.938291460275650024e-02 -1.113844871520996094e+00 3.592252433300018311e-01 8.204348683357238770e-01 1.553799957036972046e-01 1.013684272766113281e-01 4.465454816818237305e-01 2.956087291240692139e-01 -3.014766573905944824e-01 2.526470422744750977e-01 8.358563780784606934e-01 4.923013504594564438e-03 -5.779893398284912109e-01 -1.451213955879211426e-01 5.030874535441398621e-02 3.502662777900695801e-01 5.104778409004211426e-01
3.447646498680114746e-01 -5.695193409919738770e-01 5.096023678779602051e-01 1.215614601969718933e-01 2.120965868234634399e-01 -7.730928063392639160e-02 -5.272234916687011719e+00 -1.917522192001342773e+00 -9.658139348030090332e-01 3.073082268238067627e-01 -2.347922697663307190e-02 1.319400817155838013e-01 3.872441947460174561e-01 -9.949387907981872559e-01 2.904081046581268311e-01 5.644754171371459961e-01 7.301545739173889160e-01 1.902349740266799927e-01 1.759874463081359863e+00 2.539067864418029785e-01 1.888729184865951538e-01 3.893023431301116943e-01 -1.472592711448669434e+00 1.260548247955739498e-03 1.748696714639663696e-01 -5.435878410935401917e-02 3.016349375247955322e-01 -3.867642402648925781e+00 -7.055829465389251709e-02 -2.058581709861755371e-01 -2.039474099874496460e-01 7.015463709831237793e-02 8.397880196571350098e-02 3.252004683017730713e-01 -2.043041944503784180e+00 1.631879091262817383e+00 1.017126068472862244e-01 -9.725975990295410156e-01 -2.750643193721771240e-01 -2.291719615459442139e-01 3.367824852466583252e-01 2.705038785934448242e-01 -4.420884698629379272e-02 -1.340858191251754761e-01 -5.946062803268432617e-01 1.074466854333877563e-01 2.064673304557800293e-01 1.898735165596008301e-01 -6.009269878268241882e-02 4.476184844970703125e-01 -1.840694099664688110e-01 1.536041051149368286e-01 4.444170594215393066e-01 7.413703203201293945e-01 -9.163876175880432129e-01 -3.916322588920593262e-01 4.930045902729034424e-01 -3.527481555938720703e-01 -1.859430968761444092e-01 -1.216300278902053833e-01 -3.458120226860046387e-01 -9.263537079095840454e-02 1.405859552323818207e-02 1.505115330219268799e-01
5.638768076896667480e-01 6.068809330463409424e-02 4.486819505691528320e-01 -2.150895297527313232e-01 1.604580432176589966e-01 1.433458030223846436e-01 7.059864699840545654e-02 1.721652746200561523e-01 3.635391891002655029e-01 -1.113284081220626831e-01 -5.153766274452209473e-01 -2.404623627662658691e-01 6.913399696350097656e-02 4.714210331439971924e-01 1.950410157442092896e-01 -4.554139673709869385e-01 2.295066714286804199e-01 3.188112378120422363e-01 -1.478052139282226562e-01 3.701021373271942139e-01 4.130112230777740479e-01 2.727059125900268555e-01 2.176188826560974121e-01 1.005196496844291687e-01 -1.322352647781372070e+00 2.070734649896621704e-01 2.168139815330505371e-01 2.183185666799545288e-01 4.618631899356842041e-01 2.012625336647033691e-01 -2.400159388780593872e-01 1.875431835651397705e-01 1.448232084512710571e-01 -8.838195800781250000e-01 -2.180698364973068237e-01 1.721011102199554443e-01 6.131829228252172470e-03 3.509974479675292969e-01 -2.432835847139358521e-01 2.965398728847503662e-01 1.031889095902442932e-01 3.629499673843383789e-01 1.593774408102035522e-01 -3.056715488433837891e+00 5.131235122680664062e-01 1.715015769004821777e-01 2.384281307458877563e-01 4.054985940456390381e-01 -1.330773234367370605e-01 2.845164239406585693e-01 -6.091104149818420410e-01 -5.279184579849243164e-01 2.951138615608215332e-01 -2.596045434474945068e-01 4.554292932152748108e-02 -1.594599187374114990e-01 3.295130431652069092e-01 -7.487109303474426270e-01 -2.487529665231704712e-01 2.389772087335586548e-01 -2.028719782829284668e-01 1.266062110662460327e-01 -1.540000829845666885e-02 8.919968456029891968e-02
6.260605454444885254e-01 6.310115009546279907e-02 4.992456436157226562e-01 -3.468509018421173096e-01 2.785506248474121094e-01 1.428138762712478638e-01 -1.102310791611671448e-02 2.615399658679962158e-01 3.158760368824005127e-01 -7.222624123096466064e-02 -6.542319059371948242e-01 -3.400633335113525391e-01 2.576991319656372070e-01 4.229900836944580078e-01 5.777251441031694412e-03 -5.485091805458068848e-01 3.597024977207183838e-01 2.647433280944824219e-01 -1.670153439044952393e-01 3.642858266830444336e-01 2.556675374507904053e-01 1.311798840761184692e-01 1.535235047340393066e-01 4.740268364548683167e-02 -1.520823955535888672e+00 2.242208719253540039e-01 3.590465784072875977e-01 1.941798180341720581e-01 4.023404717445373535e-01 1.152995303273200989e-01 -1.014350429177284241e-01 1.758912578225135803e-03 1.164709329605102539e-01 -1.074588537216186523e+00 -2.131617963314056396e-01 2.831715941429138184e-01 1.631756424903869629e-01 2.654973566532135010e-01 -3.189191818237304688e-01 4.730173349380493164e-01 3.253482282161712646e-02 4.285282790660858154e-01 6.985931843519210815e-02 -3.067795276641845703e+00 6.526506543159484863e-01 3.258556425571441650e-01 1.940509229898452759e-01 3.935548663139343262e-01 -2.166946083307266235e-01 3.273948431015014648e-01 -7.670060992240905762e-01 -4.944851100444793701e-01 2.230744361877441406e-01 -9.360807389020919800e-02 -3.958824276924133301e-02 -2.421242743730545044e-01 3.113850653171539307e-01 -5.378639698028564453e-01 -1.145220920443534851e-01 8.772286027669906616e-02 -2.182781845331192017e-01 -1.165923103690147400e-02 -1.283536553382873535e-01 -3.600561618804931641e-02
-4.310776889324188232e-01 1.452202796936035156e-01 6.180041283369064331e-02 4.003269374370574951e-01 6.209653243422508240e-02 -1.130578160285949707e+00 2.085470557212829590e-01 8.097625970840454102e-01 6.166317313909530640e-02 6.726369261741638184e-01 8.437296748161315918e-01 1.625749617815017700e-01 1.829433888196945190e-01 1.546684801578521729e-01 1.378235667943954468e-01 -2.023450434207916260e-01 5.541520193219184875e-02 8.623621463775634766e-01 -1.777770519256591797e-01 -2.432394623756408691e-01 -2.521174252033233643e-01 3.407970964908599854e-01 2.945925667881965637e-02 -5.067613124847412109e-01 1.191240906715393066e+00 1.178349927067756653e-02 -6.371825188398361206e-02 -6.771089881658554077e-02 -1.519136726856231689e-01 2.995910122990608215e-02 -6.218097805976867676e-01 -3.256910443305969238e-01 -3.473895788192749023e-01 3.001838207244873047e+00 2.976765036582946777e-01 1.025115966796875000e+00 3.765219449996948242e-02 2.449899613857269287e-01 -2.952320277690887451e-01 4.685331135988235474e-03 3.855129182338714600e-01 -3.510614931583404541e-01 1.020172014832496643e-01 8.092800378799438477e-01 7.420882582664489746e-01 -4.037106931209564209e-01 4.139258265495300293e-01 -1.088053137063980103e-01 -2.180136680603027344e+00 4.629448056221008301e-01 -6.128577589988708496e-01 5.998761653900146484e-01 2.454881928861141205e-02 7.201812863349914551e-01 -2.658061981201171875e-01 -3.241018205881118774e-02 6.446833908557891846e-02 8.694115877151489258e-01 -1.804127246141433716e-01 -2.810145914554595947e-01 -1.734713017940521240e-01 -3.660398535430431366e-03 5.076084733009338379e-01 4.982014745473861694e-02
4.601573348045349121e-01 -2.666521966457366943e-01 2.706336677074432373e-01 7.986570894718170166e-02 -1.874659582972526550e-02 4.206833839416503906e-01 -8.557763695716857910e-01 4.298956990242004395e-01 -5.541481971740722656e-01 6.990782916545867920e-02 -3.216226398944854736e-01 -2.584392786026000977e+00 6.356395035982131958e-02 -6.707958579063415527e-01 4.089920595288276672e-02 6.243090033531188965e-01 3.946891725063323975e-01 -1.431203037500381470e-01 1.019513607025146484e+00 5.623363330960273743e-02 1.347567141056060791e-01 3.759652078151702881e-01 -2.081242948770523071e-01 -1.982850432395935059e-01 -1.432755440473556519e-01 2.709905207157135010e-01 1.178402230143547058e-01 -9.081799983978271484e-01 6.742030382156372070e-02 1.938577890396118164e-01 -7.398743927478790283e-02 2.545964717864990234e-01 1.409523963928222656e+00 1.172981619834899902e+00 -3.627852499485015869e-01 1.665758967399597168e+00 1.310915350914001465e-01 -9.451276659965515137e-01 2.199499635025858879e-03 -3.784554004669189453e-01 -4.060419499874114990e-01 2.985290288925170898e-01 -4.461196064949035645e-02 3.718723535537719727e+00 -8.511972427368164062e-01 -2.440080344676971436e-01 9.768985211849212646e-02 9.548204392194747925e-02 -2.000666558742523193e-01 3.825264871120452881e-01 1.537592560052871704e-01 2.224267959594726562e+00 4.153928756713867188e-01 6.451411247253417969e-01 4.698459506034851074e-01 6.805890202522277832e-01 7.048289179801940918e-01 1.811964035034179688e+00 8.688256144523620605e-02 2.527502598240971565e-03 2.426128536462783813e-01 1.406798660755157471e-01 1.033488586544990540e-01 -1.346750855445861816e+00
-5.907549858093261719e-01 5.242393016815185547e-01 -7.187148332595825195e-01 4.291602075099945068e-01 2.805260419845581055e-01 -7.967344671487808228e-02 6.880922913551330566e-01 2.650435268878936768e-01 3.605310916900634766e-01 1.196708679199218750e+00 5.811658501625061035e-01 1.315213888883590698e-01 1.988547742366790771e-01 3.647175729274749756e-01 2.367540746927261353e-01 5.417600274085998535e-01 -8.939971327781677246e-01 2.921309471130371094e-01 9.046941250562667847e-02 -1.186604946851730347e-01 8.053134381771087646e-02 -1.162322402000427246e+00 3.551605343818664551e-01 -3.176605403423309326e-01 1.158101201057434082e+00 9.362918138504028320e-02 3.729014098644256592e-02 3.085200190544128418e-01 1.321301162242889404e-01 1.060354709625244141e-01 -5.968469977378845215e-01 8.159658312797546387e-02 -5.796104669570922852e-01 1.104984521865844727e+00 3.857972323894500732e-01 -5.720352530479431152e-01 8.671554923057556152e-02 4.597559571266174316e-01 1.711565256118774414e-01 4.001547768712043762e-02 2.495066374540328979e-01 -6.675342917442321777e-01 3.902466595172882080e-01 3.630120992660522461e+00 4.461444020271301270e-01 -5.128289461135864258e-01 1.705905795097351074e-01 9.874515235424041748e-02 -2.296797037124633789e+00 -1.147159576416015625e+00 3.376777172088623047e-01 2.344806939363479614e-01 -1.192313551902770996e+00 -9.059889912605285645e-01 -1.617064177989959717e-01 5.406076088547706604e-02 -6.088673472404479980e-01 6.205345988273620605e-01 4.582903161644935608e-02 1.541485190391540527e-01 1.343147754669189453e-01 8.277969807386398315e-02 5.215129256248474121e-01 9.517470374703407288e-03
-3.526220619678497314e-01 -9.304846636950969696e-03 -3.254769146442413330e-01 -1.337717026472091675e-01 7.701770216226577759e-02 1.000827848911285400e-01 3.778783679008483887e-01 -1.237224638462066650e-01 -3.339326679706573486e-01 1.412585258483886719e+00 5.520155429840087891e-01 3.769078254699707031e-01 -2.024089843034744263e-01 -6.105790287256240845e-02 1.079316064715385437e-01 -2.700317502021789551e-01 -3.166293501853942871e-01 -6.148400902748107910e-02 -5.058985352516174316e-01 -1.962150037288665771e-01 -1.792134158313274384e-02 4.964196383953094482e-01 8.088111132383346558e-02 1.179261133074760437e-01 8.699300289154052734e-01 -6.814218312501907349e-02 -3.037342987954616547e-02 -1.373617630451917648e-02 -8.483510464429855347e-02 -4.555676877498626709e-01 -6.228597164154052734e-01 6.514337658882141113e-01 -4.601800143718719482e-01 7.655468583106994629e-01 1.870982795953750610e-01 -1.278332948684692383e+00 -8.282803744077682495e-02 1.149374898523092270e-02 -5.501864552497863770e-01 -2.273170202970504761e-01 -4.094149172306060791e-01 -2.139140367507934570e-01 1.280727386474609375e-01 3.287848472595214844e+00 1.215045824646949768e-01 -6.269680857658386230e-01 6.854184903204441071e-04 -2.057896703481674194e-01 -9.807651042938232422e-01 -9.890564680099487305e-01 -3.003171980381011963e-01 8.351405709981918335e-02 -6.165835261344909668e-01 -1.832879066467285156e+00 3.150447309017181396e-01 -4.083355665206909180e-01 -5.702189207077026367e-01 5.561345219612121582e-01 -1.256471425294876099e-01 1.630385778844356537e-02 -1.562923789024353027e-01 -1.610653125680983067e-03 3.295736312866210938e-01 -2.247842550277709961e-01
7.292556762695312500e-01 8.131600171327590942e-02 3.318341374397277832e-01 -4.112352132797241211e-01 2.331116944551467896e-01 2.656733691692352295e-01 1.164192557334899902e-01 1.501278579235076904e-01 3.362297713756561279e-01 -2.262595593929290771e-01 -4.445835649967193604e-01 -4.692498743534088135e-01 1.465433686971664429e-01 5.147486925125122070e-01 -2.681090310215950012e-02 -5.006070137023925781e-01 2.392430454492568970e-01 1.760672181844711304e-01 -2.436403334140777588e-01 3.609208762645721436e-01 2.562708258628845215e-01 1.258391439914703369e-01 2.281522005796432495e-01 1.693332046270370483e-01 -1.286376595497131348e+00 2.438208758831024170e-01 3.637906610965728760e-01 8.120014518499374390e-02 4.473205506801605225e-01 2.166951596736907959e-01 -1.226210370659828186e-01 6.337740924209356308e-03 9.914474934339523315e-02 -9.598464369773864746e-01 -3.425295948982238770e-01 3.529386222362518311e-01 1.035896688699722290e-01 2.779962420463562012e-01 -2.204868495464324951e-01 4.149435758590698242e-01 4.195607267320156097e-03 2.209553271532058716e-01 7.406155765056610107e-02 -3.026161670684814453e+00 4.685772955417633057e-01 3.379194140434265137e-01 2.386916130781173706e-01 1.846996098756790161e-01 -8.281838148832321167e-02 1.921619772911071777e-01 -5.157759785652160645e-01 -3.582683205604553223e-01 1.545994281768798828e-01 -3.053410351276397705e-01 -8.452440798282623291e-02 -1.472978293895721436e-01 4.439387023448944092e-01 -7.387989759445190430e-01 -4.666129872202873230e-02 2.051565349102020264e-01 -1.779315769672393799e-01 1.365689784288406372e-01 -2.137744575738906860e-01 1.193271651864051819e-01
