-4.747647345066070557e-01
9.707261323928833008e-01
-3.780056536197662354e-01
-6.790320873260498047e-01
5.914036184549331665e-02
9.147437810897827148e-01
6.583836674690246582e-02
1.106618046760559082e+00
5.420202389359474182e-02
1.071256920695304871e-01
-2.547493577003479004e-01
1.323786526918411255e-01
1.271527856588363647e-01
1.015398383140563965e+00
-5.367101430892944336e-01
1.042143225669860840e+00
1.117816686630249023e+00
1.010395646095275879e+00
7.937579154968261719e-01
1.002543926239013672e+00
1.052592635154724121e+00
8.763954043388366699e-01
9.650680422782897949e-01
-7.513096928596496582e-01
-4.436951130628585815e-02
8.885984420776367188e-01
9.426309466361999512e-01
-6.754330992698669434e-01
3.643829748034477234e-02
-6.985656619071960449e-01
-6.931835412979125977e-01
1.066152811050415039e+00
