6.359441280364990234e-01
2.159603685140609741e-01
3.639236688613891602e-01
-2.373552769422531128e-01
7.367634177207946777e-01
5.058019161224365234e-01
4.949916899204254150e-01
-2.580189704895019531e-01
3.492371737957000732e-01
2.843696624040603638e-03
1.172529831528663635e-01
3.289655223488807678e-02
3.248353302478790283e-02
3.163578510284423828e-01
-5.842960625886917114e-02
1.446863710880279541e-01
-1.757725179195404053e-01
6.734196543693542480e-01
1.591977626085281372e-01
-2.792217433452606201e-01
5.014831945300102234e-02
1.729293167591094971e-01
-2.662474811077117920e-01
-5.373588800430297852e-01
-5.641650557518005371e-01
2.165088355541229248e-01
-4.323066771030426025e-02
7.690123915672302246e-01
-4.828393086791038513e-02
1.772723197937011719e-01
9.155786782503128052e-02
2.473223768174648285e-02
2.312763929367065430e-01
-4.210976958274841309e-01
-1.148552224040031433e-01
2.470612078905105591e-01
3.294640406966209412e-02
-4.578962624073028564e-01
4.881424605846405029e-01
2.736417055130004883e-01
1.000060915946960449e+00
-4.998625516891479492e-01
1.440648436546325684e-01
1.372103244066238403e-01
4.348197579383850098e-01
-3.754568994045257568e-01
7.565829753875732422e-01
-4.353605508804321289e-01
5.012495443224906921e-02
-1.780590116977691650e-01
5.148904919624328613e-01
3.478864729404449463e-01
-2.528038024902343750e-01
-3.569338917732238770e-01
-7.851589471101760864e-03
-4.608533978462219238e-01
1.166544035077095032e-01
-5.993466973304748535e-01
2.496658712625503540e-01
6.473194956779479980e-01
-6.302157044410705566e-01
4.005216434597969055e-02
4.467819258570671082e-02
2.904415428638458252e-01
