1.155752092599868774e-01 1.223962157964706421e-01 -7.691210508346557617e-02 -1.873952746391296387e-01 -1.678385734558105469e-01 -2.694625556468963623e-01 -1.446813344955444336e-01 1.157090216875076294e-01
-9.810470342636108398e-01 -1.688376218080520630e-01 1.127361580729484558e-01 -2.834090590476989746e-01 2.834351658821105957e-01 -4.982594251632690430e-01 -1.743641942739486694e-01 5.254860222339630127e-02
-4.478055834770202637e-01 3.752418756484985352e-01 3.128273189067840576e-01 3.120900690555572510e-01 1.411347538232803345e-01 -2.126072943210601807e-01 -2.267149537801742554e-01 -9.673853218555450439e-02
-7.331229448318481445e-01 3.197188675403594971e-02 -2.289844006299972534e-01 9.270876646041870117e-02 -6.427812576293945312e-01 1.801625788211822510e-01 -6.545522063970565796e-02 1.985239423811435699e-02
-1.008731245994567871e+00 -4.442898631095886230e-01 -1.585300713777542114e-01 -5.143523812294006348e-01 2.269115298986434937e-01 -4.526481926441192627e-01 -4.172052443027496338e-01 4.678845405578613281e-02
-1.533739268779754639e-01 1.854541748762130737e-01 -1.730491369962692261e-01 -4.985155165195465088e-02 8.104787021875381470e-02 1.129769608378410339e-01 -2.040859013795852661e-01 -1.371830403804779053e-01
-5.689053535461425781e-01 1.359555274248123169e-01 -1.445591002702713013e-01 -3.692867979407310486e-02 -2.729126513004302979e-01 1.560838669538497925e-01 -9.654647111892700195e-02 -3.829748630523681641e-01
-3.808453083038330078e-01 4.303045570850372314e-01 9.930699318647384644e-02 3.707712292671203613e-01 3.167417943477630615e-01 -3.531092107295989990e-01 4.554086923599243164e-02 1.222351491451263428e-01
-5.189386606216430664e-01 2.222220152616500854e-01 4.792251437902450562e-02 4.059667289257049561e-01 -2.290687561035156250e-01 4.290081858634948730e-01 -3.764865696430206299e-01 -2.379947528243064880e-02
-3.794080615043640137e-01 1.625960171222686768e-01 1.991309821605682373e-01 3.146752119064331055e-01 -1.842415630817413330e-01 4.392362534999847412e-01 1.252635270357131958e-01 5.491144582629203796e-02
-8.846799135208129883e-01 3.356309831142425537e-01 -5.393627285957336426e-02 2.640595138072967529e-01 -2.140449434518814087e-01 3.640390932559967041e-01 -4.100898802280426025e-01 -1.374857425689697266e-01
2.064042985439300537e-01 -2.682044506072998047e-01 2.119140028953552246e-01 -5.761603713035583496e-01 -1.020109048113226891e-03 -6.257281452417373657e-02 -4.269772469997406006e-01 -3.687443137168884277e-01
-2.157651782035827637e-01 3.421840816736221313e-02 -3.520776331424713135e-01 -2.614593803882598877e-01 -3.235675022006034851e-02 2.794926427304744720e-02 -5.928880572319030762e-01 3.111597523093223572e-02
-3.297020494937896729e-02 3.196029961109161377e-01 -5.673390626907348633e-01 1.469651460647583008e-01 -3.067056536674499512e-01 -9.985625743865966797e-02 1.106529403477907181e-02 6.747765839099884033e-02
-4.365385174751281738e-01 8.033600449562072754e-02 -7.362866997718811035e-01 1.698050498962402344e-01 -5.437003374099731445e-01 4.127095639705657959e-01 -4.253267049789428711e-01 -6.095717195421457291e-03
2.477287501096725464e-01 7.015489786863327026e-02 -6.735633611679077148e-01 5.090919137001037598e-01 -9.954638779163360596e-02 4.857653379440307617e-01 -2.351972758769989014e-01 3.893101587891578674e-02
-8.458330631256103516e-01 3.863096535205841064e-01 -2.411646991968154907e-01 1.847133636474609375e-01 -3.453587591648101807e-01 -2.046194076538085938e-01 -8.779664337635040283e-02 -1.210989151149988174e-02
4.988790154457092285e-01 -3.689795136451721191e-01 -6.556048989295959473e-02 -5.234695672988891602e-01 9.576024115085601807e-02 1.586638018488883972e-02 -1.859273016452789307e-01 -1.194623112678527832e-02
-6.470384597778320312e-01 -1.398737281560897827e-01 5.663550924509763718e-03 1.369430720806121826e-01 -3.143291473388671875e-01 -2.107309550046920776e-01 -6.537362337112426758e-01 1.190638542175292969e-01
8.438569493591785431e-03 -1.679442375898361206e-01 9.700639545917510986e-02 -1.907855644822120667e-02 -4.726655781269073486e-02 4.659119993448257446e-02 -3.383989930152893066e-01 -1.970654353499412537e-02
7.258107066154479980e-01 -2.407092787325382233e-02 -2.235562086105346680e+00 9.219460189342498779e-02 -6.830938458442687988e-01 -3.399581611156463623e-01 8.289999328553676605e-03 2.331164199858903885e-03
-2.020733207464218140e-01 -3.408983051776885986e-01 -4.822552502155303955e-01 -1.878255754709243774e-01 -4.880516827106475830e-01 3.884571790695190430e-01 -3.703830242156982422e-01 2.478227019309997559e-01
6.850838661193847656e-01 4.798246622085571289e-01 5.771483182907104492e-01 2.161859273910522461e-01 2.004676312208175659e-01 -1.402152776718139648e-01 5.731520801782608032e-02 5.712913349270820618e-02
-4.290323257446289062e-01 2.480669021606445312e-01 3.775750994682312012e-01 3.714437484741210938e-01 8.918490260839462280e-02 1.752057224512100220e-01 -1.409197691828012466e-02 -8.213815093040466309e-02
8.430597186088562012e-01 5.209735035896301270e-01 4.870589971542358398e-01 -3.183902800083160400e-02 4.512603878974914551e-01 2.519522011280059814e-01 -5.534382537007331848e-02 4.092025570571422577e-03
5.692707300186157227e-01 -5.613840222358703613e-01 3.451535999774932861e-01 -7.675545215606689453e-01 5.392742808908224106e-03 -2.582088112831115723e-01 -3.156927525997161865e-01 -6.892220582813024521e-03
-7.544131875038146973e-01 -4.276210367679595947e-01 2.309526503086090088e-01 3.566050529479980469e-02 -2.042605280876159668e-01 1.920331269502639771e-01 -2.472257763147354126e-01 1.732818335294723511e-01
1.616990715265274048e-01 -2.268636785447597504e-02 -5.161747336387634277e-02 -1.921643018722534180e-01 -2.577859461307525635e-01 8.405269123613834381e-03 -1.748818755149841309e-01 -1.900585554540157318e-02
-3.097937405109405518e-01 -2.680683434009552002e-01 -1.347829252481460571e-01 -4.726093634963035583e-02 -1.395128667354583740e-01 1.479338258504867554e-01 -8.012920022010803223e-01 5.197356641292572021e-02
-4.340226650238037109e-01 -1.579484343528747559e-01 3.036718666553497314e-01 1.587142646312713623e-01 2.394020110368728638e-01 -2.693904340267181396e-01 -2.352852970361709595e-01 2.399049699306488037e-02
-1.201721280813217163e-01 -1.028723046183586121e-01 -2.092970311641693115e-01 -7.016775012016296387e-02 3.970578312873840332e-02 -3.751933872699737549e-01 -1.948006451129913330e-01 -1.348054260015487671e-01
1.343753695487976074e+00 -3.886558488011360168e-02 3.000960350036621094e-01 1.027764678001403809e-01 -7.317538838833570480e-03 -5.957226157188415527e-01 -2.744679450988769531e-01 1.239387094974517822e-01
-4.421021789312362671e-03 -4.836704581975936890e-02 1.664801537990570068e-01 -2.102619409561157227e-01 8.255852013826370239e-02 -1.129024326801300049e-01 -5.940746068954467773e-01 -2.797591686248779297e-01
-9.843879938125610352e-01 3.129628598690032959e-01 -5.943510532379150391e-01 2.726604938507080078e-01 -1.723552197217941284e-01 3.157140016555786133e-01 -1.055088639259338379e-01 -8.260765112936496735e-03
-4.493595659732818604e-01 2.251395881175994873e-01 5.659288913011550903e-02 2.578737139701843262e-01 -5.336582288146018982e-02 3.066142201423645020e-01 -1.933721750974655151e-01 5.803797394037246704e-02
-8.420867472887039185e-02 2.312869429588317871e-01 -4.141897559165954590e-01 -3.599798306822776794e-02 -4.431025385856628418e-01 -6.098635196685791016e-01 -5.082455277442932129e-01 1.000842526555061340e-01
-7.913267612457275391e-01 5.904659628868103027e-01 -4.175543189048767090e-01 4.320313334465026855e-01 -3.564453423023223877e-01 -3.118090331554412842e-01 3.835338354110717773e-02 -2.862039394676685333e-02
4.713293612003326416e-01 1.887426972389221191e-01 4.237879514694213867e-01 2.901616096496582031e-01 4.601795375347137451e-01 -2.649947106838226318e-01 -4.895045235753059387e-02 -2.008022367954254150e-02
-5.467444658279418945e-01 3.114099204540252686e-01 1.565353125333786011e-01 2.930878698825836182e-01 1.106986179947853088e-01 1.301201898604631424e-02 2.649127878248691559e-02 -2.708262018859386444e-02
-3.149277567863464355e-01 4.305133223533630371e-02 3.171776235103607178e-01 5.278183221817016602e-01 -3.462973833084106445e-01 5.684163570404052734e-01 -1.198637019842863083e-02 2.440886944532394409e-02
-3.792303055524826050e-02 -1.989900469779968262e-01 -3.458145260810852051e-01 1.237559020519256592e-01 -1.046089455485343933e-02 -5.722583271563053131e-03 -7.133508324623107910e-01 1.810230500996112823e-02
-9.618750214576721191e-01 2.100573182106018066e-01 -6.610807776451110840e-01 3.015226125717163086e-01 1.407629102468490601e-01 1.330749094486236572e-01 7.284454256296157837e-02 -7.827627472579479218e-03
-6.303586363792419434e-01 4.944129288196563721e-01 -8.731805719435214996e-03 1.052619591355323792e-01 -5.958406254649162292e-02 7.416509091854095459e-02 -8.661577105522155762e-02 -4.044509306550025940e-02
1.861110687255859375e+00 -1.128894649446010590e-02 8.037830889225006104e-02 1.703146249055862427e-01 -8.832525014877319336e-01 -2.062978446483612061e-01 -1.835287548601627350e-02 8.612183481454849243e-02
-8.897296190261840820e-01 -4.048811793327331543e-01 -6.933825463056564331e-02 -2.681441605091094971e-02 -1.270806044340133667e-01 -5.116012692451477051e-01 -2.194972783327102661e-01 -1.400119974277913570e-03
4.383639097213745117e-01 -5.057150125503540039e-01 8.838848769664764404e-02 -7.076481580734252930e-01 1.842977851629257202e-01 2.388885021209716797e-01 -2.010780423879623413e-01 4.024124890565872192e-02
-2.426432222127914429e-01 3.939737379550933838e-02 -3.302069008350372314e-01 -1.922971755266189575e-01 -1.466574519872665405e-01 -3.060747087001800537e-01 -2.083396017551422119e-01 8.477447926998138428e-02
-2.631622850894927979e-01 3.199668228626251221e-02 3.913147747516632080e-01 5.124522447586059570e-01 9.440409392118453979e-02 -4.029231965541839600e-01 1.863164603710174561e-01 1.106541827321052551e-01
-4.113174974918365479e-01 2.152193039655685425e-01 2.657726407051086426e-01 1.829287856817245483e-01 3.456308739259839058e-03 -2.484652101993560791e-01 4.248455762863159180e-01 1.251685023307800293e-01
6.824593544006347656e-01 -2.141445875167846680e-01 -5.210711359977722168e-01 3.227276504039764404e-01 -7.858585566282272339e-02 -2.629525028169155121e-02 -7.463429868221282959e-02 3.109847307205200195e-01
-4.982115328311920166e-01 -1.357876956462860107e-01 -2.455066591501235962e-01 -2.960311174392700195e-01 1.657437346875667572e-02 -1.029705852270126343e-01 -9.199363589286804199e-01 -3.542919456958770752e-02
-4.079350829124450684e-01 4.817953109741210938e-01 2.197545319795608521e-01 4.499095305800437927e-02 5.917503312230110168e-02 -1.175442710518836975e-01 -1.191550865769386292e-01 -1.794259808957576752e-02
3.697600960731506348e-01 -6.983394175767898560e-02 -1.168955937027931213e-01 3.385238647460937500e-01 -8.455770611763000488e-01 -1.694643199443817139e-01 1.631187349557876587e-01 2.528526782989501953e-01
-5.897473096847534180e-01 -6.546244956552982330e-03 2.121741771697998047e-01 -2.313450127840042114e-01 2.778289914131164551e-01 3.134065493941307068e-02 -2.661990523338317871e-01 3.945675492286682129e-01
-1.802041381597518921e-01 2.374449223279953003e-01 -1.023429706692695618e-01 4.738408029079437256e-01 -6.734004616737365723e-01 1.587917655706405640e-01 -9.945932030677795410e-02 2.990546450018882751e-02
-6.481164097785949707e-01 -1.784151606261730194e-02 -5.425831675529479980e-01 7.831028848886489868e-02 1.760787516832351685e-02 2.086930721998214722e-01 -3.011893928050994873e-01 1.162725538015365601e-01
-3.252702057361602783e-01 3.176364898681640625e-01 3.275152146816253662e-01 2.779481112957000732e-01 5.090118944644927979e-02 7.944239675998687744e-02 2.279967516660690308e-01 -3.010359220206737518e-02
7.976209372282028198e-02 -8.621793985366821289e-02 3.154100477695465088e-01 7.639554888010025024e-02 3.799282312393188477e-01 -4.976009577512741089e-02 3.242013752460479736e-01 -3.477213159203529358e-02
1.936744153499603271e-01 2.573716044425964355e-01 -2.490465193986892700e-01 4.980437457561492920e-01 -7.325997948646545410e-01 3.107954561710357666e-01 -5.987597256898880005e-02 -5.006697028875350952e-02
4.559530913829803467e-01 -2.917738556861877441e-01 -1.016369909048080444e-01 -4.736469984054565430e-01 -6.615304388105869293e-03 2.587227523326873779e-01 -3.601721823215484619e-01 2.480159997940063477e-01
3.307818472385406494e-01 4.948948323726654053e-01 1.450514346361160278e-01 2.111554145812988281e-01 4.006299078464508057e-01 -8.745698630809783936e-02 2.949010133743286133e-01 -7.925471663475036621e-02
-2.239489406347274780e-01 7.329289615154266357e-02 -7.922004908323287964e-02 2.188665270805358887e-01 1.300601661205291748e-01 2.170970141887664795e-01 -2.939001619815826416e-01 -1.205810606479644775e-01
-4.750732183456420898e-01 2.654233388602733612e-02 -6.649014353752136230e-01 1.521491557359695435e-01 -5.763245224952697754e-01 -2.198420614004135132e-01 -7.731989771127700806e-02 7.338621467351913452e-02
-5.569953322410583496e-01 3.688870072364807129e-01 8.993668854236602783e-02 -2.429052144289016724e-01 2.531648054718971252e-02 -1.718207001686096191e-01 -6.415190100669860840e-01 -4.562009498476982117e-02
