4.019091129302978516e-01
2.080059647560119629e-01
2.632110416889190674e-01
3.734411001205444336e-01
3.495914041996002197e-01
4.534439742565155029e-01
2.927739918231964111e-01
3.620469570159912109e-01
3.057599961757659912e-01
3.594749271869659424e-01
3.375423550605773926e-01
2.988431155681610107e-01
1.811156421899795532e-01
3.872909247875213623e-01
2.982149124145507812e-01
-3.585392981767654419e-02
1.696226596832275391e-01
3.831619322299957275e-01
2.915871441364288330e-01
2.891902923583984375e-01
2.865958511829376221e-01
-3.499226570129394531e-01
2.337064445018768311e-01
-2.192662842571735382e-02
3.365052044391632080e-01
2.480217069387435913e-01
2.952681183815002441e-01
-1.490616500377655029e-01
3.160094022750854492e-01
2.369498163461685181e-01
2.238255143165588379e-01
3.492968678474426270e-01
