6.525278091430664062e-02 4.223033189773559570e-01 2.960970699787139893e-01 -4.161693453788757324e-01 5.119095444679260254e-01 2.110281139612197876e-01 1.458371281623840332e-01 -3.062664344906806946e-02 2.953937053680419922e-01 1.554471701383590698e-01 4.208177030086517334e-01 -3.665960580110549927e-02 1.397518813610076904e-01 2.311571538448333740e-01 -3.096364140510559082e-01 2.492955625057220459e-01 -4.370914995670318604e-01 -4.118063449859619141e-01 3.158599138259887695e-01 6.759883463382720947e-02 -4.196125864982604980e-01 -9.163147956132888794e-02 -1.312062330543994904e-02 5.318604782223701477e-02 -1.445623207837343216e-02 -2.635509967803955078e-01 3.441253006458282471e-01 1.434310078620910645e-01 3.290231525897979736e-01 6.132781878113746643e-02 6.572451442480087280e-02 8.536399900913238525e-02 2.110854536294937134e-01 -3.255630284547805786e-02 2.498881816864013672e-01 -1.777610331773757935e-01 -3.643483519554138184e-01 -4.390418156981468201e-02 1.076185405254364014e-01 3.175015449523925781e-01 1.827715635299682617e-01 -7.197220325469970703e-01 1.442566961050033569e-01 6.269226074218750000e-01 3.734591305255889893e-01 -3.750731945037841797e-01 1.430384218692779541e-01 -3.009558096528053284e-02 2.600460685789585114e-02 -1.349828988313674927e-01 2.778538465499877930e-01 2.253101319074630737e-01 1.596727520227432251e-01 9.742525964975357056e-02 2.125383317470550537e-01 1.769344359636306763e-01 1.912381500005722046e-01 1.412442792207002640e-02 3.116292357444763184e-01 -1.984675824642181396e-01 -2.400365471839904785e-01 1.127298921346664429e-01 1.231894642114639282e-01 2.548811435699462891e-01
1.658404767513275146e-01 4.310160875320434570e-01 1.729906797409057617e-01 -4.462895691394805908e-01 2.977991998195648193e-01 1.918160468339920044e-01 1.771319061517715454e-01 1.854684948921203613e-01 3.387193679809570312e-01 1.251634061336517334e-01 4.436531066894531250e-01 -1.983841136097908020e-02 2.142783403396606445e-01 8.641010522842407227e-02 -3.828049898147583008e-01 1.211774796247482300e-01 -5.206869840621948242e-01 -4.542508721351623535e-01 4.400903582572937012e-01 6.096547842025756836e-02 -3.666985630989074707e-01 1.613917052745819092e-01 -5.735700950026512146e-02 7.962991297245025635e-02 1.407067328691482544e-01 -2.388826906681060791e-01 3.586336672306060791e-01 2.308076173067092896e-01 3.318655490875244141e-01 2.383069694042205811e-01 1.214841231703758240e-01 2.270984202623367310e-01 2.227882295846939087e-01 -1.315013617277145386e-01 2.539176344871520996e-01 -1.327898651361465454e-01 -4.856102466583251953e-01 1.100065559148788452e-02 1.647858023643493652e-01 1.913658231496810913e-01 1.884116381406784058e-01 -6.322087049484252930e-01 1.484637707471847534e-01 6.401108503341674805e-01 3.096715211868286133e-01 -4.832193553447723389e-01 3.549070656299591064e-01 -8.629604429006576538e-02 7.476703822612762451e-02 -2.265591174364089966e-01 3.402743637561798096e-01 7.307538390159606934e-02 1.470510363578796387e-01 1.100624948740005493e-01 1.137383654713630676e-01 -3.458978608250617981e-02 2.054618149995803833e-01 8.750680834054946899e-02 2.646665573120117188e-01 -1.968401521444320679e-01 -3.309344947338104248e-01 5.060754716396331787e-02 2.201291359961032867e-02 2.795920670032501221e-01
1.646169573068618774e-01 3.389296531677246094e-01 2.726491391658782959e-01 -3.519926369190216064e-01 4.119112491607666016e-01 1.635310947895050049e-01 2.371193170547485352e-01 1.974600180983543396e-02 1.756916046142578125e-01 1.382565349340438843e-01 4.111179709434509277e-01 1.068535670638084412e-01 3.480240106582641602e-01 8.207946084439754486e-03 -2.414606511592864990e-01 1.578638553619384766e-01 -4.000458419322967529e-01 -5.338927507400512695e-01 3.237349987030029297e-01 -6.590665876865386963e-02 -3.321766257286071777e-01 1.043139100074768066e-01 -1.329527050256729126e-01 4.094928875565528870e-02 1.347030401229858398e-01 -2.164181470870971680e-01 4.626915454864501953e-01 2.475889027118682861e-01 2.675450742244720459e-01 2.247064113616943359e-01 9.201254695653915405e-02 2.225233763456344604e-01 1.416806429624557495e-01 -2.104386687278747559e-01 2.640987038612365723e-01 -2.164174318313598633e-01 -4.446094930171966553e-01 1.913711726665496826e-01 3.158232867717742920e-01 1.841656416654586792e-01 1.630990058183670044e-01 -7.685468196868896484e-01 3.527991175651550293e-01 5.422140359878540039e-01 4.898636341094970703e-01 -3.201847970485687256e-01 3.110226392745971680e-01 -8.510064333677291870e-02 -2.464237250387668610e-02 -2.866553366184234619e-01 1.493999809026718140e-01 5.462964251637458801e-02 -1.265705842524766922e-02 2.937729954719543457e-01 2.237022072076797485e-01 6.538166105747222900e-02 1.854579746723175049e-01 5.214818753302097321e-03 1.679353415966033936e-01 -2.773233354091644287e-01 -2.247254401445388794e-01 1.071110144257545471e-01 -2.317102439701557159e-02 2.096917331218719482e-01
1.289100348949432373e-01 4.445298612117767334e-01 1.459369659423828125e-01 -4.352332055568695068e-01 3.612085580825805664e-01 9.557306021451950073e-02 1.693301349878311157e-01 1.605497896671295166e-01 2.526485025882720947e-01 3.657935559749603271e-02 3.040671348571777344e-01 3.116301819682121277e-02 1.402874737977981567e-01 1.540146954357624054e-02 -3.270645439624786377e-01 2.602420449256896973e-01 -4.262481331825256348e-01 -4.921327531337738037e-01 3.704567253589630127e-01 -5.776848644018173218e-02 -4.339832067489624023e-01 1.355412006378173828e-01 8.892436325550079346e-02 -2.670168643817305565e-03 4.722841456532478333e-02 -3.053600192070007324e-01 3.205541968345642090e-01 2.782450020313262939e-01 1.494731903076171875e-01 2.471730299293994904e-02 2.456073909997940063e-01 1.813548058271408081e-01 1.447265297174453735e-01 -4.155176877975463867e-02 2.497525066137313843e-01 -2.442500740289688110e-01 -3.691973388195037842e-01 2.452322393655776978e-01 2.396508008241653442e-01 2.177847325801849365e-01 3.699943721294403076e-01 -7.242479920387268066e-01 1.732252985239028931e-01 7.116929888725280762e-01 4.918671548366546631e-01 -3.655083179473876953e-01 3.020403683185577393e-01 -1.133195832371711731e-01 8.943218737840652466e-02 -1.286601275205612183e-01 2.158489972352981567e-01 2.092466652393341064e-01 5.807178560644388199e-03 3.240797221660614014e-01 2.568816542625427246e-01 -2.525801956653594971e-02 1.887510418891906738e-01 3.882800415158271790e-02 3.417410254478454590e-01 -3.036862313747406006e-01 -3.478147983551025391e-01 2.676503062248229980e-01 -8.116872608661651611e-02 1.804486364126205444e-01
2.951213158667087555e-02 5.981631204485893250e-02 -1.040817890316247940e-02 5.169144272804260254e-01 8.258514851331710815e-02 8.495067805051803589e-02 1.704984158277511597e-01 -9.621529281139373779e-02 5.973530188202857971e-02 -2.163200825452804565e-01 -7.313705235719680786e-02 3.198950290679931641e-01 1.453480422496795654e-01 2.062706053256988525e-01 4.198437035083770752e-01 3.515586256980895996e-01 1.799501925706863403e-01 5.288001894950866699e-01 9.034117311239242554e-02 1.513897776603698730e-01 3.692542910575866699e-01 -1.601278781890869141e-01 -3.895036876201629639e-01 -2.540393173694610596e-01 -1.311919927597045898e+00 4.742221832275390625e-01 -1.496039982885122299e-02 3.186059892177581787e-01 3.676339685916900635e-01 -3.052916936576366425e-02 -2.198144793510437012e-02 -3.474747836589813232e-01 1.586129069328308105e-01 3.120965659618377686e-01 -9.093274921178817749e-02 1.765090078115463257e-01 3.823535740375518799e-01 -5.402030944824218750e-01 1.432101428508758545e-01 -1.316605359315872192e-01 3.683314025402069092e-01 5.908033251762390137e-01 9.977656602859497070e-02 -1.630709022283554077e-01 2.058020085096359253e-01 3.290170729160308838e-01 2.431940287351608276e-01 -3.416030108928680420e-01 -1.625035405158996582e-01 2.683339416980743408e-01 1.659258306026458740e-01 8.738145977258682251e-02 2.001854330301284790e-01 -1.282813865691423416e-02 1.991618573665618896e-01 -3.958687186241149902e-03 3.057808801531791687e-02 -6.747657060623168945e-01 1.846043616533279419e-01 5.670228600502014160e-01 -3.006209135055541992e-01 5.325170233845710754e-02 2.257608622312545776e-01 6.796000152826309204e-02
3.585990071296691895e-01 1.028788015246391296e-01 5.826657637953758240e-02 5.699222683906555176e-01 2.870041429996490479e-01 4.919743910431861877e-02 1.620494872331619263e-01 -9.740798175334930420e-02 -5.982454121112823486e-02 -1.431394927203655243e-02 -6.287951022386550903e-02 2.318785190582275391e-01 9.110816568136215210e-02 2.232665419578552246e-01 3.569967150688171387e-01 3.450644612312316895e-01 4.134276509284973145e-01 5.428983569145202637e-01 3.061711192131042480e-01 6.153859570622444153e-02 9.124780297279357910e-01 -5.498394370079040527e-03 -4.595394134521484375e-01 -2.389641553163528442e-01 -1.275075197219848633e+00 7.420560121536254883e-01 -6.827533245086669922e-02 2.534298896789550781e-01 1.579283922910690308e-01 1.305177807807922363e-01 1.690015047788619995e-01 -1.345198273658752441e+00 5.600962042808532715e-02 2.761505544185638428e-01 -1.326742023229598999e-01 3.385191559791564941e-01 3.598251938819885254e-01 -9.348177313804626465e-01 1.418596506118774414e-01 -8.652370423078536987e-02 3.197767436504364014e-01 8.261374831199645996e-01 2.196854539215564728e-02 -1.161579489707946777e+00 1.084744036197662354e-01 2.109922468662261963e-01 2.843709290027618408e-01 -2.295853644609451294e-01 -2.801586128771305084e-02 -2.649595737457275391e-01 1.798547655344009399e-01 1.456172615289688110e-01 -1.241188496351242065e-01 -1.018823459744453430e-01 2.590585052967071533e-01 1.588556170463562012e-01 -6.851398944854736328e-02 -1.139549136161804199e+00 2.173253893852233887e-01 5.529587864875793457e-01 -5.226477980613708496e-01 2.499260753393173218e-02 1.519114524126052856e-01 1.150554418563842773e-01
1.721023470163345337e-01 3.360006511211395264e-01 1.413816213607788086e-01 -4.345369935035705566e-01 4.513379037380218506e-01 1.195342317223548889e-01 3.007218539714813232e-01 1.686298698186874390e-01 1.402073353528976440e-01 2.064743041992187500e-01 4.115177690982818604e-01 -7.084549963474273682e-02 3.168187737464904785e-01 5.176613479852676392e-02 -3.726413547992706299e-01 2.982403934001922607e-01 -5.206388235092163086e-01 -4.551140069961547852e-01 3.899168968200683594e-01 1.956452801823616028e-02 -3.074810504913330078e-01 -6.205041334033012390e-02 -5.134788155555725098e-02 2.318162322044372559e-01 2.154833525419235229e-01 -1.780159473419189453e-01 3.699562251567840576e-01 1.383060663938522339e-01 1.153756380081176758e-01 8.071332424879074097e-02 1.866999119520187378e-01 1.997966617345809937e-01 2.439810931682586670e-01 -2.278781533241271973e-01 1.025402992963790894e-01 -2.463423013687133789e-01 -2.909402251243591309e-01 1.065379679203033447e-01 1.324665546417236328e-01 1.953491717576980591e-01 2.745224833488464355e-01 -7.224658727645874023e-01 3.693158626556396484e-01 5.080621838569641113e-01 5.065941214561462402e-01 -4.650861620903015137e-01 1.903235167264938354e-01 -2.554924041032791138e-02 -5.751893669366836548e-02 -1.816131472587585449e-01 2.324205487966537476e-01 2.473434507846832275e-01 1.400736421346664429e-01 2.077992260456085205e-01 2.690817415714263916e-01 1.729251742362976074e-01 1.214322745800018311e-01 5.228341370820999146e-02 2.157715559005737305e-01 -1.852592229843139648e-01 -3.032819032669067383e-01 1.382797211408615112e-01 -4.224640503525733948e-02 1.122194677591323853e-01
2.175403684377670288e-01 3.921442925930023193e-01 2.133099287748336792e-01 -3.127947151660919189e-01 4.304099082946777344e-01 9.260545670986175537e-02 2.479843795299530029e-01 2.073104679584503174e-01 3.701072633266448975e-01 1.985186338424682617e-01 3.492225706577301025e-01 6.170256063342094421e-02 2.289941459894180298e-01 1.232365220785140991e-01 -1.861660927534103394e-01 1.033517345786094666e-01 -3.205361366271972656e-01 -4.964162707328796387e-01 3.818151056766510010e-01 5.595552921295166016e-02 -3.645842075347900391e-01 9.973497129976749420e-03 3.746612928807735443e-03 1.801311820745468140e-01 2.001006007194519043e-01 -2.251920849084854126e-01 4.101597070693969727e-01 3.214347958564758301e-01 3.343866765499114990e-01 1.187851205468177795e-01 8.049906790256500244e-02 1.459349840879440308e-01 2.589258849620819092e-01 -3.934967145323753357e-02 6.038585305213928223e-02 -2.989852130413055420e-01 -3.375265002250671387e-01 2.669443935155868530e-02 1.527925282716751099e-01 3.315197229385375977e-01 1.887544244527816772e-01 -7.161270380020141602e-01 3.643361330032348633e-01 5.222048163414001465e-01 4.523444771766662598e-01 -4.160516858100891113e-01 1.761882007122039795e-01 1.203573197126388550e-01 -1.776940561830997467e-02 -1.383792012929916382e-01 2.732134759426116943e-01 1.070598438382148743e-01 -3.045715391635894775e-02 2.516025304794311523e-01 1.469483524560928345e-01 8.435353636741638184e-02 1.388210356235504150e-01 1.818541884422302246e-01 1.615371704101562500e-01 -2.585459649562835693e-01 -1.686842590570449829e-01 8.329135179519653320e-02 1.400005966424942017e-01 2.901129126548767090e-01
1.128413975238800049e-01 4.305919408798217773e-01 1.829681396484375000e-01 -4.299514293670654297e-01 4.848217070102691650e-01 2.063127458095550537e-01 3.485895097255706787e-01 1.261476278305053711e-01 2.968913614749908447e-01 4.043279215693473816e-02 3.259237706661224365e-01 2.551063895225524902e-02 1.409452855587005615e-01 8.983159065246582031e-02 -2.900563180446624756e-01 3.475307226181030273e-01 -3.792844712734222412e-01 -4.666970074176788330e-01 2.272580862045288086e-01 -2.677375450730323792e-02 -4.716506302356719971e-01 9.106861799955368042e-02 -4.496472701430320740e-02 1.363915354013442993e-01 1.694626808166503906e-01 -3.020184934139251709e-01 2.501088082790374756e-01 1.916530281305313110e-01 2.004816532135009766e-01 1.748035550117492676e-01 2.932431101799011230e-01 2.121172249317169189e-01 2.518216967582702637e-01 -1.722745001316070557e-01 7.610548287630081177e-02 -2.515569329261779785e-01 -3.244548439979553223e-01 1.143416017293930054e-02 2.902261018753051758e-01 2.067818343639373779e-01 2.472585737705230713e-01 -7.462824583053588867e-01 3.376482129096984863e-01 5.211991071701049805e-01 3.399918377399444580e-01 -4.524186253547668457e-01 3.504702746868133545e-01 4.644053801894187927e-02 -2.627417561598122120e-04 -2.538611292839050293e-01 3.700020015239715576e-01 2.365478724241256714e-01 -1.439428050071001053e-02 1.042745038866996765e-01 2.729529440402984619e-01 1.050979420542716980e-01 2.199407070875167847e-01 1.526778340339660645e-01 2.676165699958801270e-01 -2.860279381275177002e-01 -2.649042606353759766e-01 1.280690431594848633e-01 5.778994411230087280e-02 2.953037917613983154e-01
1.276771873235702515e-01 -6.235139444470405579e-02 2.358068153262138367e-02 4.431408643722534180e-01 5.900465697050094604e-02 4.490236192941665649e-02 1.287735998630523682e-01 -4.847985506057739258e-02 1.018807664513587952e-01 -3.603627160191535950e-02 -1.762598194181919098e-02 3.531751930713653564e-01 2.713624238967895508e-01 1.549005508422851562e-01 2.615787982940673828e-01 8.435156941413879395e-02 1.317394524812698364e-01 4.010788500308990479e-01 1.332953572273254395e-01 1.647868938744068146e-02 5.879535079002380371e-01 -1.697836816310882568e-01 -2.198920249938964844e-01 -2.044914811849594116e-01 -1.188725948333740234e+00 5.415331125259399414e-01 -5.457311868667602539e-02 3.097959756851196289e-01 2.011558115482330322e-01 7.008609175682067871e-02 2.404585853219032288e-02 -3.388772606849670410e-01 1.825408190488815308e-01 2.042644321918487549e-01 2.723626978695392609e-02 2.253857851028442383e-01 3.455843031406402588e-01 -5.925056338310241699e-01 -4.653106629848480225e-02 -7.829222083091735840e-02 1.860425323247909546e-01 5.532726645469665527e-01 -4.531795904040336609e-02 -3.636144697666168213e-01 1.021916270256042480e-01 3.511798381805419922e-01 8.152481168508529663e-02 -1.997614800930023193e-01 -3.580978140234947205e-02 1.883475482463836670e-01 1.828218996524810791e-01 8.609413355588912964e-02 2.199231386184692383e-01 -6.993355695158243179e-03 9.941127896308898926e-02 -1.420412510633468628e-01 1.702900510281324387e-03 -7.789300084114074707e-01 1.981201767921447754e-01 3.009752035140991211e-01 -2.181172221899032593e-01 8.556488156318664551e-02 4.331862181425094604e-02 5.056739971041679382e-02
1.328023374080657959e-01 3.351769745349884033e-01 1.322281211614608765e-01 -4.908651113510131836e-01 2.441635727882385254e-01 1.171885728836059570e-01 2.534066140651702881e-01 9.149404615163803101e-02 2.207305580377578735e-01 1.183282807469367981e-01 2.594919204711914062e-01 7.390660792589187622e-02 5.981367826461791992e-02 2.195971906185150146e-01 -2.298463582992553711e-01 3.049725592136383057e-01 -5.000815391540527344e-01 -3.225158154964447021e-01 2.361287325620651245e-01 3.984994813799858093e-02 -2.264026999473571777e-01 1.614107340574264526e-01 -1.179860830307006836e-01 1.120654493570327759e-01 5.427750200033187866e-02 -2.637196481227874756e-01 4.050779938697814941e-01 2.466837316751480103e-01 1.274694502353668213e-01 3.163686022162437439e-02 4.526219889521598816e-02 2.455704510211944580e-01 7.654923945665359497e-02 -1.331665664911270142e-01 2.445141971111297607e-01 -3.071888089179992676e-01 -4.789984524250030518e-01 1.066983211785554886e-02 2.379761338233947754e-01 1.324003487825393677e-01 1.389135569334030151e-01 -6.244004368782043457e-01 1.443775445222854614e-01 4.729787707328796387e-01 4.376555681228637695e-01 -4.131196439266204834e-01 1.371617913246154785e-01 -1.074456423521041870e-01 1.147579327225685120e-01 -2.393827587366104126e-01 1.891465634107589722e-01 2.277469485998153687e-01 -2.263865619897842407e-02 2.539012730121612549e-01 2.069395482540130615e-01 2.308138273656368256e-02 5.701601970940828323e-03 -6.651257164776325226e-03 1.626386642456054688e-01 -3.935860395431518555e-01 -3.360311985015869141e-01 5.974440276622772217e-02 -8.258816599845886230e-02 2.394194006919860840e-01
3.569638729095458984e-01 -1.970422118902206421e-01 9.766909480094909668e-02 5.190032720565795898e-01 -8.901892602443695068e-02 1.256773620843887329e-01 9.155296534299850464e-02 -8.595622330904006958e-02 -1.164091844111680984e-02 -4.870341718196868896e-02 5.068663135170936584e-02 1.191507745534181595e-02 3.250593319535255432e-02 1.218998134136199951e-01 3.586518168449401855e-01 1.025668382644653320e-01 1.006560549139976501e-01 3.631664216518402100e-01 7.757264375686645508e-02 -2.068327665328979492e-01 -5.365047454833984375e-01 -2.799752540886402130e-02 -1.494765728712081909e-01 -1.615173220634460449e-01 -1.202843904495239258e+00 4.266877472400665283e-01 -1.081148609519004822e-01 2.767030894756317139e-01 -5.891857668757438660e-02 6.225793622434139252e-03 1.628582477569580078e-01 -1.026770830154418945e+00 -8.025182783603668213e-02 1.151642352342605591e-01 -7.181751728057861328e-02 3.977080285549163818e-01 3.349855244159698486e-01 -9.697360992431640625e-01 1.448735296726226807e-01 1.320379227399826050e-01 2.889881730079650879e-01 7.176777124404907227e-01 -6.944329291582107544e-02 -1.954817533493041992e+00 -1.228234693408012390e-01 3.227582573890686035e-01 3.122967481613159180e-01 -7.660786062479019165e-02 1.990616619586944580e-01 -2.313327193260192871e-01 -3.894087299704551697e-02 1.603597849607467651e-01 -4.918181300163269043e-01 -2.600874006748199463e-01 -5.677789077162742615e-02 3.124190866947174072e-01 8.187638968229293823e-02 -1.237213492393493652e+00 8.269552886486053467e-02 3.292539119720458984e-01 -1.818391680717468262e-01 1.053317338228225708e-01 -2.092227637767791748e-01 5.332864355295896530e-03
1.859183758497238159e-01 4.648144841194152832e-01 2.563468813896179199e-01 -3.622064590454101562e-01 4.722844660282135010e-01 1.645112931728363037e-01 3.559729456901550293e-01 1.168483495712280273e-01 2.679561376571655273e-01 3.368434682488441467e-02 3.909720778465270996e-01 -8.890432119369506836e-02 1.109829545021057129e-01 2.178900837898254395e-01 -2.112510949373245239e-01 2.699993550777435303e-01 -4.278173446655273438e-01 -3.416391611099243164e-01 3.463758528232574463e-01 8.156035840511322021e-02 -2.795163393020629883e-01 -1.079682633280754089e-01 -1.537379063665866852e-02 1.579813510179519653e-01 1.618167906999588013e-01 -2.478424906730651855e-01 2.724371850490570068e-01 1.696531325578689575e-01 1.995520591735839844e-01 1.333810091018676758e-01 2.213557362556457520e-01 2.095517516136169434e-01 2.847793884575366974e-02 -3.815328702330589294e-02 1.597254127264022827e-01 -1.975743472576141357e-01 -5.057396888732910156e-01 1.859939470887184143e-02 3.148126900196075439e-01 2.777810096740722656e-01 2.112452089786529541e-01 -6.939994096755981445e-01 1.667178273200988770e-01 5.409624576568603516e-01 2.917048931121826172e-01 -3.337194025516510010e-01 2.944301962852478027e-01 -7.682484388351440430e-02 -2.901570312678813934e-02 -1.398180723190307617e-01 3.558475077152252197e-01 2.913559377193450928e-01 -5.404547601938247681e-02 1.883252412080764771e-01 1.096731275320053101e-01 1.451228708028793335e-01 4.148344323039054871e-02 -4.206381365656852722e-02 3.314232230186462402e-01 -3.826299011707305908e-01 -2.928208410739898682e-01 2.366697788238525391e-01 4.765824228525161743e-02 1.068367883563041687e-01
4.771158844232559204e-02 4.234671890735626221e-01 1.162881776690483093e-01 -5.697151422500610352e-01 5.086992383003234863e-01 2.157241553068161011e-01 2.708904743194580078e-01 1.259448528289794922e-01 2.487378418445587158e-01 1.496185269206762314e-02 2.336089164018630981e-01 -1.040405035018920898e-01 1.811317652463912964e-01 1.258113682270050049e-01 -2.663208842277526855e-01 8.191641420125961304e-02 -4.407035708427429199e-01 -4.316838085651397705e-01 1.885219365358352661e-01 1.278607249259948730e-01 -2.994000613689422607e-01 1.199056506156921387e-01 -1.235156506299972534e-01 1.033898293972015381e-01 1.851707845926284790e-01 -3.898444473743438721e-01 4.068698883056640625e-01 1.071843355894088745e-01 3.084232509136199951e-01 2.426862865686416626e-01 1.893333196640014648e-01 1.364886164665222168e-01 1.019478663802146912e-01 -9.548652172088623047e-02 2.172765582799911499e-01 -3.492764830589294434e-01 -3.217552006244659424e-01 -3.201268240809440613e-02 1.374814212322235107e-01 3.021023571491241455e-01 1.413324475288391113e-01 -5.863065123558044434e-01 2.212145328521728516e-01 5.113865733146667480e-01 4.192967712879180908e-01 -3.480482995510101318e-01 1.544727832078933716e-01 -1.142673790454864502e-01 -3.644261136651039124e-02 -1.403131335973739624e-01 2.229357212781906128e-01 8.719848096370697021e-02 1.403730083256959915e-02 1.325689405202865601e-01 1.380709856748580933e-01 8.237858302891254425e-03 2.221062481403350830e-01 6.681109219789505005e-02 2.090196907520294189e-01 -2.480340301990509033e-01 -3.815442323684692383e-01 2.280185222625732422e-01 5.341340973973274231e-02 3.201407790184020996e-01
2.804161608219146729e-01 3.601831495761871338e-01 2.659536898136138916e-01 -4.714530706405639648e-01 5.182214379310607910e-01 1.702141314744949341e-01 1.736686825752258301e-01 4.726380109786987305e-02 3.310499787330627441e-01 1.366208046674728394e-01 4.406204521656036377e-01 -8.050920069217681885e-02 2.493811100721359253e-01 2.687403559684753418e-02 -2.278131991624832153e-01 8.849433809518814087e-02 -4.525394439697265625e-01 -3.727155327796936035e-01 2.158752977848052979e-01 9.107046574354171753e-02 -2.339274883270263672e-01 1.443313551135361195e-03 -1.462865173816680908e-01 8.938383311033248901e-03 2.562544941902160645e-01 -3.773360252380371094e-01 2.199198901653289795e-01 1.647334247827529907e-01 3.440086841583251953e-01 2.069013565778732300e-01 1.749105304479598999e-01 2.548297345638275146e-01 2.379744946956634521e-01 -1.254953630268573761e-02 5.918381735682487488e-02 -2.871083319187164307e-01 -4.783847630023956299e-01 1.305139958858489990e-01 2.399968355894088745e-01 2.065513134002685547e-01 3.274259269237518311e-01 -7.181821465492248535e-01 1.753670871257781982e-01 6.651134490966796875e-01 3.496791720390319824e-01 -4.021321833133697510e-01 3.314499855041503906e-01 -8.363649994134902954e-02 7.517851144075393677e-02 -7.735037058591842651e-02 3.680539429187774658e-01 8.347452431917190552e-02 1.113328933715820312e-01 2.225778400897979736e-01 1.965088844299316406e-01 1.195947080850601196e-02 5.754718557000160217e-02 1.856068819761276245e-01 2.668711543083190918e-01 -2.327378690242767334e-01 -1.268464177846908569e-01 1.213418468832969666e-01 -1.002999022603034973e-01 1.539973020553588867e-01
-1.344615817070007324e-01 -2.306445837020874023e-01 -2.627470716834068298e-02 3.390946388244628906e-01 -9.510205686092376709e-02 -8.463965356349945068e-02 -1.156439185142517090e-01 4.172829166054725647e-02 2.345173805952072144e-02 4.413073882460594177e-02 1.853738166391849518e-02 -8.170329779386520386e-02 -9.004490077495574951e-02 -8.878660202026367188e-02 2.511351108551025391e-01 -3.164465129375457764e-01 2.829925417900085449e-01 2.853770256042480469e-01 -1.085721254348754883e-01 9.201478958129882812e-02 3.007222712039947510e-01 -2.854413986206054688e-01 -2.862815372645854950e-02 1.238304469734430313e-02 -3.737836778163909912e-01 2.061701416969299316e-01 -2.235711514949798584e-01 -6.997092068195343018e-02 -9.398975223302841187e-02 5.385161191225051880e-02 9.349227696657180786e-02 -2.050165832042694092e-01 -3.583349660038948059e-02 -6.061764433979988098e-02 -6.265993416309356689e-02 3.118916451930999756e-01 4.822910726070404053e-01 -9.313187561929225922e-03 8.716497570276260376e-02 5.866006389260292053e-02 -1.432562023401260376e-01 6.702650189399719238e-01 2.450881712138652802e-02 -5.358823537826538086e-01 -6.987407803535461426e-02 2.469116151332855225e-01 -3.570633381605148315e-02 2.580537796020507812e-01 1.164087206125259399e-01 2.088807523250579834e-01 3.386851027607917786e-02 -4.416549205780029297e-02 -5.435132235288619995e-02 -1.362966150045394897e-01 -2.351918220520019531e-01 -5.420027673244476318e-02 1.086542010307312012e-01 -1.583759635686874390e-01 -2.610343396663665771e-01 2.102496922016143799e-01 2.202674597501754761e-01 4.260370135307312012e-02 -1.634811013936996460e-01 -1.437764335423707962e-02
7.983653992414474487e-02 4.100506901741027832e-01 1.500181704759597778e-01 -2.936352789402008057e-01 3.130913078784942627e-01 1.464058011770248413e-01 3.129319548606872559e-01 5.392062664031982422e-02 2.029578536748886108e-01 1.024356633424758911e-01 3.232911825180053711e-01 6.731888279318809509e-03 3.216042816638946533e-01 9.457460045814514160e-02 -2.740477621555328369e-01 1.490692645311355591e-01 -2.874363362789154053e-01 -3.892399072647094727e-01 4.323906600475311279e-01 7.650288194417953491e-02 -3.448174893856048584e-01 -3.733895719051361084e-02 2.427577972412109375e-02 3.651712834835052490e-02 9.521371126174926758e-02 -3.404794335365295410e-01 3.782702684402465820e-01 1.302537769079208374e-01 1.181079670786857605e-01 2.455493360757827759e-01 1.317875087261199951e-01 1.551711261272430420e-01 1.936521828174591064e-01 3.944810479879379272e-02 1.988435238599777222e-01 -2.656543552875518799e-01 -3.473447263240814209e-01 5.950974300503730774e-02 2.332521826028823853e-01 2.433665394783020020e-01 2.888827025890350342e-01 -5.428255796432495117e-01 2.059936374425888062e-01 5.478152632713317871e-01 4.353935420513153076e-01 -2.399515062570571899e-01 2.472241371870040894e-01 5.245888233184814453e-02 5.488999560475349426e-02 -5.921844765543937683e-02 1.797328144311904907e-01 2.833007574081420898e-01 1.525828540325164795e-01 2.694686651229858398e-01 1.704363822937011719e-01 1.960404664278030396e-01 1.824364997446537018e-02 1.669418811798095703e-01 1.674157530069351196e-01 -1.042780727148056030e-01 -2.669098079204559326e-01 1.623990535736083984e-01 1.299834102392196655e-01 3.414440155029296875e-01
2.081982493400573730e-01 3.038540184497833252e-01 2.546694576740264893e-01 -4.066722095012664795e-01 4.767327308654785156e-01 1.577408015727996826e-01 2.189256548881530762e-01 2.069475203752517700e-01 1.824195384979248047e-01 1.005765125155448914e-01 4.260596632957458496e-01 -1.057434082031250000e-01 2.492550164461135864e-01 8.867195248603820801e-02 -3.683939874172210693e-01 1.390251964330673218e-01 -4.760976433753967285e-01 -4.296994507312774658e-01 2.983677983283996582e-01 1.049660295248031616e-01 -4.136598408222198486e-01 1.028221473097801208e-01 -1.496298331767320633e-02 1.205685958266258240e-01 7.492428272962570190e-02 -4.045650064945220947e-01 4.622628390789031982e-01 2.904612421989440918e-01 3.593059778213500977e-01 5.616682767868041992e-02 1.782518923282623291e-01 7.906628400087356567e-02 4.059889540076255798e-02 -1.956134289503097534e-01 2.455101609230041504e-01 -2.698010504245758057e-01 -4.673947095870971680e-01 1.370903849601745605e-01 1.691022068262100220e-01 3.362102806568145752e-01 2.716081440448760986e-01 -6.838971376419067383e-01 3.755103051662445068e-01 6.755816340446472168e-01 5.007008910179138184e-01 -2.779585123062133789e-01 3.004801869392395020e-01 7.102245092391967773e-02 -4.065031930804252625e-02 -1.259609609842300415e-01 2.041006386280059814e-01 1.981196552515029907e-01 4.781685024499893188e-02 1.848196089267730713e-01 2.076825499534606934e-01 1.653266996145248413e-01 2.135877758264541626e-01 -1.682096719741821289e-02 3.828682005405426025e-01 -3.306902647018432617e-01 -2.200685888528823853e-01 2.633538842201232910e-01 -1.327567361295223236e-02 1.799874156713485718e-01
1.142263114452362061e-01 4.192442297935485840e-01 1.448360681533813477e-01 -5.326016545295715332e-01 3.755776286125183105e-01 1.237731799483299255e-01 2.042614668607711792e-01 2.618428878486156464e-02 3.256361186504364014e-01 2.750020660459995270e-02 3.209574222564697266e-01 4.999366030097007751e-02 2.695707976818084717e-01 1.183688789606094360e-01 -3.685294389724731445e-01 4.711999371647834778e-02 -4.177882373332977295e-01 -3.155739605426788330e-01 4.097492098808288574e-01 4.922161251306533813e-02 -2.520506381988525391e-01 2.116549760103225708e-02 -1.222729757428169250e-01 1.918555796146392822e-02 -1.132595352828502655e-02 -3.228616714477539062e-01 4.266443550586700439e-01 1.356272250413894653e-01 1.953841894865036011e-01 1.800537854433059692e-01 1.277859508991241455e-01 2.674304544925689697e-01 7.487071305513381958e-02 -6.777024269104003906e-02 2.328950464725494385e-01 -2.672464251518249512e-01 -3.597406148910522461e-01 1.719682365655899048e-01 2.456251084804534912e-01 1.973208636045455933e-01 2.193062305450439453e-01 -7.721503973007202148e-01 1.858762204647064209e-01 5.018027424812316895e-01 4.067107439041137695e-01 -3.807395994663238525e-01 3.693940043449401855e-01 9.462727233767509460e-03 -5.278521403670310974e-02 -2.468273937702178955e-01 2.863576114177703857e-01 1.409185379743576050e-01 1.713678799569606781e-02 1.692884415388107300e-01 2.221141457557678223e-01 1.142678558826446533e-01 -7.010517176240682602e-03 1.259735673666000366e-01 1.879286915063858032e-01 -3.349826931953430176e-01 -1.778827756643295288e-01 2.048626244068145752e-01 -2.078640088438987732e-02 1.644967794418334961e-01
1.935816556215286255e-01 7.795586436986923218e-02 1.747545786201953888e-02 5.025595426559448242e-01 1.882910281419754028e-01 7.376547902822494507e-02 1.729079186916351318e-01 -2.725380957126617432e-01 1.815042048692703247e-01 -6.959794461727142334e-02 2.075570076704025269e-01 3.367015123367309570e-01 3.078629374504089355e-01 1.466965675354003906e-01 5.048353672027587891e-01 1.831936836242675781e-01 3.524029850959777832e-01 5.322026610374450684e-01 3.235230743885040283e-01 1.867419332265853882e-01 5.055029392242431641e-01 6.971214711666107178e-02 -3.746336698532104492e-01 -2.689448297023773193e-01 -1.339182257652282715e+00 4.277113080024719238e-01 -8.389902114868164062e-02 3.456692993640899658e-01 2.588646411895751953e-01 3.126919269561767578e-02 -1.412756089121103287e-02 -3.203010559082031250e-01 3.154693543910980225e-01 1.270737349987030029e-01 1.143453642725944519e-01 3.065197765827178955e-01 3.629423379898071289e-01 -5.685245394706726074e-01 -1.047610715031623840e-01 -1.033042445778846741e-01 3.918584287166595459e-01 3.130600154399871826e-01 -6.536652892827987671e-02 -7.076602429151535034e-02 3.087370656430721283e-03 3.045598566532135010e-01 2.034745365381240845e-01 -4.803819656372070312e-01 -3.401335775852203369e-01 2.400548905134201050e-01 2.341429144144058228e-01 -1.073825806379318237e-01 -3.282949328422546387e-02 -4.893937613815069199e-03 1.740481704473495483e-01 3.180833533406257629e-02 -1.968174725770950317e-01 -6.983054876327514648e-01 1.488044112920761108e-01 5.055441856384277344e-01 -7.084120512008666992e-01 1.824723482131958008e-01 -7.300271652638912201e-03 2.270383536815643311e-01
2.373271882534027100e-01 4.137557372450828552e-02 8.871969580650329590e-02 3.187008798122406006e-01 2.997638881206512451e-01 2.290104776620864868e-01 1.884241588413715363e-02 -1.697338223457336426e-01 8.521810919046401978e-02 -1.022205203771591187e-01 2.303569205105304718e-02 3.522273600101470947e-01 1.480794847011566162e-01 3.652303218841552734e-01 3.927862942218780518e-01 2.672161459922790527e-01 3.377897739410400391e-01 5.504937767982482910e-01 2.396556884050369263e-01 6.035923026502132416e-03 8.355489373207092285e-01 -4.545876756310462952e-02 -4.841853678226470947e-01 -2.562946379184722900e-01 -1.286234974861145020e+00 5.443914532661437988e-01 5.921106785535812378e-02 2.035842239856719971e-01 3.989609777927398682e-01 1.211460456252098083e-01 2.215914428234100342e-01 -1.323102712631225586e+00 1.194050684571266174e-01 2.022800743579864502e-01 -3.306100890040397644e-02 3.816270232200622559e-01 5.121296048164367676e-01 -9.528913497924804688e-01 -3.016371093690395355e-02 -1.240940392017364502e-01 1.902081519365310669e-01 6.543304324150085449e-01 1.219177991151809692e-02 -1.013317704200744629e+00 1.979251652956008911e-01 3.109083771705627441e-01 4.033345282077789307e-01 -1.523026823997497559e-01 -1.212656125426292419e-01 -3.081461489200592041e-01 2.836619913578033447e-01 5.865398049354553223e-02 -4.102826118469238281e-02 -7.116543501615524292e-02 2.735832333564758301e-01 1.974703520536422729e-01 7.400373369455337524e-02 -1.103719711303710938e+00 3.944794237613677979e-01 4.013857841491699219e-01 -5.099604725837707520e-01 -3.373845666646957397e-02 1.158815100789070129e-01 1.081366017460823059e-01
-1.191431581974029541e-01 -3.744561374187469482e-01 -2.075156122446060181e-01 6.934570074081420898e-01 -1.890689581632614136e-01 -4.435660317540168762e-02 -3.657463192939758301e-01 3.248332440853118896e-01 -2.217258810997009277e-01 -1.565126180648803711e-01 -1.075775474309921265e-01 5.416159629821777344e-01 1.035547852516174316e-01 5.552667006850242615e-02 5.554729700088500977e-01 -1.407759189605712891e-01 3.112796545028686523e-01 6.969559192657470703e-02 -1.016899645328521729e-01 1.485213041305541992e-01 3.935934901237487793e-01 -3.715879917144775391e-01 9.736521542072296143e-02 1.492201387882232666e-01 -5.032277107238769531e-01 5.211762785911560059e-01 -2.452412806451320648e-02 -2.289623022079467773e-01 2.402505725622177124e-01 7.036341726779937744e-02 2.310425341129302979e-01 3.150748787447810173e-03 -2.263322472572326660e-02 4.402191042900085449e-01 5.749805644154548645e-02 5.474019646644592285e-01 4.610204100608825684e-01 1.104676946997642517e-01 -1.831023097038269043e-01 -3.778299689292907715e-01 -1.835324987769126892e-02 1.032687067985534668e+00 -8.535968512296676636e-02 -1.627614051103591919e-01 -5.857013463973999023e-01 1.519074201583862305e+00 -1.129640340805053711e-01 1.398928612470626831e-01 -2.717434465885162354e-01 1.128460913896560669e-01 1.405851840972900391e-01 -1.533657908439636230e-01 6.989383697509765625e-02 3.168467283248901367e-01 1.140601113438606262e-01 3.324234485626220703e-01 -1.883440315723419189e-01 6.163873672485351562e-01 -1.037745177745819092e-01 1.429176479578018188e-01 2.924260795116424561e-01 2.923405766487121582e-01 2.722733616828918457e-01 -6.485813856124877930e-02
2.474876791238784790e-01 3.237253129482269287e-01 1.846660673618316650e-01 -4.094076752662658691e-01 3.515049517154693604e-01 2.602993547916412354e-01 1.888195127248764038e-01 1.724937111139297485e-01 3.435671925544738770e-01 1.056981012225151062e-01 2.381259649991989136e-01 6.765919178724288940e-02 3.130763471126556396e-01 5.191186442971229553e-02 -4.425570666790008545e-01 2.552751600742340088e-01 -2.807479798793792725e-01 -4.230822026729583740e-01 4.148930013179779053e-01 -6.159364804625511169e-02 -3.381771147251129150e-01 1.123801022768020630e-01 4.833476617932319641e-02 1.082792729139328003e-01 6.792489439249038696e-02 -2.980992496013641357e-01 4.184143245220184326e-01 3.058553040027618408e-01 1.318816095590591431e-01 1.780371963977813721e-01 1.924463212490081787e-01 2.115345895290374756e-01 6.821439415216445923e-02 -6.719134002923965454e-02 1.485154628753662109e-01 -2.066995650529861450e-01 -3.404358029365539551e-01 2.445516549050807953e-02 2.803120911121368408e-01 1.154664456844329834e-01 3.325429856777191162e-01 -5.628286600112915039e-01 2.065697908401489258e-01 5.669345259666442871e-01 3.296252191066741943e-01 -3.469883799552917480e-01 3.015411794185638428e-01 -1.100797206163406372e-01 3.553843870759010315e-02 -2.814939618110656738e-01 2.028966099023818970e-01 2.222696989774703979e-01 1.890214085578918457e-01 1.726437956094741821e-01 7.269532978534698486e-02 -8.854498155415058136e-03 8.261444419622421265e-02 -1.113003958016633987e-02 2.719240784645080566e-01 -1.719480752944946289e-01 -3.180713951587677002e-01 5.541719123721122742e-02 1.329355686902999878e-01 1.837192028760910034e-01
-8.094573765993118286e-02 -2.386974543333053589e-01 6.343554239720106125e-03 8.617195487022399902e-01 -2.294969707727432251e-01 3.193761408329010010e-02 6.174114346504211426e-02 9.699214994907379150e-02 7.736260443925857544e-02 1.472670286893844604e-01 -9.939652681350708008e-02 9.372384101152420044e-02 -3.895606100559234619e-01 -1.151353865861892700e-01 2.919098734855651855e-01 -2.900351583957672119e-01 3.315607607364654541e-01 4.811489880084991455e-01 -1.162987202405929565e-01 6.938310712575912476e-02 3.610258698463439941e-01 -2.066828310489654541e-01 1.773573458194732666e-01 6.463431566953659058e-02 -1.094342395663261414e-01 4.167132377624511719e-01 -2.113706171512603760e-01 -9.724332392215728760e-02 -1.282985359430313110e-01 5.978046730160713196e-02 1.372603029012680054e-01 -5.010597780346870422e-02 6.872420012950897217e-02 -4.685059562325477600e-02 2.477874457836151123e-01 1.095810234546661377e-01 2.677307426929473877e-01 -1.212207451462745667e-01 1.587157696485519409e-02 1.211638096719980240e-02 1.174982339143753052e-01 6.333374977111816406e-01 1.627772003412246704e-01 -4.886363446712493896e-01 -2.879199087619781494e-01 6.003909707069396973e-01 -8.799410611391067505e-02 2.712669074535369873e-01 2.038628906011581421e-01 2.247865349054336548e-01 -2.680032327771186829e-02 -3.649406507611274719e-02 -3.677211701869964600e-02 1.266704350709915161e-01 -1.122553795576095581e-01 -7.517755031585693359e-02 2.980110701173543930e-03 8.014944791793823242e-01 -2.078198045492172241e-01 2.664804458618164062e-01 2.645562589168548584e-01 1.665486395359039307e-01 -1.084795147180557251e-01 -6.851485371589660645e-02
-1.445571184158325195e-01 -4.996616542339324951e-01 4.541049525141716003e-02 8.026728630065917969e-01 -1.899577528238296509e-01 1.827056407928466797e-01 3.915714621543884277e-01 1.676276624202728271e-01 1.980121433734893799e-01 7.109063863754272461e-02 2.689608335494995117e-01 4.013023376464843750e-01 -1.151426360011100769e-01 -1.136570051312446594e-02 2.377914339303970337e-01 -2.898645102977752686e-01 2.663515210151672363e-01 5.770294666290283203e-01 9.011758118867874146e-02 7.654149085283279419e-02 4.130613803863525391e-01 -1.260431259870529175e-01 6.655366718769073486e-02 9.824597835540771484e-02 -2.113395370543003082e-02 8.166898041963577271e-02 3.632220206782221794e-03 5.123959854245185852e-02 1.872921362519264221e-02 -6.151032075285911560e-02 2.291560769081115723e-01 -7.656019926071166992e-02 1.335647106170654297e-01 1.440938264131546021e-01 7.208903878927230835e-02 2.764215469360351562e-01 4.983192980289459229e-01 -1.885436475276947021e-02 7.637844234704971313e-02 2.877675592899322510e-01 1.277848035097122192e-01 7.646886110305786133e-01 1.638526916503906250e-01 -5.032693147659301758e-01 -1.358372867107391357e-01 -1.442333698272705078e+00 -6.632883846759796143e-02 8.184532821178436279e-02 -5.331367254257202148e-02 2.971582710742950439e-01 1.244920939207077026e-01 -2.325057983398437500e-02 5.165819823741912842e-02 -2.811906337738037109e-01 -1.514454036951065063e-01 -1.786085963249206543e-01 2.065604738891124725e-02 -3.186500072479248047e-01 -3.078378736972808838e-01 5.186490416526794434e-01 2.691113948822021484e-01 1.995024830102920532e-01 -7.311938703060150146e-02 2.406125888228416443e-02
1.114391088485717773e-01 1.168130934238433838e-01 -9.291131980717182159e-03 4.724057912826538086e-01 2.549651861190795898e-01 2.364888787269592285e-01 9.295912832021713257e-02 -4.107369575649499893e-03 7.507629692554473877e-02 -1.265423465520143509e-02 2.264839597046375275e-02 2.379869818687438965e-01 2.418859899044036865e-01 2.501000761985778809e-01 3.800081014633178711e-01 1.299650222063064575e-01 2.924009859561920166e-01 4.745349586009979248e-01 5.038197338581085205e-02 8.380196243524551392e-02 5.067210197448730469e-01 -4.457020387053489685e-02 -4.093647003173828125e-01 -2.917254567146301270e-01 -1.281005144119262695e+00 6.942303776741027832e-01 2.390703745186328888e-02 8.728361874818801880e-02 1.335785835981369019e-01 7.795736193656921387e-02 1.953167766332626343e-01 -1.664776921272277832e+00 2.575696110725402832e-01 1.491207331418991089e-01 -2.021010406315326691e-02 1.112549453973770142e-01 4.298818707466125488e-01 -7.387191057205200195e-01 8.358792960643768311e-02 4.507270827889442444e-02 9.135723859071731567e-02 8.660684823989868164e-01 7.714248448610305786e-02 -1.478137850761413574e+00 8.209337294101715088e-02 3.033104836940765381e-01 2.294935584068298340e-01 -2.578200697898864746e-01 1.658272594213485718e-01 -2.717731297016143799e-01 3.116663098335266113e-01 1.367596387863159180e-01 -2.022452950477600098e-01 5.015463382005691528e-02 2.033625543117523193e-01 9.977543726563453674e-03 -2.139171771705150604e-02 -7.718895077705383301e-01 1.511838734149932861e-01 4.743392169475555420e-01 -3.951863944530487061e-01 4.475232958793640137e-02 -6.140099838376045227e-02 6.440787017345428467e-02
2.137514799833297729e-01 4.385001026093959808e-03 3.357281163334846497e-02 4.977070689201354980e-01 1.427724063396453857e-01 2.464003488421440125e-02 1.274670213460922241e-01 -2.546268105506896973e-01 -1.775064505636692047e-02 -2.998545207083225250e-02 -1.682602241635322571e-02 3.538251221179962158e-01 2.043412625789642334e-01 1.687382012605667114e-01 3.312468528747558594e-01 3.198197185993194580e-01 2.992958426475524902e-01 4.509824216365814209e-01 1.685152053833007812e-01 6.377492845058441162e-02 5.646271705627441406e-01 -4.795056954026222229e-02 -2.105374485254287720e-01 -2.218730300664901733e-01 -1.439279794692993164e+00 5.259352922439575195e-01 8.064162731170654297e-02 3.320337831974029541e-01 3.238094151020050049e-01 -2.162704057991504669e-02 4.894096031785011292e-02 -3.830256760120391846e-01 2.147643566131591797e-01 2.080840766429901123e-01 -3.967263922095298767e-02 2.524231076240539551e-01 3.417823314666748047e-01 -5.812163949012756348e-01 1.834846660494804382e-02 5.269712302833795547e-03 2.224263101816177368e-01 6.751196384429931641e-01 4.823602735996246338e-02 -2.854625284671783447e-01 1.402199715375900269e-01 2.459577172994613647e-01 1.051647365093231201e-01 -2.130646705627441406e-01 -1.606415510177612305e-01 1.341216862201690674e-01 3.762516379356384277e-01 7.138595730066299438e-02 1.123093739151954651e-01 -5.875764042139053345e-02 1.395602673292160034e-01 1.694719493389129639e-01 -3.380387788638472557e-03 -6.522145271301269531e-01 2.408448904752731323e-01 3.904013335704803467e-01 -2.711733281612396240e-01 3.195997327566146851e-02 1.523954123258590698e-01 1.043173521757125854e-01
5.626341328024864197e-02 -2.323672056198120117e+00 1.017270162701606750e-01 1.494340419769287109e+00 -2.142789363861083984e+00 -2.508776262402534485e-02 -1.376207023859024048e-01 2.081568092107772827e-01 -1.402403227984905243e-02 2.123660743236541748e-01 2.256650328636169434e-01 -1.990302801132202148e-01 2.342868447303771973e-01 -1.473310291767120361e-01 5.162392854690551758e-01 -1.967687755823135376e-01 -1.105939224362373352e-01 1.101413741707801819e-01 1.625619083642959595e-01 4.764342680573463440e-02 8.828259706497192383e-01 -4.736680090427398682e-01 1.867860704660415649e-01 1.000995859503746033e-01 2.147225663065910339e-02 2.145512551069259644e-01 -4.452000856399536133e-01 -1.330065429210662842e-01 1.273166537284851074e-01 -7.522561401128768921e-02 1.275764852762222290e-01 3.025262951850891113e-01 -3.734335675835609436e-02 1.824100166559219360e-01 1.940386593341827393e-01 3.633197546005249023e-01 8.689639717340469360e-02 4.372510313987731934e-01 -8.436853997409343719e-03 -2.061701938509941101e-02 1.225125640630722046e-01 7.818571925163269043e-01 3.115799725055694580e-01 -3.080743253231048584e-01 -3.433118462562561035e-01 3.592168912291526794e-02 1.853533238172531128e-01 2.822980098426342010e-02 3.054957091808319092e-02 4.100655019283294678e-01 -1.588177692610770464e-04 5.975813791155815125e-02 1.936492472887039185e-01 1.134701520204544067e-01 -1.412415057420730591e-01 7.686887979507446289e-01 -3.161780163645744324e-02 2.467344552278518677e-01 -2.234495580196380615e-01 1.141394227743148804e-01 9.643458575010299683e-02 3.408851334825158119e-04 1.906146705150604248e-01 6.770654767751693726e-02
2.467929869890213013e-01 -2.604370713233947754e-01 1.223132461309432983e-01 5.445374846458435059e-01 -1.494823098182678223e-01 1.286112070083618164e-01 3.265463188290596008e-02 -1.602516025304794312e-01 8.770282566547393799e-02 5.474888905882835388e-02 -5.937016755342483521e-02 -7.917128503322601318e-02 -7.489009201526641846e-02 3.725100075826048851e-03 3.782157599925994873e-01 3.193162679672241211e-01 5.096727982163429260e-02 4.733515977859497070e-01 -6.579627096652984619e-02 -1.132469549775123596e-01 7.346258759498596191e-01 -2.965013310313224792e-02 -3.411362171173095703e-01 -2.476179003715515137e-01 -1.149429559707641602e+00 4.293424785137176514e-01 -1.362794190645217896e-01 2.187485992908477783e-01 -3.942001238465309143e-02 8.840489387512207031e-02 2.644203603267669678e-01 -5.413239002227783203e-01 4.823534563183784485e-02 -7.811465766280889511e-03 1.052787452936172485e-01 7.218009233474731445e-01 3.875632584095001221e-01 -9.842692613601684570e-01 9.050323814153671265e-02 4.537932109087705612e-03 2.037658095359802246e-01 5.075613260269165039e-01 -4.348972812294960022e-02 -1.266742110252380371e+00 -1.451259851455688477e-02 1.853080093860626221e-01 2.808665037155151367e-01 -2.777526378631591797e-01 1.348378658294677734e-01 -2.060783281922340393e-02 -1.838579773902893066e-02 2.000110000371932983e-01 -3.619426190853118896e-01 -1.551063507795333862e-01 9.558450430631637573e-02 4.750291630625724792e-02 4.158184304833412170e-02 -1.099765419960021973e+00 6.946758925914764404e-02 3.714354634284973145e-01 -2.933917939662933350e-01 1.540393829345703125e-01 -8.215773850679397583e-02 1.359171122312545776e-01
2.824854552745819092e-01 3.336299657821655273e-01 1.711995005607604980e-01 -4.725390374660491943e-01 3.029606640338897705e-01 9.732278436422348022e-02 3.082970976829528809e-01 1.771001331508159637e-02 2.104852944612503052e-01 1.676522344350814819e-01 3.153044879436492920e-01 1.111871749162673950e-01 2.365585118532180786e-01 8.931845426559448242e-02 -2.922510504722595215e-01 1.361658275127410889e-01 -3.616909682750701904e-01 -3.813956677913665771e-01 1.994163990020751953e-01 1.764989346265792847e-01 -4.162119328975677490e-01 -5.964442342519760132e-02 3.657510504126548767e-02 2.120039612054824829e-02 1.908557564020156860e-01 -2.258126288652420044e-01 2.321102917194366455e-01 3.108421862125396729e-01 2.922617793083190918e-01 1.477904319763183594e-01 1.067357286810874939e-01 3.028030395507812500e-01 8.763172477483749390e-02 -8.466363884508609772e-03 6.225110217928886414e-02 -2.377830296754837036e-01 -3.919690549373626709e-01 8.215973526239395142e-02 2.028208971023559570e-01 2.216757982969284058e-01 2.960021197795867920e-01 -6.008827090263366699e-01 3.396868109703063965e-01 5.806968212127685547e-01 3.332772552967071533e-01 -3.719232082366943359e-01 3.349671363830566406e-01 7.026647776365280151e-02 -2.328606508672237396e-02 -1.474080234766006470e-01 1.962911933660507202e-01 6.955338269472122192e-02 2.014097524806857109e-03 1.174121275544166565e-01 2.054380029439926147e-01 -1.781120430678129196e-03 1.729829609394073486e-01 -3.776158019900321960e-02 2.797743976116180420e-01 -3.095417916774749756e-01 -2.967631518840789795e-01 2.319796383380889893e-01 -6.031377986073493958e-02 1.090980917215347290e-01
2.148865908384323120e-01 7.914149016141891479e-02 1.995721459388732910e-02 4.305122792720794678e-01 1.846359372138977051e-01 1.931718140840530396e-01 1.574337184429168701e-01 -2.218340188264846802e-01 8.938495814800262451e-02 -1.659107804298400879e-01 4.690572619438171387e-02 2.374852448701858521e-01 3.313022851943969727e-01 2.688551843166351318e-01 3.918967545032501221e-01 3.183865547180175781e-01 1.070879250764846802e-01 4.611978828907012939e-01 8.304409682750701904e-02 1.659427732229232788e-01 5.234250426292419434e-01 -7.233555614948272705e-02 -4.189303815364837646e-01 -2.082960009574890137e-01 -1.208813309669494629e+00 4.808525741100311279e-01 -1.288256496191024780e-01 2.504927814006805420e-01 2.746144831180572510e-01 8.579017221927642822e-02 3.033230639994144440e-02 -4.149021208286285400e-01 1.574168801307678223e-01 1.770668625831604004e-01 3.662127256393432617e-02 1.655255556106567383e-01 4.660225212574005127e-01 -4.539799988269805908e-01 1.975785754621028900e-02 -1.158136278390884399e-01 1.317058801651000977e-01 6.866921782493591309e-01 1.083658915013074875e-02 -1.303817033767700195e-01 1.475868672132492065e-01 3.445216715335845947e-01 1.925304085016250610e-01 -1.908383816480636597e-01 -1.975588947534561157e-01 2.467139512300491333e-01 3.669583499431610107e-01 -9.672067314386367798e-02 1.855446994304656982e-01 5.673014000058174133e-02 1.624120622873306274e-01 8.299248665571212769e-02 -2.167163789272308350e-01 -3.864654004573822021e-01 3.073365092277526855e-01 5.596823692321777344e-01 -4.711101055145263672e-01 1.346060633659362793e-01 9.355609654448926449e-05 2.373587936162948608e-01
2.251217216253280640e-01 8.944825828075408936e-02 1.497828215360641479e-01 3.513046205043792725e-01 1.282091289758682251e-01 1.114127039909362793e-01 9.777764230966567993e-02 -1.320817470550537109e-01 4.825714603066444397e-02 -5.218759551644325256e-02 -1.119756251573562622e-01 9.766040742397308350e-02 2.510743141174316406e-01 1.869895905256271362e-01 3.192174732685089111e-01 1.740200817584991455e-01 2.137193083763122559e-01 4.575050473213195801e-01 2.135657221078872681e-01 4.537906125187873840e-02 9.116630554199218750e-01 -1.719086319208145142e-01 -2.593093514442443848e-01 -1.964264661073684692e-01 -1.226179003715515137e+00 6.176742911338806152e-01 -4.033872112631797791e-02 1.474565118551254272e-01 1.057403981685638428e-01 1.268306523561477661e-01 2.253196090459823608e-01 -1.141709685325622559e+00 1.259539872407913208e-01 3.418579399585723877e-01 -2.709160372614860535e-02 4.382846951484680176e-01 3.907887935638427734e-01 -9.249604940414428711e-01 7.817868143320083618e-02 1.043769195675849915e-01 1.885996758937835693e-01 7.595164775848388672e-01 -8.747361600399017334e-02 -1.112174034118652344e+00 1.894280165433883667e-01 3.593988418579101562e-01 1.643946915864944458e-01 -2.599793672561645508e-01 -1.567166880704462528e-03 -1.390771120786666870e-01 2.317478358745574951e-01 1.741922050714492798e-01 -6.868441402912139893e-02 -8.718702197074890137e-02 1.401858925819396973e-01 -1.954221166670322418e-02 -7.527355104684829712e-02 -9.931162595748901367e-01 1.451730430126190186e-01 4.421872496604919434e-01 -4.741838872432708740e-01 3.843013197183609009e-02 6.964229047298431396e-02 4.193713888525962830e-02
