-1.289389371871948242e+00 2.652662396430969238e-01 -6.261372566223144531e-02 2.748808562755584717e-01 -4.130693376064300537e-01 -2.634448707103729248e-01 -2.516981661319732666e-01 -1.859802380204200745e-02
-2.870947420597076416e-01 1.440550200641155243e-02 -4.819523096084594727e-01 1.280161291360855103e-01 -3.095580339431762695e-01 6.460014730691909790e-02 -5.739383399486541748e-02 -1.534036993980407715e-01
-7.720121741294860840e-01 -6.452137976884841919e-02 -3.225957602262496948e-02 4.683242738246917725e-01 -7.380870729684829712e-02 -1.698169410228729248e-01 9.359927773475646973e-01 -2.340685129165649414e-01
-7.922775745391845703e-01 1.658817939460277557e-02 -1.235264539718627930e+00 2.652137577533721924e-01 4.109928905963897705e-01 -2.956443466246128082e-02 1.017043516039848328e-01 1.076034605503082275e-01
8.901982903480529785e-01 6.424974799156188965e-01 8.431358337402343750e-01 7.202945351600646973e-01 -3.090378344058990479e-01 -2.577741444110870361e-01 -3.740274310111999512e-01 5.794483236968517303e-03
-6.811482310295104980e-01 4.478119686245918274e-02 -1.169856905937194824e+00 1.995115876197814941e-01 2.587919831275939941e-01 1.111234799027442932e-01 -4.225514233112335205e-01 -8.041838556528091431e-02
-5.983234047889709473e-01 1.938257813453674316e-01 -3.248104825615882874e-02 3.069554567337036133e-01 -4.152997210621833801e-02 -3.363884091377258301e-01 -1.955580264329910278e-01 -1.211800947785377502e-01
4.400628507137298584e-01 5.035991668701171875e-01 4.248991012573242188e-01 3.592359423637390137e-01 4.211029708385467529e-01 -8.753432333469390869e-02 3.090499937534332275e-01 1.179185137152671814e-01
2.189261615276336670e-01 3.989489283412694931e-03 -4.227357208728790283e-01 -2.021927684545516968e-01 1.853336095809936523e-01 -2.707713842391967773e-01 -4.851478636264801025e-01 -1.744612753391265869e-01
-4.012653827667236328e-01 1.156246066093444824e-01 1.700347475707530975e-02 3.894941210746765137e-01 4.061254113912582397e-02 1.198251848109066486e-03 6.968705654144287109e-01 -6.184896454215049744e-03
2.080532461404800415e-01 -2.966023683547973633e-01 3.861060440540313721e-01 -4.297620058059692383e-01 5.904292687773704529e-02 4.266186952590942383e-01 -7.549194097518920898e-01 -1.379398442804813385e-02
-6.482359766960144043e-01 1.939610540866851807e-01 -3.839422464370727539e-01 -3.067852854728698730e-01 -4.365223348140716553e-01 -3.356591463088989258e-01 -2.135796844959259033e-01 1.428240723907947540e-02
-9.955187439918518066e-01 3.865483701229095459e-01 5.509774088859558105e-01 3.442463576793670654e-01 -2.081322222948074341e-01 3.979949057102203369e-01 1.735886037349700928e-01 -1.224104091525077820e-01
8.346765637397766113e-01 -6.619442105293273926e-01 2.106726169586181641e-01 -7.445492148399353027e-01 1.702091693878173828e-01 4.491893053054809570e-01 -2.258951365947723389e-01 1.327908039093017578e-02
-7.483148574829101562e-01 -3.215888887643814087e-02 -3.647156953811645508e-01 6.824597716331481934e-01 -3.716534674167633057e-01 8.128460645675659180e-01 -7.878360152244567871e-01 3.887736052274703979e-02
-6.622884869575500488e-01 2.830474674701690674e-01 -2.314711362123489380e-01 2.134364657104015350e-02 2.067382037639617920e-01 -1.647596359252929688e-01 -3.239724040031433105e-01 -3.105735182762145996e-01
-3.460886478424072266e-01 -3.714494407176971436e-02 -1.629310846328735352e-01 -2.706779725849628448e-02 1.740384250879287720e-01 -1.736199706792831421e-01 4.285889863967895508e-02 -1.199082359671592712e-01
1.949476599693298340e-01 3.113845884799957275e-01 4.377633631229400635e-01 1.238015573471784592e-02 2.950626891106367111e-03 4.425440132617950439e-01 3.416541591286659241e-02 1.404414474964141846e-01
1.480755925178527832e+00 -8.812372386455535889e-02 -2.853699326515197754e-01 5.763100981712341309e-01 2.503084242343902588e-01 -1.585526168346405029e-01 -8.257365822792053223e-01 -2.902507409453392029e-02
-3.225378990173339844e-01 -4.274184703826904297e-01 -5.935525894165039062e-02 -3.096345365047454834e-01 7.026139646768569946e-02 -1.254657208919525146e-01 -7.714869379997253418e-01 1.662009656429290771e-01
-4.058374464511871338e-01 -7.669339776039123535e-01 -3.690513074398040771e-01 -1.070914745330810547e+00 -4.041021168231964111e-01 -7.525294423103332520e-01 -6.802048087120056152e-01 -6.094633415341377258e-02
-2.826143503189086914e-01 6.721930950880050659e-02 -8.357681035995483398e-01 -2.496019005775451660e-01 -3.699331730604171753e-02 2.886607646942138672e-01 -5.800942778587341309e-01 -1.208959147334098816e-01
-1.029276967048645020e+00 1.718994081020355225e-01 -4.279818236827850342e-01 -1.561626791954040527e-01 3.313943445682525635e-01 3.001277521252632141e-02 6.143041253089904785e-01 1.597785763442516327e-02
-9.195198416709899902e-01 3.126723170280456543e-01 -3.446823731064796448e-02 -1.002305559813976288e-02 1.389679871499538422e-02 5.257216691970825195e-01 1.045142486691474915e-01 1.546292006969451904e-02
2.577017843723297119e-01 -3.417525291442871094e-01 -2.804891765117645264e-01 -3.701013624668121338e-01 -6.653407961130142212e-02 -4.065068662166595459e-01 1.006383001804351807e-01 -8.515527099370956421e-02
1.261673092842102051e+00 4.022024571895599365e-02 5.344948172569274902e-01 3.064900636672973633e-01 4.876335561275482178e-01 9.520775824785232544e-02 6.866510957479476929e-02 1.543596386909484863e-02
-2.409173250198364258e-01 5.021553635597229004e-01 6.300925612449645996e-01 6.260825693607330322e-02 2.638992369174957275e-01 -3.055903911590576172e-01 2.419135570526123047e-01 1.485044602304697037e-02
1.888698220252990723e+00 5.963923931121826172e-01 -6.714168190956115723e-01 -3.549664467573165894e-02 4.579879343509674072e-01 -6.415819525718688965e-01 -7.654353976249694824e-01 -1.651187340030446649e-04
-7.826185226440429688e-01 1.133921835571527481e-02 -6.988772191107273102e-03 6.024979352951049805e-01 3.692841827869415283e-01 3.263046219944953918e-02 5.041129589080810547e-01 -2.075377386063337326e-03
2.509955167770385742e-01 -4.496814906597137451e-01 -5.674385428428649902e-01 -5.225846171379089355e-01 -1.097884848713874817e-01 8.561643213033676147e-02 -1.122026801109313965e+00 1.290853023529052734e-01
1.002280473709106445e+00 -5.692806243896484375e-01 2.002935558557510376e-01 -6.230581402778625488e-01 2.317422628402709961e-01 1.172748655080795288e-01 -8.437797427177429199e-01 -8.393845707178115845e-02
8.500910401344299316e-01 -6.383239626884460449e-01 8.098446726799011230e-01 -5.208310484886169434e-01 4.252652451395988464e-02 -2.798780798912048340e-01 -4.725874066352844238e-01 -4.804640263319015503e-02
-7.425229996442794800e-02 -5.865516662597656250e-01 -2.745682597160339355e-01 -8.080275356769561768e-02 -1.047258377075195312e+00 1.136607080698013306e-01 -1.677916944026947021e-01 -2.136062085628509521e-02
-5.557325854897499084e-02 3.826980292797088623e-02 -1.675051450729370117e-01 -4.402051493525505066e-02 1.413963139057159424e-01 3.862333949655294418e-03 2.745392918586730957e-02 -1.574419625103473663e-02
-4.791156947612762451e-02 -7.937338203191757202e-02 -4.014259874820709229e-01 -3.775321245193481445e-01 -4.579744637012481689e-01 6.708169728517532349e-02 -1.411553919315338135e-01 2.451903559267520905e-02
1.273859441280364990e-01 -5.795820429921150208e-02 -1.052779674530029297e+00 6.109579652547836304e-02 6.844630241394042969e-01 2.477153837680816650e-01 -2.984395623207092285e-01 -1.033228822052478790e-02
-8.134874701499938965e-01 2.002087086439132690e-01 3.805347532033920288e-02 1.245024055242538452e-01 4.528792202472686768e-02 -7.395744323730468750e-01 -5.688438415527343750e-01 7.253119349479675293e-02
-3.581733703613281250e-01 2.879652976989746094e-01 8.525934070348739624e-02 1.673441380262374878e-01 5.597155913710594177e-02 6.349649429321289062e-01 4.804972559213638306e-02 -2.540739476680755615e-01
-5.302010774612426758e-01 -1.526671499013900757e-01 -1.941304206848144531e-01 -8.122992515563964844e-02 -3.243006467819213867e-01 -2.386067658662796021e-01 -3.280954957008361816e-01 4.422551095485687256e-01
2.429051883518695831e-02 -1.523884981870651245e-01 -2.825254201889038086e+00 1.200844347476959229e-01 -6.634214520454406738e-01 9.774388372898101807e-02 -7.347723841667175293e-02 3.570328000932931900e-03
-1.073842406272888184e+00 -3.609387576580047607e-01 4.228442013263702393e-01 -4.460351765155792236e-01 6.640844047069549561e-02 -5.433063507080078125e-01 -2.417294383049011230e-01 -4.711003974080085754e-02
-9.237200766801834106e-02 -6.349775791168212891e-01 -2.337476015090942383e-01 -1.054708808660507202e-01 -9.983656406402587891e-01 8.997583389282226562e-02 -9.885396808385848999e-02 -5.506417248398065567e-03
6.872157454490661621e-01 -9.274302050471305847e-03 -2.495699882507324219e+00 -1.029473245143890381e-01 5.580407977104187012e-01 -7.295114547014236450e-02 -2.279969900846481323e-01 8.423259109258651733e-02
9.247240424156188965e-02 5.512303486466407776e-02 -3.578535616397857666e-01 -2.783590257167816162e-01 -2.067728191614151001e-01 1.544011235237121582e-01 -5.722904205322265625e-01 -3.490232303738594055e-02
-1.592494100332260132e-01 -1.276009529829025269e-01 2.348733842372894287e-01 2.115964740514755249e-01 -7.145911455154418945e-01 -1.001588180661201477e-01 -3.537009656429290771e-01 2.216995805501937866e-01
-1.145153194665908813e-01 -1.486520320177078247e-01 -1.798679232597351074e+00 3.145692944526672363e-01 6.795517206192016602e-01 -3.207416087388992310e-02 -3.685140907764434814e-01 1.494164764881134033e-01
2.267408967018127441e-01 -2.432496398687362671e-01 2.627188563346862793e-01 2.983366847038269043e-01 -3.061529994010925293e-01 1.599599868059158325e-01 -2.661839127540588379e-01 -2.810432761907577515e-02
-1.073000058531761169e-01 -8.962767198681831360e-03 3.618592023849487305e-01 2.433424741029739380e-01 2.263161540031433105e-02 1.407601088285446167e-01 1.615818440914154053e-01 2.379766479134559631e-02
9.637020230293273926e-01 -3.447721898555755615e-02 9.871860146522521973e-01 2.336860895156860352e-01 2.922996282577514648e-01 1.954858899116516113e-01 -1.051279623061418533e-02 3.369146212935447693e-02
1.031256794929504395e+00 4.022534489631652832e-01 7.957662940025329590e-01 -2.410165593028068542e-02 2.895097136497497559e-01 2.185071073472499847e-02 -4.210698902606964111e-01 -3.711073845624923706e-02
-5.064277648925781250e-01 4.083944857120513916e-01 -1.191452503204345703e+00 -1.422032564878463745e-01 1.543294787406921387e+00 4.712801426649093628e-02 7.174347043037414551e-01 -3.213914334774017334e-01
-1.251692473888397217e-01 -3.823928534984588623e-01 -1.616771705448627472e-02 -4.988924860954284668e-01 1.968644261360168457e-01 1.266323924064636230e-01 -1.016121745109558105e+00 4.837392568588256836e-01
6.914275288581848145e-01 -6.481943726539611816e-01 3.570257425308227539e-01 -5.525397658348083496e-01 4.892022907733917236e-01 3.295142948627471924e-01 3.030706942081451416e-01 5.943789705634117126e-02
-9.161014854907989502e-02 1.124672964215278625e-01 -7.208553552627563477e-01 -2.060891985893249512e-01 -7.474014908075332642e-02 1.926456838846206665e-01 -6.502682566642761230e-01 4.551748186349868774e-02
-5.365677475929260254e-01 2.789330482482910156e-01 -1.354472279548645020e+00 3.051077127456665039e-01 9.762747883796691895e-01 6.955311298370361328e-01 -1.024756655097007751e-01 5.177895538508892059e-03
9.577292203903198242e-01 6.756950616836547852e-01 6.806886792182922363e-01 5.314239859580993652e-01 -5.622672289609909058e-02 8.680767565965652466e-02 -1.566971540451049805e-01 1.513165514916181564e-02
-5.265834927558898926e-01 2.842555046081542969e-01 4.681083559989929199e-01 3.632844686508178711e-01 2.226320207118988037e-01 -1.044843941926956177e-01 1.393871754407882690e-01 -1.077803969383239746e-01
1.860014051198959351e-01 -4.837505891919136047e-02 -8.162625432014465332e-01 -1.326379626989364624e-01 3.012244217097759247e-02 -1.545580476522445679e-01 -7.429447770118713379e-01 -1.164655014872550964e-01
-3.936820328235626221e-01 4.080525636672973633e-01 2.299944162368774414e-01 5.470566153526306152e-01 -1.466092914342880249e-01 5.017766952514648438e-01 -2.962997257709503174e-01 1.951799988746643066e-01
-1.080410838127136230e+00 4.667419791221618652e-01 -5.627213120460510254e-01 1.991829425096511841e-01 1.356803923845291138e-01 -2.668937146663665771e-01 3.934983015060424805e-01 1.713908277451992035e-02
4.077669978141784668e-01 -1.214538514614105225e-01 8.440858721733093262e-01 3.249498605728149414e-01 5.805826783180236816e-01 -3.577825054526329041e-02 1.471110582351684570e+00 -7.670281082391738892e-02
1.794145226478576660e+00 -3.835613727569580078e-01 -3.081336915493011475e-01 2.018733620643615723e-01 1.693597137928009033e-01 2.234235405921936035e-01 -8.144307136535644531e-01 7.428498566150665283e-02
7.559775561094284058e-02 -1.457480639219284058e-01 1.200730323791503906e+00 1.725751757621765137e-01 1.090775370597839355e+00 -4.624749720096588135e-02 -1.593791693449020386e-02 -6.277687102556228638e-02
1.814136654138565063e-01 -1.896625310182571411e-01 -7.162212729454040527e-01 -4.814605414867401123e-01 -2.482662647962570190e-01 -3.022936284542083740e-01 -9.341018199920654297e-01 -6.570692360401153564e-02
