-6.732648015022277832e-01
-2.661584019660949707e-01
-2.442987635731697083e-03
9.408827871084213257e-02
-5.105026960372924805e-01
-1.420627236366271973e-01
2.438135743141174316e-01
-6.095701456069946289e-01
1.822423934936523438e-01
9.314819425344467163e-02
-6.644621491432189941e-01
-3.887796103954315186e-01
-8.972234129905700684e-01
-3.598439097404479980e-01
-1.608506590127944946e-01
2.073670923709869385e-01
6.942564249038696289e-01
3.552447855472564697e-01
3.416304290294647217e-01
-4.601710140705108643e-01
3.086228668689727783e-01
1.864507347345352173e-01
-5.828718543052673340e-01
-2.390280961990356445e-01
5.602900981903076172e-01
-7.979574203491210938e-01
-9.439744353294372559e-01
-3.651759326457977295e-01
-6.481720209121704102e-01
4.183613359928131104e-01
2.237603962421417236e-01
-4.873711243271827698e-02
-8.772420138120651245e-02
-1.910228133201599121e-01
-5.526415631175041199e-02
9.336505830287933350e-02
-5.789797306060791016e-01
1.049055159091949463e-01
5.300271511077880859e-01
-8.397997915744781494e-02
5.272053927183151245e-02
-9.892053902149200439e-02
6.998295336961746216e-02
1.353926509618759155e-01
2.685686573386192322e-02
3.700817823410034180e-01
5.721693634986877441e-01
-3.808934986591339111e-01
-6.116653084754943848e-01
-1.852424889802932739e-01
-4.912951290607452393e-01
-5.315974354743957520e-01
-5.108415484428405762e-01
6.012837216258049011e-02
-4.752090573310852051e-01
4.823319911956787109e-01
-9.340373277664184570e-01
4.497257173061370850e-01
8.511406779289245605e-01
-3.002782762050628662e-01
-9.021384119987487793e-01
-1.561369448900222778e-01
-2.163696885108947754e-01
9.215512275695800781e-01
