5.014095306396484375e-01 -3.758196160197257996e-02 2.509597241878509521e-01 1.585568785667419434e-01 -7.982490658760070801e-01 1.506638079881668091e-01 1.065691784024238586e-01 -3.997523188591003418e-01 2.522412836551666260e-01 4.905003607273101807e-01 1.963716149330139160e-01 -2.181029021739959717e-01 -2.904479503631591797e-01 5.826250314712524414e-01 -2.211511284112930298e-01 2.742955833673477173e-02 3.946657776832580566e-01 6.544160097837448120e-02 9.998589754104614258e-01 1.350214630365371704e-01 5.171130225062370300e-02 4.406205713748931885e-01 -6.995233893394470215e-02 1.102715581655502319e-01 2.825607359409332275e-01 4.656068384647369385e-01 -5.160133838653564453e-01 -7.347692847251892090e-01 -3.366307616233825684e-01 5.766953229904174805e-01 5.074762105941772461e-01 7.860360145568847656e-01 6.029555201530456543e-02 3.249257802963256836e-02 8.608549833297729492e-02 3.137505054473876953e-01 -3.131218552589416504e-01 3.653804063796997070e-01 1.062574014067649841e-01 3.687957823276519775e-01 -8.385292440652847290e-02 3.442765176296234131e-01 3.778224289417266846e-01 3.004621267318725586e-01 1.129300370812416077e-01 2.654461264610290527e-01 1.636072099208831787e-01 9.697858244180679321e-03 -7.487418055534362793e-01 -2.261234521865844727e-01 3.529010415077209473e-01 1.516043990850448608e-01 2.393086403608322144e-01 4.319141209125518799e-01 5.844023823738098145e-01 -3.809922635555267334e-01 -5.120135545730590820e-01 4.652990102767944336e-01 -7.738487422466278076e-02 4.903028532862663269e-02 3.088492155075073242e-01 -9.446890950202941895e-01 -6.298743188381195068e-02 5.151180624961853027e-01
1.498674750328063965e+00 2.462886273860931396e-01 3.681185543537139893e-01 -2.142973095178604126e-01 1.739965938031673431e-02 -6.115657687187194824e-01 2.686413526535034180e-01 3.869371116161346436e-01 -4.760905504226684570e-01 3.923758491873741150e-02 -2.438936948776245117e+00 -5.565186031162738800e-03 7.590879201889038086e-01 5.676698684692382812e-01 6.323322057723999023e-01 -1.122586801648139954e-01 2.960268557071685791e-01 2.033750414848327637e-01 7.888830304145812988e-01 -7.026551365852355957e-01 2.424106836318969727e+00 -3.527964949607849121e-01 5.997724533081054688e-01 5.615485906600952148e-01 -1.435661464929580688e-01 -5.469966530799865723e-01 2.562535405158996582e-01 -8.147868156433105469e+00 7.868959903717041016e-01 7.751464247703552246e-01 -3.722299814224243164e+00 2.036600261926651001e-01 1.074512124061584473e+00 -1.681593060493469238e-01 4.882098436355590820e-01 -6.422978639602661133e-01 3.024673759937286377e-01 2.347347289323806763e-01 5.188278555870056152e-01 -3.032385837286710739e-03 -4.174434661865234375e+00 1.557720899581909180e+00 -7.813463360071182251e-02 1.132515892386436462e-01 5.280709862709045410e-01 -8.590940237045288086e-01 -7.686925237067043781e-04 2.761769294738769531e-01 -9.394133090972900391e-01 -1.847367405891418457e+00 1.536130309104919434e-01 1.604063272476196289e+00 5.050548911094665527e-01 1.872270368039608002e-02 -1.072497442364692688e-01 -5.458891764283180237e-02 -8.043625950813293457e-01 -7.384773492813110352e-01 3.019443452358245850e-01 2.348067015409469604e-01 1.298436988145112991e-02 -4.782263278961181641e+00 -4.239961624145507812e+00 -5.125807523727416992e-01
1.266238331794738770e+00 -1.290574967861175537e-01 1.353550702333450317e-01 8.117541074752807617e-01 -1.516741871833801270e+00 5.883300304412841797e-01 3.033971786499023438e-01 -1.554821729660034180e+00 2.291607260704040527e-01 6.848617643117904663e-02 -3.850608132779598236e-03 -2.017841441556811333e-03 1.021720170974731445e-01 5.884043574333190918e-01 4.772249162197113037e-01 2.885840833187103271e-01 9.550943970680236816e-02 -2.536066249012947083e-02 6.677460074424743652e-01 2.891475856304168701e-01 2.603302597999572754e-01 3.175696730613708496e-01 4.052241146564483643e-01 2.588408887386322021e-01 8.565006405115127563e-02 2.944535017013549805e+00 -7.111547589302062988e-01 -1.864585727453231812e-01 3.804679960012435913e-02 4.132320582866668701e-01 3.572366535663604736e-01 1.040777921676635742e+00 9.211184829473495483e-02 1.951259002089500427e-02 1.443666368722915649e-01 1.600653529167175293e-01 -9.349301457405090332e-02 1.079928427934646606e-01 3.540802597999572754e-01 1.965712547302246094e+00 -1.139902174472808838e-01 3.485711514949798584e-01 1.770272850990295410e+00 2.121784687042236328e-01 -1.167951375246047974e-01 3.350861072540283203e-01 -6.764620542526245117e-02 3.799526020884513855e-04 -6.859672665596008301e-01 -2.392958700656890869e-01 1.371494829654693604e-01 3.346911072731018066e-01 5.014173388481140137e-01 4.884495139122009277e-01 2.093022584915161133e+00 -1.207130432128906250e+00 -5.828776359558105469e-01 3.434612154960632324e-01 -9.306383132934570312e-02 1.156969904899597168e+00 -1.836808204650878906e+00 -4.475978612899780273e-01 1.438803672790527344e-01 7.181090712547302246e-01
-1.399658471345901489e-01 2.233675569295883179e-01 2.852185666561126709e-01 1.257839947938919067e-01 -2.525264956057071686e-02 2.098485976457595825e-01 2.197437435388565063e-01 1.193015873432159424e-01 2.242071330547332764e-01 3.811796009540557861e-01 2.461604475975036621e-01 3.747365474700927734e-01 -5.175628513097763062e-02 -7.409199476242065430e-01 2.598103284835815430e-01 2.472283095121383667e-01 2.624520063400268555e-01 9.281779080629348755e-02 -5.460447072982788086e-01 2.814337611198425293e-01 4.104058146476745605e-01 2.717868089675903320e-01 1.599736511707305908e-01 2.098521590232849121e-01 -9.623299539089202881e-02 2.751322090625762939e-01 8.911131322383880615e-02 4.011242389678955078e-01 8.909801393747329712e-02 4.159667491912841797e-01 -6.282205134630203247e-02 -2.908459492027759552e-02 8.551463484764099121e-02 8.000853657722473145e-02 -2.428102074190974236e-03 2.156496345996856689e-01 4.554677605628967285e-01 3.078367114067077637e-01 1.268576830625534058e-01 -4.885835647583007812e-01 4.559524953365325928e-01 -1.311623603105545044e-01 -4.111716151237487793e-01 1.550044417381286621e-01 1.414507925510406494e-01 -1.208067312836647034e-01 1.156389787793159485e-01 1.241373270750045776e-01 8.046240359544754028e-02 -6.847967207431793213e-02 3.041255176067352295e-01 2.663663923740386963e-01 -3.503743708133697510e-01 1.199326440691947937e-01 -3.421594202518463135e-01 3.952844738960266113e-01 4.688428342342376709e-02 8.107593655586242676e-02 3.334621489048004150e-01 -6.820929050445556641e-02 6.526008248329162598e-01 1.054148316383361816e+00 5.797868371009826660e-01 2.955374121665954590e-01
5.166308879852294922e-01 2.577490173280239105e-02 3.002878129482269287e-01 9.577681869268417358e-02 -8.196707367897033691e-01 1.492698043584823608e-01 3.678813949227333069e-02 -3.943520486354827881e-01 3.318808972835540771e-01 3.944267332553863525e-01 1.627200692892074585e-01 -1.370535492897033691e-01 -3.043200075626373291e-01 5.082017183303833008e-01 -2.473355233669281006e-01 4.576602950692176819e-02 3.306761384010314941e-01 1.462542265653610229e-01 1.195816755294799805e+00 2.068891823291778564e-01 6.443900614976882935e-02 2.916243076324462891e-01 -3.868977129459381104e-01 3.239898011088371277e-02 2.863975167274475098e-01 5.213295817375183105e-01 -3.531252145767211914e-01 -7.156049013137817383e-01 -4.404944777488708496e-01 5.884760618209838867e-01 5.791394114494323730e-01 8.757339119911193848e-01 2.213698327541351318e-01 -2.395610138773918152e-02 1.011495590209960938e-01 2.827724516391754150e-01 -3.316999971866607666e-01 3.974363505840301514e-01 7.953811436891555786e-03 4.237121939659118652e-01 -3.687863051891326904e-02 2.348629832267761230e-01 6.346534490585327148e-01 4.064006507396697998e-01 6.541921198368072510e-02 1.055212020874023438e-01 3.008434474468231201e-01 1.493229866027832031e-01 -8.393887877464294434e-01 -2.259391993284225464e-01 5.020517110824584961e-01 2.293651401996612549e-01 3.762187957763671875e-01 5.173892378807067871e-01 7.445015907287597656e-01 -3.385149836540222168e-01 -3.496710360050201416e-01 3.798472285270690918e-01 -1.319890469312667847e-01 6.731905788183212280e-02 3.681915998458862305e-01 -9.606401324272155762e-01 -1.693006604909896851e-01 4.241624176502227783e-01
-2.286202311515808105e-01 1.997452527284622192e-01 3.743086457252502441e-01 -1.454535126686096191e-02 6.955587863922119141e-02 1.382607966661453247e-01 1.529441028833389282e-01 -9.007138200104236603e-03 2.094384133815765381e-01 4.200694859027862549e-01 6.993262469768524170e-02 3.973510265350341797e-01 1.058820337057113647e-01 -4.642109870910644531e-01 2.943977713584899902e-01 2.866879701614379883e-01 2.722292542457580566e-01 3.299858570098876953e-01 -6.226236820220947266e-01 2.750859260559082031e-01 2.790048718452453613e-01 3.853702843189239502e-01 -1.692124758847057819e-03 2.196251153945922852e-01 1.708801388740539551e-01 4.694916009902954102e-01 1.570340692996978760e-01 3.432373404502868652e-01 9.538595378398895264e-02 2.779374122619628906e-01 3.498494625091552734e-02 -1.283227652311325073e-01 1.019990891218185425e-01 5.602208897471427917e-02 2.660206519067287445e-02 6.684645265340805054e-02 3.742576837539672852e-01 3.324562013149261475e-01 3.661339879035949707e-01 -3.380619287490844727e-01 5.157364010810852051e-01 -8.031360805034637451e-02 -3.327994942665100098e-01 2.671622931957244873e-01 7.212609797716140747e-02 3.860228508710861206e-02 2.890440821647644043e-01 1.582754254341125488e-01 1.651431024074554443e-01 1.422030627727508545e-01 3.927184641361236572e-01 2.009686231613159180e-01 -2.792025506496429443e-01 1.140084266662597656e-01 -2.083815038204193115e-01 3.226311802864074707e-01 1.046718936413526535e-02 2.767139971256256104e-01 4.694998562335968018e-01 -9.028792381286621094e-02 6.908206939697265625e-01 1.071003437042236328e+00 5.673834681510925293e-01 3.470925688743591309e-01
-3.136382699012756348e-01 1.926592141389846802e-01 4.137023687362670898e-01 -1.109868437051773071e-01 5.236698314547538757e-03 5.271168798208236694e-02 3.355571329593658447e-01 4.306957498192787170e-02 2.132387161254882812e-01 4.049545526504516602e-01 1.209772229194641113e-01 1.905994117259979248e-01 8.041813969612121582e-03 -6.315516829490661621e-01 2.733688354492187500e-01 1.271465569734573364e-01 3.572767078876495361e-01 2.812521159648895264e-01 -6.236602663993835449e-01 1.616030633449554443e-01 2.721838653087615967e-01 3.200326561927795410e-01 9.451754391193389893e-02 2.303497642278671265e-01 9.667334705591201782e-02 3.450165390968322754e-01 -5.805324763059616089e-02 2.565030455589294434e-01 8.306929469108581543e-02 4.433644413948059082e-01 -5.476091057062149048e-02 -1.435705926269292831e-03 1.221581324934959412e-01 -8.980557322502136230e-02 1.458464562892913818e-01 1.557258665561676025e-01 3.749241530895233154e-01 3.659311234951019287e-01 2.977969944477081299e-01 -4.462181329727172852e-01 3.352152705192565918e-01 -2.638472914695739746e-01 -3.647408187389373779e-01 3.565629124641418457e-01 -7.033477723598480225e-02 6.658664788119494915e-04 2.223381549119949341e-01 1.141952425241470337e-01 9.474844485521316528e-02 1.430183500051498413e-01 2.527912557125091553e-01 3.044359683990478516e-01 -2.898477613925933838e-01 1.126158237457275391e-01 -3.700954318046569824e-01 3.021913170814514160e-01 1.824654489755630493e-01 7.530672103166580200e-02 3.209979534149169922e-01 -1.380212754011154175e-01 6.383980512619018555e-01 1.092245101928710938e+00 5.320791006088256836e-01 4.561062753200531006e-01
-3.190757632255554199e-01 3.237300217151641846e-01 3.256927132606506348e-01 -3.606096655130386353e-02 -4.165571928024291992e-02 1.577098071575164795e-01 3.611529171466827393e-01 7.727238535881042480e-02 2.378008365631103516e-01 4.234453737735748291e-01 2.427556961774826050e-01 3.321643471717834473e-01 -1.993774250149726868e-02 -6.664127111434936523e-01 3.823558688163757324e-01 1.596640497446060181e-01 3.612562119960784912e-01 2.637028098106384277e-01 -6.760100722312927246e-01 3.480885624885559082e-01 4.688068330287933350e-01 4.409974813461303711e-01 1.214338392019271851e-01 2.995082139968872070e-01 -1.204259879887104034e-02 3.225994408130645752e-01 1.796028167009353638e-01 2.400338202714920044e-01 1.172952130436897278e-01 4.650153815746307373e-01 5.944575741887092590e-02 -1.655789464712142944e-02 8.877310901880264282e-02 7.687804102897644043e-02 7.593660056591033936e-02 1.401681452989578247e-01 3.490714132785797119e-01 3.516673147678375244e-01 3.278148174285888672e-01 -3.918862938880920410e-01 3.778862357139587402e-01 -2.297280430793762207e-01 -4.486430585384368896e-01 2.857605814933776855e-01 9.992695599794387817e-02 -1.401681154966354370e-01 1.626447290182113647e-01 3.907801955938339233e-02 1.511360891163349152e-02 1.452353410422801971e-02 4.525018334388732910e-01 2.058926969766616821e-01 -3.328734934329986572e-01 1.358047127723693848e-01 -3.378779590129852295e-01 3.133902251720428467e-01 2.742640860378742218e-02 3.122237920761108398e-01 4.221709072589874268e-01 -9.834341704845428467e-02 8.496928811073303223e-01 9.851447343826293945e-01 5.077925324440002441e-01 5.620497465133666992e-01
-1.506585478782653809e-01 8.351558446884155273e-02 3.295309245586395264e-01 1.357966363430023193e-01 9.574080258607864380e-02 2.223899513483047485e-01 3.102223873138427734e-01 6.800159811973571777e-02 1.422298848628997803e-01 3.104342818260192871e-01 2.713330686092376709e-01 2.647637724876403809e-01 3.849643282592296600e-03 -4.904827475547790527e-01 1.314770579338073730e-01 1.547653675079345703e-01 2.333834916353225708e-01 3.034648597240447998e-01 -6.717734932899475098e-01 2.907089889049530029e-01 2.632557451725006104e-01 4.333342015743255615e-01 -1.839667186141014099e-02 2.573620080947875977e-01 1.668336987495422363e-01 4.951064288616180420e-01 8.322276175022125244e-02 3.273158669471740723e-01 9.474434703588485718e-02 3.038892447948455811e-01 1.334816217422485352e-01 1.057480834424495697e-02 7.658922672271728516e-02 8.182132244110107422e-02 1.131675317883491516e-01 2.758912742137908936e-01 2.485325336456298828e-01 3.267806470394134521e-01 2.429546564817428589e-01 -2.748257815837860107e-01 3.721469640731811523e-01 -1.318800896406173706e-01 -3.706755340099334717e-01 3.142510354518890381e-01 -1.846857368946075439e-02 -7.283794879913330078e-02 2.319608777761459351e-01 1.611449271440505981e-01 8.956383913755416870e-02 -6.343238521367311478e-03 2.516247332096099854e-01 3.026496767997741699e-01 -4.034489989280700684e-01 3.084757365286350250e-02 -2.721077501773834229e-01 4.560550153255462646e-01 2.978208102285861969e-02 1.197882220149040222e-01 3.419052958488464355e-01 -1.439111120998859406e-02 7.372742295265197754e-01 1.160082340240478516e+00 6.027876734733581543e-01 4.560479521751403809e-01
5.569730997085571289e-01 1.122188195586204529e-01 3.764774799346923828e-01 2.203471362590789795e-01 -8.416702151298522949e-01 1.459089815616607666e-01 1.464233249425888062e-01 -3.467558622360229492e-01 9.643970429897308350e-02 3.040564656257629395e-01 2.504518628120422363e-01 -3.238716721534729004e-01 -9.504421800374984741e-02 4.799342155456542969e-01 -2.866773605346679688e-01 -2.429493702948093414e-02 3.065769970417022705e-01 1.257530301809310913e-01 1.132184505462646484e+00 9.722770750522613525e-02 -1.966064330190420151e-03 4.590496718883514404e-01 -4.241572320461273193e-02 1.430091559886932373e-01 1.965262591838836670e-01 4.506730735301971436e-01 -5.438419580459594727e-01 -7.024769186973571777e-01 -3.315038979053497314e-01 4.337254166603088379e-01 6.757667660713195801e-01 8.746827244758605957e-01 6.451104581356048584e-02 -8.243430405855178833e-02 8.215405791997909546e-02 2.995099425315856934e-01 -2.035093307495117188e-01 2.488436102867126465e-01 2.345637977123260498e-02 3.292358815670013428e-01 -2.115722931921482086e-02 3.588284254074096680e-01 4.832157492637634277e-01 3.555109798908233643e-01 2.205400913953781128e-01 1.456716954708099365e-01 3.117405772209167480e-01 7.579646259546279907e-02 -9.103323221206665039e-01 -2.322231382131576538e-01 3.744103610515594482e-01 1.673528701066970825e-01 4.803967475891113281e-01 3.653297424316406250e-01 6.168161034584045410e-01 -3.523862659931182861e-01 -3.998938798904418945e-01 3.234041333198547363e-01 -8.013598620891571045e-02 2.830926701426506042e-02 3.133868575096130371e-01 -1.186249494552612305e+00 -1.934269517660140991e-01 5.267157554626464844e-01
9.938992261886596680e-01 1.763417720794677734e-01 -1.742906808853149414e+00 -2.116275876760482788e-01 -2.959111146628856659e-02 -2.050605118274688721e-01 -7.758808881044387817e-02 1.075522527098655701e-01 -1.928514614701271057e-02 -4.286915659904479980e-01 8.690431118011474609e-01 2.664061188697814941e-01 3.009938001632690430e-01 1.671470284461975098e+00 -1.472133874893188477e+00 -6.693995743989944458e-02 -1.851036101579666138e-01 3.373138606548309326e-01 -9.176825881004333496e-01 -3.634082153439521790e-02 -1.437471389770507812e+00 -1.701498478651046753e-01 -4.233303666114807129e-01 -7.882343530654907227e-01 -9.311581254005432129e-01 -4.464414417743682861e-01 7.780827879905700684e-01 9.499924182891845703e-01 6.451541781425476074e-01 3.906920552253723145e-02 1.528957486152648926e-01 1.446096599102020264e-01 1.387135982513427734e-01 4.263533279299736023e-02 1.158388778567314148e-01 -8.205862343311309814e-02 -6.995596736669540405e-02 -5.970348119735717773e-01 -1.132300272583961487e-01 -2.935038208961486816e-01 -4.522668942809104919e-02 1.388405412435531616e-01 -1.352955698966979980e+00 -7.442924380302429199e-02 2.883923351764678955e-01 6.529299616813659668e-01 4.006840288639068604e-02 3.997010290622711182e-01 8.935912251472473145e-01 6.701171994209289551e-01 -4.417929947376251221e-01 1.130439564585685730e-01 1.253914594650268555e+00 3.462939262390136719e-01 -3.853919915854930878e-04 -6.472434103488922119e-02 6.187695264816284180e-01 8.773938566446304321e-02 -6.685215234756469727e-01 1.886582851409912109e+00 1.419033408164978027e+00 -9.691861271858215332e-01 5.893000587821006775e-02 -3.475018963217735291e-02
4.006296992301940918e-01 -6.973516941070556641e-02 3.964464068412780762e-01 -4.065557569265365601e-02 -8.897088170051574707e-01 1.418403238058090210e-01 1.186915859580039978e-01 -3.007358610630035400e-01 2.882430851459503174e-01 3.172730803489685059e-01 8.092887699604034424e-02 -2.722251713275909424e-01 -3.162410259246826172e-01 5.130882263183593750e-01 -2.404688000679016113e-01 1.351443082094192505e-01 2.477082908153533936e-01 7.118362188339233398e-02 1.059517741203308105e+00 1.898977607488632202e-01 4.226160794496536255e-02 2.627207338809967041e-01 -1.935106962919235229e-01 2.379226237535476685e-01 2.136912047863006592e-01 3.189691305160522461e-01 -4.998718500137329102e-01 -6.009401679039001465e-01 -3.083880245685577393e-01 5.919584631919860840e-01 5.668770670890808105e-01 9.542452692985534668e-01 1.206899061799049377e-01 1.197736337780952454e-01 8.857525140047073364e-02 2.199718654155731201e-01 -4.240276813507080078e-01 3.188346028327941895e-01 1.451503187417984009e-01 4.528668820858001709e-01 -5.727966874837875366e-02 4.270048439502716064e-01 5.309301018714904785e-01 3.339612483978271484e-01 1.478662639856338501e-01 2.726811356842517853e-02 2.638073265552520752e-01 -2.151029184460639954e-02 -9.799404740333557129e-01 -2.059440016746520996e-01 4.095289707183837891e-01 1.675097644329071045e-01 4.022203385829925537e-01 2.750843763351440430e-01 6.704831719398498535e-01 -3.722933530807495117e-01 -2.867121398448944092e-01 4.688197076320648193e-01 2.379275858402252197e-02 4.572291672229766846e-02 3.657439053058624268e-01 -1.065908789634704590e+00 -1.761913299560546875e-01 5.330356955528259277e-01
-2.414168119430541992e-01 3.203597664833068848e-01 3.542651832103729248e-01 1.362947523593902588e-01 7.393694669008255005e-02 8.927074819803237915e-02 2.765184342861175537e-01 5.229412019252777100e-02 5.993749946355819702e-02 2.938157916069030762e-01 1.439004391431808472e-01 3.709010779857635498e-01 1.480449438095092773e-01 -6.014845371246337891e-01 2.639158070087432861e-01 2.409842312335968018e-01 2.990565896034240723e-01 2.724071741104125977e-01 -7.282183170318603516e-01 3.455844521522521973e-01 2.525962591171264648e-01 2.650171220302581787e-01 1.319366246461868286e-01 2.291641533374786377e-01 8.938921988010406494e-02 2.754873335361480713e-01 1.344206482172012329e-01 2.453200668096542358e-01 8.980330079793930054e-02 4.430245161056518555e-01 1.726657748222351074e-01 -1.684039384126663208e-01 1.571195721626281738e-01 -6.351132690906524658e-02 1.882262974977493286e-01 3.206711709499359131e-01 4.672001898288726807e-01 3.620018064975738525e-01 1.671572625637054443e-01 -3.984096646308898926e-01 3.694341480731964111e-01 -9.859680384397506714e-02 -3.367052376270294189e-01 1.748139560222625732e-01 2.932162769138813019e-02 -6.173068657517433167e-02 2.508461475372314453e-01 2.491608262062072754e-02 1.494953930377960205e-01 1.950855553150177002e-02 4.582466185092926025e-01 1.761486679315567017e-01 -2.195099890232086182e-01 1.341064423322677612e-01 -2.235940843820571899e-01 3.600355088710784912e-01 1.380036473274230957e-01 1.958658993244171143e-01 3.856986761093139648e-01 6.644592434167861938e-02 8.324760794639587402e-01 1.154174089431762695e+00 4.936922192573547363e-01 4.230475723743438721e-01
-2.964766025543212891e-01 1.013811305165290833e-01 4.059518873691558838e-01 1.252757459878921509e-01 -1.779161021113395691e-02 1.716791540384292603e-01 3.946767747402191162e-01 1.244991570711135864e-01 1.413290798664093018e-01 3.357106447219848633e-01 1.186835318803787231e-01 4.023772776126861572e-01 2.162089385092258453e-02 -5.094403028488159180e-01 3.709875643253326416e-01 2.093129903078079224e-01 3.831812739372253418e-01 1.898938864469528198e-01 -4.878510236740112305e-01 3.767930567264556885e-01 3.176699876785278320e-01 3.077671527862548828e-01 7.143104076385498047e-02 3.047043383121490479e-01 1.855865120887756348e-01 4.188065528869628906e-01 6.005801633000373840e-02 3.934799134731292725e-01 1.181436628103256226e-01 4.059279263019561768e-01 1.351606547832489014e-01 3.829532861709594727e-02 1.759285032749176025e-01 1.073394045233726501e-01 6.804224103689193726e-02 1.796129047870635986e-01 3.486077189445495605e-01 3.487404882907867432e-01 3.052304387092590332e-01 -4.288276135921478271e-01 5.349771380424499512e-01 -2.759007215499877930e-01 -2.640479803085327148e-01 2.402297705411911011e-01 1.611964590847492218e-02 -1.125339344143867493e-01 1.804097890853881836e-01 1.510329544544219971e-01 1.192144826054573059e-01 3.669206425547599792e-02 2.258486598730087280e-01 3.392058312892913818e-01 -3.621032536029815674e-01 2.074514329433441162e-01 -3.482620418071746826e-01 4.368781149387359619e-01 8.531469106674194336e-02 1.362473666667938232e-01 3.862020075321197510e-01 1.240120306611061096e-01 7.791623473167419434e-01 9.700300097465515137e-01 4.506272077560424805e-01 3.657349050045013428e-01
-1.034865453839302063e-01 1.404203325510025024e-01 3.265667557716369629e-01 1.638667583465576172e-01 2.722621895372867584e-02 2.170337289571762085e-01 3.273564577102661133e-01 -7.143683731555938721e-02 9.842924773693084717e-02 2.061290591955184937e-01 2.528544366359710693e-01 2.016428709030151367e-01 7.682068645954132080e-02 -5.118032097816467285e-01 1.747883111238479614e-01 1.524487733840942383e-01 1.777908205986022949e-01 1.594517827033996582e-01 -5.915498137474060059e-01 3.423144519329071045e-01 3.861094117164611816e-01 2.180741876363754272e-01 -1.758030056953430176e-02 2.559981346130371094e-01 -3.861435875296592712e-02 4.441247582435607910e-01 3.120854869484901428e-02 3.381137847900390625e-01 2.005579620599746704e-01 3.808910846710205078e-01 6.936269998550415039e-02 -7.293134182691574097e-02 1.959235034883022308e-02 -3.719147760421037674e-03 3.679515421390533447e-02 2.106278687715530396e-01 4.017656743526458740e-01 3.572925031185150146e-01 2.489908933639526367e-01 -3.657902181148529053e-01 4.130784273147583008e-01 -2.016473412513732910e-01 -2.597906887531280518e-01 2.008322626352310181e-01 1.667039096355438232e-02 -4.396442696452140808e-02 1.218540519475936890e-01 9.345496073365211487e-04 -1.331841014325618744e-02 -7.549786008894443512e-03 2.112946659326553345e-01 3.477439284324645996e-01 -3.142653405666351318e-01 2.116451039910316467e-02 -2.110983431339263916e-01 3.434241712093353271e-01 -8.027094416320323944e-03 2.802948057651519775e-01 3.056181073188781738e-01 1.510341763496398926e-01 6.373517513275146484e-01 9.694402217864990234e-01 6.035081148147583008e-01 3.448316752910614014e-01
-2.791582643985748291e-01 1.099462881684303284e-01 1.907124072313308716e-01 -8.164650201797485352e-02 -7.643570192158222198e-03 2.646895498037338257e-02 2.862449586391448975e-01 5.212623253464698792e-02 1.232187673449516296e-01 2.229647934436798096e-01 1.753725260496139526e-01 3.595944941043853760e-01 -5.697275698184967041e-02 -5.319674611091613770e-01 1.970245987176895142e-01 3.454080522060394287e-01 1.089680641889572144e-01 1.237533316016197205e-01 -6.827610135078430176e-01 2.742005884647369385e-01 2.428206950426101685e-01 2.859391570091247559e-01 8.556535840034484863e-02 2.478019744157791138e-01 -5.377462133765220642e-02 4.109798073768615723e-01 1.094672754406929016e-01 2.148571163415908813e-01 1.635310500860214233e-01 2.435650676488876343e-01 8.852948248386383057e-02 -1.218169182538986206e-01 -2.022233419120311737e-02 6.301732361316680908e-02 -2.118317177519202232e-03 9.627784043550491333e-02 3.578743338584899902e-01 3.904298543930053711e-01 1.789387613534927368e-01 -2.433821260929107666e-01 2.820461094379425049e-01 -3.284093141555786133e-01 -3.883449137210845947e-01 3.344678580760955811e-01 -6.102188676595687866e-02 -5.929188430309295654e-02 1.227692216634750366e-01 1.380722522735595703e-01 1.379095017910003662e-01 -9.567137807607650757e-03 2.805170714855194092e-01 3.092418313026428223e-01 -3.028322756290435791e-01 2.219403237104415894e-01 -3.271171450614929199e-01 4.257695078849792480e-01 -5.455455556511878967e-02 1.801162213087081909e-01 3.258165121078491211e-01 -1.873221807181835175e-02 5.881047844886779785e-01 1.024269819259643555e+00 4.310617446899414062e-01 4.481700658798217773e-01
-3.161241710186004639e-01 8.800014853477478027e-02 2.147727161645889282e-01 1.559625715017318726e-01 2.408720180392265320e-02 1.213669553399085999e-01 1.063691303133964539e-01 -1.061000227928161621e-01 1.559217572212219238e-01 2.530240118503570557e-01 8.467063307762145996e-02 2.516578137874603271e-01 9.399335086345672607e-02 -6.148221492767333984e-01 2.667598724365234375e-01 3.033122718334197998e-01 1.276704221963882446e-01 8.596169203519821167e-02 -7.122309803962707520e-01 1.732395589351654053e-01 2.843420505523681641e-01 2.699892520904541016e-01 6.351200491189956665e-02 1.350069195032119751e-01 -8.239078521728515625e-02 4.553287923336029053e-01 2.050257287919521332e-02 3.335869312286376953e-01 -7.520999759435653687e-03 3.705320358276367188e-01 -9.792689979076385498e-02 -3.588111326098442078e-02 -5.663543939590454102e-02 3.238508477807044983e-02 8.249729126691818237e-02 8.903002738952636719e-02 3.082171976566314697e-01 1.961056441068649292e-01 2.187724262475967407e-01 -2.767110168933868408e-01 4.268879890441894531e-01 -1.456238180398941040e-01 -3.751993477344512939e-01 3.150516450405120850e-01 6.497529894113540649e-02 -1.811446696519851685e-01 2.542819678783416748e-01 1.806429475545883179e-01 1.577439606189727783e-01 4.310688003897666931e-02 2.138349264860153198e-01 3.394245207309722900e-01 -3.724694252014160156e-01 6.452789157629013062e-02 -4.139983654022216797e-01 3.989800214767456055e-01 -2.963518956676125526e-03 8.864822983741760254e-02 3.982809484004974365e-01 9.307047352194786072e-03 7.381356358528137207e-01 1.136371612548828125e+00 5.039200782775878906e-01 3.219752311706542969e-01
-1.612068712711334229e-01 3.089545667171478271e-01 2.868672609329223633e-01 3.809782862663269043e-02 -3.881852701306343079e-02 1.778984516859054565e-01 2.443424612283706665e-01 1.214086785912513733e-01 2.506275177001953125e-01 3.934273719787597656e-01 1.656774282455444336e-01 2.568204998970031738e-01 5.357583053410053253e-03 -5.027025938034057617e-01 2.462732493877410889e-01 4.047650396823883057e-01 2.647553384304046631e-01 1.335798352956771851e-01 -6.745035052299499512e-01 1.857143342494964600e-01 3.771136701107025146e-01 3.096543550491333008e-01 5.973798036575317383e-02 3.535487055778503418e-01 6.230427324771881104e-02 3.314413726329803467e-01 8.849285542964935303e-02 4.144715964794158936e-01 6.384578347206115723e-02 3.743066787719726562e-01 2.148166112601757050e-02 -1.366915106773376465e-01 1.169622987508773804e-01 -5.308067426085472107e-02 1.723588556051254272e-01 1.290106475353240967e-01 3.584364354610443115e-01 3.869573473930358887e-01 1.757393926382064819e-01 -2.828610837459564209e-01 4.316325783729553223e-01 -8.887155354022979736e-02 -4.443395733833312988e-01 2.211411595344543457e-01 8.877959847450256348e-02 -5.989048257470130920e-02 9.826134890317916870e-02 1.627906560897827148e-01 2.114548683166503906e-01 1.047211661934852600e-01 3.708989322185516357e-01 3.068796992301940918e-01 -2.863431274890899658e-01 2.567716836929321289e-01 -2.969964742660522461e-01 2.761881053447723389e-01 8.567520231008529663e-02 2.851893603801727295e-01 4.026090204715728760e-01 1.089235097169876099e-01 7.621068954467773438e-01 1.159393191337585449e+00 5.176949501037597656e-01 3.762434422969818115e-01
5.995471477508544922e-01 -1.106783002614974976e-01 2.978068292140960693e-01 1.224854663014411926e-01 -8.105248212814331055e-01 9.966006129980087280e-02 9.896918386220932007e-02 -4.037451744079589844e-01 3.754526674747467041e-01 4.238202273845672607e-01 1.336899697780609131e-01 -8.321613073348999023e-02 -1.366899758577346802e-01 5.068466663360595703e-01 -1.810878664255142212e-01 4.322787746787071228e-02 2.545680403709411621e-01 2.826500684022903442e-02 1.034152626991271973e+00 2.250601351261138916e-01 1.363048553466796875e-01 3.898001313209533691e-01 -3.716707229614257812e-02 2.934396825730800629e-02 1.259135901927947998e-01 4.777530133724212646e-01 -4.143087267875671387e-01 -7.125054001808166504e-01 -1.481038779020309448e-01 5.211810469627380371e-01 7.799885869026184082e-01 8.281565308570861816e-01 1.580753624439239502e-01 1.090999841690063477e-01 1.887441128492355347e-01 3.869218230247497559e-01 -4.424713551998138428e-01 1.388193070888519287e-01 9.975613653659820557e-02 3.817712962627410889e-01 -1.376289725303649902e-01 2.960676550865173340e-01 3.280216157436370850e-01 3.187257647514343262e-01 2.149107903242111206e-01 2.014709562063217163e-01 1.976339966058731079e-01 7.624715100973844528e-03 -7.369263172149658203e-01 -1.951165050268173218e-01 4.951275289058685303e-01 6.192234903573989868e-02 5.949468612670898438e-01 4.233585000038146973e-01 7.836710810661315918e-01 -3.960850238800048828e-01 -4.382438659667968750e-01 4.706396460533142090e-01 -2.236869931221008301e-02 1.934059262275695801e-01 2.491624355316162109e-01 -1.124669194221496582e+00 -9.673970937728881836e-02 4.498925209045410156e-01
3.240202665328979492e-01 4.716033339500427246e-01 2.514547407627105713e-01 4.571965634822845459e-01 -1.052320361137390137e+00 1.425914019346237183e-01 -7.411543130874633789e-01 5.821523442864418030e-02 -6.581498980522155762e-01 2.772195041179656982e-01 6.230159997940063477e-01 1.223251938819885254e+00 -3.769718408584594727e+00 9.144248962402343750e-01 -1.390832513570785522e-01 2.039126455783843994e-01 9.267950803041458130e-02 -2.063690871000289917e-01 1.617223739624023438e+00 5.061320662498474121e-01 -4.830352663993835449e-01 -1.762114912271499634e-01 8.032326102256774902e-01 4.595384001731872559e-01 -2.914689183235168457e-01 5.126802325248718262e-01 -5.339321494102478027e-01 8.240970969200134277e-01 8.818281888961791992e-01 6.768562644720077515e-02 -2.979292869567871094e-01 -4.579654633998870850e-01 -3.847870230674743652e-01 8.051852881908416748e-02 -5.008342862129211426e-02 8.095873594284057617e-01 -3.283780217170715332e-01 2.156871706247329712e-01 -4.060500264167785645e-01 2.868314981460571289e-01 -2.356557548046112061e-01 4.433661699295043945e-02 9.259626269340515137e-01 -4.768007397651672363e-01 -4.176418110728263855e-02 1.005432844161987305e+00 -3.703165352344512939e-01 -4.987341538071632385e-02 5.941820740699768066e-01 -6.147208213806152344e-01 8.470214605331420898e-01 6.829524040222167969e-01 5.191547423601150513e-02 -7.852495908737182617e-01 1.362641334533691406e+00 -2.606801092624664307e-01 -1.967862486839294434e+00 -6.982523798942565918e-01 -4.767543375492095947e-01 7.086328268051147461e-01 5.580333471298217773e-01 7.845219969749450684e-01 -2.013014107942581177e-01 -6.336880922317504883e-01
-1.440697461366653442e-01 1.977218538522720337e-01 3.739538192749023438e-01 8.136212080717086792e-02 8.625911921262741089e-02 2.835015952587127686e-01 2.278681248426437378e-01 -6.086791679263114929e-02 1.011921167373657227e-01 3.244843780994415283e-01 2.441911101341247559e-01 3.328937590122222900e-01 5.856127664446830750e-02 -5.573855638504028320e-01 1.853446811437606812e-01 1.912956833839416504e-01 3.125442564487457275e-01 1.896834224462509155e-01 -5.648475289344787598e-01 3.074582815170288086e-01 3.962666094303131104e-01 4.213519096374511719e-01 5.959894042462110519e-03 2.190086245536804199e-01 5.805157870054244995e-02 3.609073162078857422e-01 -2.903252653777599335e-02 2.115526646375656128e-01 3.780808672308921814e-02 3.385269641876220703e-01 9.319623559713363647e-02 -1.580565124750137329e-01 1.808577217161655426e-02 9.193257987499237061e-02 1.731868535280227661e-01 2.478500008583068848e-01 2.411291748285293579e-01 2.825297713279724121e-01 2.057601511478424072e-01 -2.839325070381164551e-01 5.126503109931945801e-01 -2.348896861076354980e-01 -3.955788016319274902e-01 3.407858610153198242e-01 -5.095421150326728821e-02 -9.576768428087234497e-02 1.204273626208305359e-01 8.716900646686553955e-02 8.866024017333984375e-02 1.513074897229671478e-02 4.155148565769195557e-01 3.182031810283660889e-01 -1.872424036264419556e-01 2.083739489316940308e-01 -3.654182553291320801e-01 5.027507543563842773e-01 1.483033746480941772e-01 2.437019050121307373e-01 4.378249049186706543e-01 1.256182640790939331e-01 7.414228320121765137e-01 9.945397377014160156e-01 5.208715200424194336e-01 3.968444466590881348e-01
5.534263849258422852e-01 -9.504304826259613037e-02 2.529396712779998779e-01 2.494398057460784912e-01 -9.168772101402282715e-01 1.860128790140151978e-01 1.881566047668457031e-01 -4.118210971355438232e-01 2.616826593875885010e-01 3.692725896835327148e-01 2.069886624813079834e-01 -3.231183290481567383e-01 -1.695030629634857178e-01 5.252466201782226562e-01 -2.406968623399734497e-01 3.675499930977821350e-02 3.552977740764617920e-01 2.255398407578468323e-02 1.053271293640136719e+00 3.111316263675689697e-01 7.590182870626449585e-02 4.714940190315246582e-01 -2.099280804395675659e-02 1.940117925405502319e-01 2.151637375354766846e-01 4.367325901985168457e-01 -3.907926082611083984e-01 -7.379202842712402344e-01 -2.667684555053710938e-01 5.936043262481689453e-01 7.931951880455017090e-01 8.352881669998168945e-01 8.566561341285705566e-02 5.233190581202507019e-02 8.752242475748062134e-02 3.994750380516052246e-01 -2.955265939235687256e-01 3.305355608463287354e-01 2.973462454974651337e-02 2.840784490108489990e-01 2.508602663874626160e-02 4.532603919506072998e-01 4.019979238510131836e-01 3.817287683486938477e-01 1.093150079250335693e-01 3.042826056480407715e-01 2.209569364786148071e-01 2.223024368286132812e-01 -9.027441143989562988e-01 -3.753976225852966309e-01 4.214463531970977783e-01 1.279039978981018066e-01 5.624208450317382812e-01 5.141571164131164551e-01 7.049655318260192871e-01 -3.320763409137725830e-01 -4.313737452030181885e-01 3.219953179359436035e-01 -4.576135054230690002e-02 1.361515969038009644e-01 3.027849495410919189e-01 -1.172474861145019531e+00 -2.506999075412750244e-01 4.150329232215881348e-01
6.744002699851989746e-01 4.236893728375434875e-02 3.955707252025604248e-01 2.049835324287414551e-01 -7.152702212333679199e-01 1.572128981351852417e-01 3.296057507395744324e-02 -5.320628285408020020e-01 1.349636465311050415e-01 4.569981098175048828e-01 2.376376241445541382e-01 -3.413110077381134033e-01 -9.422976523637771606e-02 4.871821403503417969e-01 -3.350830078125000000e-01 -3.059554845094680786e-02 2.053624689579010010e-01 8.732557296752929688e-02 9.681916236877441406e-01 8.325837552547454834e-02 -4.358385503292083740e-02 5.193517804145812988e-01 -1.055932268500328064e-01 1.385903358459472656e-01 7.532018423080444336e-02 4.391452372074127197e-01 -5.235403180122375488e-01 -7.424981594085693359e-01 -3.610667586326599121e-01 5.337451696395874023e-01 7.259379029273986816e-01 9.495372772216796875e-01 8.552444726228713989e-02 1.306279301643371582e-01 5.765094235539436340e-02 3.617227673530578613e-01 -2.082124203443527222e-01 1.684300750494003296e-01 1.814688928425312042e-02 2.731782197952270508e-01 -1.647070348262786865e-01 4.699478447437286377e-01 3.338794410228729248e-01 3.759360611438751221e-01 2.460210323333740234e-01 2.155829370021820068e-01 3.019592761993408203e-01 3.941936045885086060e-02 -8.425531387329101562e-01 -2.796365022659301758e-01 4.519813358783721924e-01 1.153386980295181274e-01 4.626850485801696777e-01 5.631619095802307129e-01 6.772599816322326660e-01 -3.150419890880584717e-01 -3.858430385589599609e-01 5.135076642036437988e-01 -1.058682426810264587e-01 9.051233530044555664e-02 2.531599998474121094e-01 -1.133054494857788086e+00 -5.639218911528587341e-02 5.702297687530517578e-01
-2.798560261726379395e-01 2.597260475158691406e-01 4.532098174095153809e-01 6.726127583533525467e-03 6.892354786396026611e-02 1.170276775956153870e-01 2.222288846969604492e-01 6.877956911921501160e-04 1.941156685352325439e-01 4.265083670616149902e-01 2.933339178562164307e-01 2.402958273887634277e-01 1.396886706352233887e-01 -4.949371218681335449e-01 2.635923922061920166e-01 2.946620285511016846e-01 3.198883235454559326e-01 3.106442689895629883e-01 -5.863507390022277832e-01 4.171473979949951172e-01 3.494623899459838867e-01 3.188486993312835693e-01 1.762593388557434082e-01 2.789845168590545654e-01 -2.591489255428314209e-02 2.902226448059082031e-01 8.645272254943847656e-02 1.703104823827743530e-01 8.859727531671524048e-02 3.370980322360992432e-01 7.256615906953811646e-02 6.461602449417114258e-02 1.424500644207000732e-01 -1.949198427610099316e-03 1.218731403350830078e-01 1.192697137594223022e-01 4.773623645305633545e-01 4.052945971488952637e-01 3.036646544933319092e-01 -2.814038693904876709e-01 5.294616222381591797e-01 -1.857288330793380737e-01 -3.544997572898864746e-01 3.154920637607574463e-01 1.580272167921066284e-01 -1.454063057899475098e-01 2.092414498329162598e-01 8.922974765300750732e-02 8.824367821216583252e-02 1.358107775449752808e-01 2.220333218574523926e-01 3.996390104293823242e-01 -2.388609498739242554e-01 1.516446918249130249e-01 -3.183981478214263916e-01 4.672766923904418945e-01 1.137659698724746704e-02 1.482250243425369263e-01 4.875590205192565918e-01 -6.510192528367042542e-03 8.339083194732666016e-01 1.029438734054565430e+00 4.457393586635589600e-01 4.559040367603302002e-01
-1.968366503715515137e-01 2.082341164350509644e-01 3.208543658256530762e-01 8.695404976606369019e-02 -7.280424982309341431e-02 1.401552259922027588e-01 3.092695176601409912e-01 1.114349290728569031e-01 1.608515679836273193e-01 2.938023507595062256e-01 2.702686488628387451e-01 1.937454044818878174e-01 -1.675118692219257355e-02 -7.178894281387329102e-01 2.159607261419296265e-01 2.075207382440567017e-01 1.877209693193435669e-01 8.066281676292419434e-02 -6.495376229286193848e-01 2.598645687103271484e-01 2.594723701477050781e-01 4.114612936973571777e-01 1.365118920803070068e-01 3.009471893310546875e-01 1.717924475669860840e-01 4.585850834846496582e-01 5.504472926259040833e-02 4.134502708911895752e-01 9.203370660543441772e-02 4.006726443767547607e-01 6.045329943299293518e-02 -1.644077599048614502e-01 9.594907611608505249e-02 4.788120836019515991e-02 1.109803393483161926e-01 2.851512134075164795e-01 2.598168551921844482e-01 3.371504247188568115e-01 2.123609632253646851e-01 -3.995161950588226318e-01 4.473513662815093994e-01 -1.044919267296791077e-01 -2.857055664062500000e-01 1.788011342287063599e-01 2.518096007406711578e-02 -1.911958158016204834e-01 6.131406128406524658e-02 2.087793499231338501e-01 -1.281235483475029469e-03 1.186567172408103943e-01 3.190460205078125000e-01 2.730746269226074219e-01 -2.772650122642517090e-01 1.155358850955963135e-01 -1.577299088239669800e-01 4.545858204364776611e-01 -1.407562848180532455e-02 2.210245132446289062e-01 3.613397479057312012e-01 6.218395382165908813e-02 6.291085481643676758e-01 1.093263387680053711e+00 5.290429592132568359e-01 4.027879238128662109e-01
-3.036840856075286865e-01 1.420188099145889282e-01 2.995935678482055664e-01 1.128002908080816269e-02 -3.515886887907981873e-02 2.882533371448516846e-01 1.856119483709335327e-01 6.291220337152481079e-02 7.172130793333053589e-02 4.810425341129302979e-01 1.750404089689254761e-01 3.569718003273010254e-01 6.486749649047851562e-02 -7.170323133468627930e-01 1.646020710468292236e-01 3.368262350559234619e-01 3.462048470973968506e-01 2.505943775177001953e-01 -7.368113994598388672e-01 3.676749765872955322e-01 3.807982802391052246e-01 3.064362108707427979e-01 1.929761320352554321e-01 2.885112762451171875e-01 1.102781295776367188e-01 4.049863815307617188e-01 4.893308505415916443e-03 2.765749692916870117e-01 9.540937840938568115e-02 3.788904249668121338e-01 1.277924776077270508e-01 -2.726776525378227234e-02 3.569759801030158997e-02 1.260329037904739380e-01 7.521584630012512207e-03 1.486458182334899902e-01 4.302910864353179932e-01 2.649067640304565430e-01 2.541921138763427734e-01 -3.661771118640899658e-01 3.394354283809661865e-01 -1.930538713932037354e-01 -4.006336331367492676e-01 3.631081283092498779e-01 7.961563766002655029e-02 -1.033414453268051147e-01 1.717229187488555908e-01 5.297564342617988586e-02 1.801740378141403198e-01 -3.922483325004577637e-02 4.282296001911163330e-01 1.751217991113662720e-01 -3.092566728591918945e-01 6.444353610277175903e-02 -1.504069417715072632e-01 4.682812094688415527e-01 2.734029851853847504e-02 2.829995751380920410e-01 5.169744491577148438e-01 1.400967389345169067e-01 6.325637698173522949e-01 1.215766906738281250e+00 5.670236945152282715e-01 3.546190559864044189e-01
-2.040197253227233887e-01 2.536147534847259521e-01 4.139287769794464111e-01 -1.678205095231533051e-02 -7.376216351985931396e-03 9.455426037311553955e-02 2.931204438209533691e-01 -3.453489765524864197e-02 1.123351678252220154e-01 4.534047842025756836e-01 1.265392303466796875e-01 2.107309103012084961e-01 -3.623972088098526001e-02 -7.258565425872802734e-01 3.814472556114196777e-01 1.944540292024612427e-01 2.918274402618408203e-01 2.021798938512802124e-01 -6.949143409729003906e-01 2.052599191665649414e-01 2.664287090301513672e-01 2.226578146219253540e-01 7.772742956876754761e-02 1.498458385467529297e-01 4.816436208784580231e-03 5.001393556594848633e-01 1.665768027305603027e-01 3.391092717647552490e-01 1.487718373537063599e-01 4.618312716484069824e-01 7.659027725458145142e-02 -1.530065089464187622e-01 1.867704838514328003e-02 -3.803062438964843750e-02 1.558335572481155396e-01 2.559653222560882568e-01 3.892716765403747559e-01 3.548584580421447754e-01 1.300667822360992432e-01 -2.671884894371032715e-01 4.477261304855346680e-01 -2.774403989315032959e-01 -3.856338262557983398e-01 3.424378633499145508e-01 -5.468493327498435974e-02 -2.461592257022857666e-01 2.411263883113861084e-01 1.608624011278152466e-01 4.343576729297637939e-03 1.225630636326968670e-03 3.341373801231384277e-01 1.936975419521331787e-01 -2.714795768260955811e-01 6.594546139240264893e-02 -2.425430268049240112e-01 4.812162220478057861e-01 2.570034749805927277e-02 1.500733643770217896e-01 4.901154637336730957e-01 4.554251953959465027e-02 6.829410791397094727e-01 1.096494197845458984e+00 6.366209983825683594e-01 5.586702227592468262e-01
4.928310811519622803e-01 -9.934258460998535156e-02 3.610873520374298096e-01 1.066355854272842407e-01 -8.565016388893127441e-01 1.785194575786590576e-01 1.880414336919784546e-01 -3.701905906200408936e-01 1.900844275951385498e-01 3.050770163536071777e-01 1.094103306531906128e-01 -4.269651472568511963e-01 -1.074007377028465271e-01 2.898849546909332275e-01 -2.160190194845199585e-01 1.508734375238418579e-01 1.073276251554489136e-01 2.186332195997238159e-01 9.259060621261596680e-01 1.218944042921066284e-01 1.254177689552307129e-01 2.390961199998855591e-01 -1.422368288040161133e-01 1.300489008426666260e-01 2.182045131921768188e-01 2.621796131134033203e-01 -3.943325877189636230e-01 -6.642132401466369629e-01 -4.694780111312866211e-01 4.062595367431640625e-01 6.736796498298645020e-01 8.355399370193481445e-01 1.666285842657089233e-01 4.886492714285850525e-02 7.097480446100234985e-02 1.965936869382858276e-01 -2.382213175296783447e-01 2.413214594125747681e-01 1.051312163472175598e-01 2.999466359615325928e-01 -1.226186286658048630e-02 3.513728380203247070e-01 2.511129379272460938e-01 2.959605455398559570e-01 2.055899649858474731e-01 2.598657906055450439e-01 1.985809206962585449e-01 -6.795463711023330688e-02 -8.338335156440734863e-01 -3.929119706153869629e-01 4.389142990112304688e-01 2.235459350049495697e-02 2.281013727188110352e-01 3.503496944904327393e-01 7.306716442108154297e-01 -3.701819181442260742e-01 -3.152656853199005127e-01 4.152419567108154297e-01 2.206515334546566010e-02 1.341018974781036377e-01 3.032493591308593750e-01 -1.177624344825744629e+00 -1.884266287088394165e-01 4.926122128963470459e-01
-1.367345303297042847e-01 2.126913517713546753e-01 4.647921025753021240e-01 6.579229235649108887e-02 1.204862892627716064e-01 1.408955156803131104e-01 2.355891317129135132e-01 2.453252673149108887e-02 1.052125766873359680e-01 3.455523550510406494e-01 2.375760823488235474e-01 2.490647286176681519e-01 6.493777781724929810e-02 -5.673847198486328125e-01 3.427069783210754395e-01 3.536999225616455078e-01 3.238440752029418945e-01 2.117895931005477905e-01 -5.905606746673583984e-01 1.778988987207412720e-01 3.675984740257263184e-01 3.103775978088378906e-01 1.923388242721557617e-02 1.584648191928863525e-01 -8.460823446512222290e-02 4.130288958549499512e-01 2.495858632028102875e-02 3.160474300384521484e-01 1.704893261194229126e-01 3.524086177349090576e-01 1.033606380224227905e-01 -6.969358026981353760e-02 2.733818069100379944e-02 -1.008687540888786316e-01 1.443767361342906952e-02 1.902929395437240601e-01 3.892897665500640869e-01 2.120004445314407349e-01 1.710123270750045776e-01 -3.199763000011444092e-01 3.203618824481964111e-01 -2.311851829290390015e-01 -3.324161767959594727e-01 3.095071017742156982e-01 5.290121957659721375e-02 -1.491366475820541382e-01 8.312143385410308838e-02 2.867804653942584991e-02 1.169539391994476318e-01 3.227204829454421997e-02 4.377826452255249023e-01 3.368586301803588867e-01 -2.259560078382492065e-01 1.818547099828720093e-01 -2.101375609636306763e-01 4.025893509387969971e-01 8.499783277511596680e-02 1.958508342504501343e-01 3.659692406654357910e-01 9.980806708335876465e-02 8.256157040596008301e-01 9.429264068603515625e-01 4.440271258354187012e-01 4.905725717544555664e-01
6.165267825126647949e-01 7.332561910152435303e-02 2.658590376377105713e-01 2.301446199417114258e-01 -8.869475126266479492e-01 1.537392288446426392e-01 1.510286182165145874e-01 -5.261031389236450195e-01 2.669655978679656982e-01 4.811426699161529541e-01 2.552268803119659424e-01 -2.323803156614303589e-01 -1.008476093411445618e-01 3.598374128341674805e-01 -2.056167870759963989e-01 1.102771982550621033e-01 2.195818275213241577e-01 1.588509976863861084e-02 1.015388131141662598e+00 3.411660790443420410e-01 1.372172385454177856e-01 3.703967034816741943e-01 3.885229583829641342e-03 2.595097720623016357e-01 1.736126691102981567e-01 5.494080781936645508e-01 -3.775940537452697754e-01 -7.061903476715087891e-01 -3.940832912921905518e-01 5.878631472587585449e-01 5.965819358825683594e-01 9.273245334625244141e-01 8.516700938344001770e-03 1.085870414972305298e-01 1.105621829628944397e-01 3.201988339424133301e-01 -4.186572730541229248e-01 2.282125502824783325e-01 3.113744407892227173e-02 2.445269078016281128e-01 -1.145111545920372009e-01 4.012261629104614258e-01 3.937627375125885010e-01 3.526012599468231201e-01 2.182693034410476685e-01 2.658672034740447998e-01 2.266656458377838135e-01 -1.447463780641555786e-02 -7.580503821372985840e-01 -3.603576421737670898e-01 4.562266767024993896e-01 1.515051275491714478e-01 4.997707903385162354e-01 4.782792329788208008e-01 4.703630506992340088e-01 -2.077573537826538086e-01 -2.639458775520324707e-01 4.507814347743988037e-01 -1.381086558103561401e-01 7.959843426942825317e-02 2.966875135898590088e-01 -1.099396824836730957e+00 -1.778857856988906860e-01 4.336346387863159180e-01
6.151812672615051270e-01 6.287502497434616089e-02 2.851745858788490295e-02 1.379053890705108643e-01 1.254809945821762085e-01 -1.104934886097908020e-01 2.243471443653106689e-01 2.831921577453613281e-01 3.018732964992523193e-01 -3.330582976341247559e-01 -9.861905574798583984e-01 -1.407281905412673950e-01 1.004975676536560059e+00 1.226438760757446289e+00 9.420006275177001953e-01 3.872063159942626953e-01 1.180209517478942871e-01 -1.465369109064340591e-02 7.320888638496398926e-01 -5.094775557518005371e-01 5.515947192907333374e-02 2.114533782005310059e-01 7.282465696334838867e-01 4.330866038799285889e-01 7.334949374198913574e-01 7.549158483743667603e-02 4.877975881099700928e-01 2.411447018384933472e-01 9.026822447776794434e-02 -3.245434463024139404e-01 3.692274913191795349e-02 -5.792199969291687012e-01 5.223428010940551758e-01 4.304358363151550293e-01 3.267475068569183350e-01 2.410826385021209717e-01 5.787858366966247559e-01 -1.285053230822086334e-02 2.463562041521072388e-01 1.789634227752685547e-01 -5.031832456588745117e-01 7.771457433700561523e-01 6.860905289649963379e-01 1.095841974020004272e-01 -1.815883070230484009e-01 2.795021049678325653e-02 -1.426786277443170547e-02 2.901952899992465973e-02 3.229609131813049316e-01 5.138244628906250000e-01 -4.017410576343536377e-01 4.142340123653411865e-01 -1.830412387847900391e+00 2.145954221487045288e-01 2.598806023597717285e-01 2.011366933584213257e-01 6.454504132270812988e-01 2.041944712400436401e-01 1.647009551525115967e-01 -1.850589737296104431e-02 3.984049335122108459e-02 -1.140635371208190918e+00 -6.003137826919555664e-01 -1.940276473760604858e-01
2.905413806438446045e-01 5.378997325897216797e-02 1.574516296386718750e-01 3.008772134780883789e-01 -1.524009853601455688e-01 -2.531112134456634521e-01 2.212271094322204590e-01 1.095722317695617676e-01 4.121718406677246094e-01 1.499608904123306274e-01 -4.858578741550445557e-01 -8.339156955480575562e-02 2.310421466827392578e-01 -1.432062029838562012e+00 -1.846656501293182373e-01 6.755504757165908813e-02 2.668912708759307861e-01 2.889744937419891357e-01 3.707540631294250488e-01 -2.260567396879196167e-01 -1.025683283805847168e+00 -8.608083426952362061e-02 3.939301967620849609e-01 2.325037121772766113e-01 4.406677484512329102e-01 -1.641991496086120605e+00 1.952045261859893799e-01 -4.613411903381347656e+00 4.449173510074615479e-01 -9.103305637836456299e-02 8.808804154396057129e-01 2.927239239215850830e-01 6.143369674682617188e-01 3.235981464385986328e-01 3.058524429798126221e-01 3.640964925289154053e-01 1.358682513236999512e-01 2.510204315185546875e-01 -2.719715833663940430e-01 -2.462450563907623291e-01 -3.672578185796737671e-02 8.953058123588562012e-01 -1.860374361276626587e-01 1.320098489522933960e-01 8.715300261974334717e-02 2.046214193105697632e-01 1.960348039865493774e-01 2.674560844898223877e-01 -1.173550784587860107e-01 7.135983556509017944e-02 1.488199830055236816e-01 -8.830580711364746094e-01 1.009578108787536621e+00 -2.227762639522552490e-01 1.333177387714385986e-01 -4.094503819942474365e-01 5.422904491424560547e-01 1.839335560798645020e-01 1.020308062434196472e-01 4.205390214920043945e-01 -3.388299643993377686e-01 -5.334925174713134766e+00 -3.114007115364074707e-01 7.547150552272796631e-02
