1.641114801168441772e-01
-5.155150219798088074e-02
-2.389105409383773804e-01
4.873243868350982666e-01
1.798825711011886597e-01
5.260201096534729004e-01
5.149118304252624512e-01
6.580766439437866211e-01
7.381412386894226074e-01
1.965596377849578857e-01
-9.408186674118041992e-01
9.468375146389007568e-02
5.608638525009155273e-01
7.176588773727416992e-01
5.348851084709167480e-01
7.041793465614318848e-01
5.956794023513793945e-01
6.733762621879577637e-01
1.933045089244842529e-01
-3.719141185283660889e-01
5.182309746742248535e-01
1.324846893548965454e-01
2.386213392019271851e-01
6.162452697753906250e-01
6.903446912765502930e-01
6.017642021179199219e-01
6.525378227233886719e-01
1.339654773473739624e-01
5.033806562423706055e-01
2.155664116144180298e-01
-1.281620264053344727e-01
6.581269204616546631e-02
