3.196329176425933838e-01
4.678379893302917480e-01
2.959139943122863770e-01
8.586257100105285645e-01
3.165077567100524902e-01
-1.745974458754062653e-02
-8.920139074325561523e-02
-1.037897728383541107e-02
7.544295787811279297e-01
7.751206159591674805e-01
6.454812884330749512e-01
-4.977651238441467285e-01
-9.647293090820312500e-01
5.420634746551513672e-01
4.253004193305969238e-01
2.360842525959014893e-01
3.047701120376586914e-01
6.337336301803588867e-01
5.381858348846435547e-01
2.727361023426055908e-01
-3.275439739227294922e-01
-9.740229249000549316e-01
5.111563205718994141e-01
4.640305936336517334e-01
4.618287682533264160e-01
-7.498313188552856445e-01
-2.419966459274291992e-02
3.003727495670318604e-01
2.048446387052536011e-01
2.887139916419982910e-01
2.836139500141143799e-01
2.211827337741851807e-01
-6.881718635559082031e-01
-3.683157563209533691e-01
-2.559829354286193848e-01
7.515714764595031738e-01
3.395023643970489502e-01
4.132079780101776123e-01
-3.209007680416107178e-01
1.299244999885559082e+00
8.483098149299621582e-01
3.371564447879791260e-01
6.981690526008605957e-01
1.106979489326477051e+00
6.225115060806274414e-01
7.963200807571411133e-01
-2.649081647396087646e-01
-1.302674651145935059e+00
7.963328361511230469e-01
-5.500736832618713379e-01
-1.005600541830062866e-01
3.029358386993408203e-01
-6.036482453346252441e-01
-9.146207571029663086e-01
1.036911487579345703e+00
1.367319673299789429e-01
-4.624012112617492676e-01
1.989077962934970856e-02
8.729026317596435547e-01
4.822107255458831787e-01
-3.141707479953765869e-01
-5.463475584983825684e-01
6.101472973823547363e-01
4.986483156681060791e-01
