1.000811457633972168e+00 2.090397626161575317e-01 3.871465325355529785e-01 5.135000348091125488e-01 2.946946620941162109e-01 -1.203376203775405884e-01 6.239855885505676270e-01 1.734189838171005249e-01
8.596826195716857910e-01 -2.353170365095138550e-01 1.723596900701522827e-01 -4.300896525382995605e-01 4.007401466369628906e-01 -7.734974473714828491e-02 -2.411476373672485352e-01 1.009975597262382507e-01
6.655219197273254395e-01 -6.346418261528015137e-01 3.406682312488555908e-01 -5.480313897132873535e-01 -2.841320931911468506e-01 6.376681327819824219e-01 1.399333029985427856e-02 1.118143349885940552e-01
1.965696960687637329e-01 -1.709528416395187378e-01 -2.470137327909469604e-01 -3.754577338695526123e-01 5.885314941406250000e-01 -4.969093203544616699e-01 -1.575064510107040405e-01 -1.849237829446792603e-02
3.033430874347686768e-01 4.034104645252227783e-01 -1.397221088409423828e+00 7.304200530052185059e-02 -1.042396306991577148e+00 8.207855820655822754e-01 4.356338828802108765e-02 3.717116639018058777e-02
8.005350828170776367e-01 1.075672864913940430e+00 4.502979665994644165e-02 1.129272222518920898e+00 8.942982554435729980e-02 1.823860965669155121e-02 -1.149061799049377441e+00 4.101042170077562332e-03
-1.248039841651916504e+00 2.683324180543422699e-02 -9.480781555175781250e-01 5.320017933845520020e-01 -1.943961083889007568e-01 -1.971587836742401123e-01 3.494476675987243652e-01 -6.527338176965713501e-02
-8.019147515296936035e-01 -2.677866816520690918e-02 -7.535902261734008789e-01 3.185934126377105713e-01 -1.391384601593017578e+00 1.338011920452117920e-01 -1.202744171023368835e-01 4.652317166328430176e-01
-5.028790235519409180e-01 4.571496546268463135e-01 -3.940386772155761719e-01 2.185400426387786865e-01 -3.829025849699974060e-02 -2.828427217900753021e-02 7.828907109797000885e-03 5.815266072750091553e-02
-3.797427713871002197e-01 1.695805042982101440e-02 -3.023346066474914551e-01 4.023415148258209229e-01 -1.153795868158340454e-01 1.509646326303482056e-01 9.174738079309463501e-02 6.267838925123214722e-02
-6.409876793622970581e-02 4.200234115123748779e-01 2.101523280143737793e-01 1.650328636169433594e-01 -9.438624978065490723e-02 3.053759038448333740e-01 -4.464909061789512634e-02 2.275449782609939575e-01
-1.072275564074516296e-01 -4.868340790271759033e-01 2.206958979368209839e-01 -6.040595173835754395e-01 1.279882853850722313e-03 -6.275644898414611816e-01 3.171481490135192871e-01 1.973277479410171509e-01
4.699338376522064209e-01 6.269441843032836914e-01 1.746350228786468506e-01 5.572976469993591309e-01 7.176882773637771606e-02 -8.284986019134521484e-02 3.374487161636352539e-01 2.437582239508628845e-03
-6.367956399917602539e-01 -1.559846103191375732e-01 3.671848475933074951e-01 -1.893021613359451294e-01 -1.718068309128284454e-02 9.982700645923614502e-02 -8.760261535644531250e-02 9.392314590513706207e-03
4.194843471050262451e-01 -4.232862498611211777e-03 -2.950540781021118164e-01 -3.540208041667938232e-01 1.943854093551635742e-01 -2.500733733177185059e-01 -3.860504925251007080e-01 -3.070583567023277283e-02
5.272500216960906982e-03 -5.923963785171508789e-01 -6.235421821475028992e-02 -7.675120234489440918e-01 -3.581600636243820190e-02 -3.986992239952087402e-01 2.428742498159408569e-02 -1.577473944053053856e-03
-5.008753761649131775e-02 9.092468768358230591e-02 -1.322640061378479004e+00 5.487766265869140625e-01 -6.119194626808166504e-01 3.114727884531021118e-02 -2.424894869327545166e-01 1.408079825341701508e-02
-9.218721389770507812e-01 1.430317643098533154e-03 -3.195736706256866455e-01 2.567421197891235352e-01 -2.465500235557556152e-01 -2.688913345336914062e-01 6.698413193225860596e-02 5.050012096762657166e-02
6.390471458435058594e-01 3.396069109439849854e-01 -1.236139416694641113e+00 -6.987552344799041748e-02 -1.541998237371444702e-01 -2.661589346826076508e-02 -5.797268748283386230e-01 3.694403218105435371e-03
9.421765804290771484e-01 2.150947004556655884e-01 -6.113275885581970215e-01 -2.041585445404052734e-01 -1.465398073196411133e-01 2.619763910770416260e-01 -6.390095353126525879e-01 -2.230096459388732910e-01
-4.015183448791503906e-01 2.677502483129501343e-02 -5.267057418823242188e-01 1.624434739351272583e-01 -3.622573316097259521e-01 1.595392525196075439e-01 1.505205407738685608e-03 -1.202470273710787296e-03
-7.781029343605041504e-01 4.487920701503753662e-01 -1.879067569971084595e-01 3.434912264347076416e-01 -2.212224900722503662e-01 4.084846675395965576e-01 -5.363787412643432617e-01 -5.365307908505201340e-03
-1.209943834692239761e-02 -3.377155866473913193e-03 -2.601405680179595947e-01 1.822889596223831177e-01 5.565340630710124969e-03 2.424456328153610229e-01 -9.856154024600982666e-02 1.360211987048387527e-02
1.720815598964691162e-01 9.477365761995315552e-02 3.621220886707305908e-01 4.773107171058654785e-01 1.903077401220798492e-02 -4.049741476774215698e-02 -1.371106207370758057e-01 2.291680127382278442e-01
2.231878936290740967e-01 -5.962694808840751648e-02 1.392647922039031982e-01 -7.362849265336990356e-02 -2.820951044559478760e-01 3.190843388438224792e-02 7.159598171710968018e-02 -2.754493653774261475e-01
-7.683263421058654785e-01 6.121777296066284180e-01 -2.893497049808502197e-01 6.214833259582519531e-01 -2.110493481159210205e-01 -1.047105044126510620e-01 1.951916068792343140e-01 1.997246639803051949e-03
1.420421898365020752e-01 -3.021177351474761963e-01 -1.272344291210174561e-01 2.203570455312728882e-01 1.421011388301849365e-01 -5.410416983067989349e-03 -7.813128829002380371e-02 2.003379631787538528e-03
2.516642808914184570e-01 -1.906816214323043823e-01 -1.806075312197208405e-02 9.419275820255279541e-02 -3.477419018745422363e-01 1.667015254497528076e-01 -2.393176704645156860e-01 1.044067554175853729e-02
9.476355910301208496e-01 -4.249348938465118408e-01 1.019277647137641907e-01 -7.551633715629577637e-01 4.381299018859863281e-01 2.847307920455932617e-01 2.134882360696792603e-01 -3.982090950012207031e-02
1.238729581236839294e-01 1.615429073572158813e-01 7.549582123756408691e-01 5.912244915962219238e-01 2.543196976184844971e-01 1.070618987083435059e+00 2.694870531558990479e-01 5.545722320675849915e-03
-1.579494625329971313e-01 -4.930139482021331787e-01 1.810273975133895874e-01 -7.982287406921386719e-01 2.733030617237091064e-01 1.231451556086540222e-01 1.390904188156127930e-01 -1.019202452152967453e-02
5.562796071171760559e-02 3.773248493671417236e-01 -1.009479045867919922e+00 -8.147082477807998657e-02 -8.935166150331497192e-02 1.801236718893051147e-02 -6.183339953422546387e-01 6.525215692818164825e-03
2.975123003125190735e-02 -3.195407688617706299e-01 7.931692004203796387e-01 3.361055552959442139e-01 2.842510044574737549e-01 -5.656411051750183105e-01 2.353114485740661621e-01 -3.309669671580195427e-03
-1.009411334991455078e+00 2.138805836439132690e-01 -5.061886310577392578e-01 3.083483874797821045e-01 1.011366117745637894e-02 -1.268032789230346680e-01 1.114501580595970154e-01 -5.166694149374961853e-02
-2.366609275341033936e-01 7.886945605278015137e-01 2.950952351093292236e-01 5.892434716224670410e-01 -1.885762512683868408e-01 3.189700245857238770e-01 -9.676523804664611816e-01 1.574344001710414886e-02
-2.582873404026031494e-01 1.292928457260131836e-01 1.023774445056915283e-01 2.410213202238082886e-01 -4.963856339454650879e-01 -1.030246838927268982e-01 -6.267992258071899414e-01 3.434808924794197083e-02
8.340049982070922852e-01 -2.054456323385238647e-01 9.477097541093826294e-02 -2.178773730993270874e-01 1.764569878578186035e-01 -2.497511208057403564e-01 -3.029072880744934082e-01 -2.212401181459426880e-01
-1.102362036705017090e+00 -9.631223976612091064e-02 -1.162624880671501160e-01 1.660400182008743286e-01 -2.092141062021255493e-01 3.952649235725402832e-01 -3.457992076873779297e-01 -4.433190822601318359e-02
-1.158696770668029785e+00 1.815411001443862915e-01 -1.067032575607299805e+00 2.928842008113861084e-01 -8.556944727897644043e-01 5.093220472335815430e-01 -1.802340745925903320e-01 4.966475535184144974e-03
-3.493198454380035400e-01 -2.498811185359954834e-01 -3.816029429435729980e-01 2.183918356895446777e-01 -2.220560014247894287e-01 -2.097037434577941895e-01 -2.179515957832336426e-01 1.030895952135324478e-02
1.447381675243377686e-01 -3.629392981529235840e-01 -2.012985385954380035e-02 -5.227503180503845215e-01 -6.508119106292724609e-01 -3.023911714553833008e-01 -1.005026251077651978e-01 1.175234094262123108e-03
-2.643016353249549866e-02 3.018740415573120117e-01 -8.917754143476486206e-02 -6.560065597295761108e-02 -3.623482584953308105e-01 1.918825656175613403e-01 -1.872152984142303467e-01 1.311178356409072876e-01
9.065839648246765137e-01 7.216072082519531250e-02 6.008782237768173218e-02 -2.387887239456176758e-01 2.314508557319641113e-01 -9.278981387615203857e-02 -4.807295799255371094e-01 -1.467186212539672852e-01
-6.246522665023803711e-01 -2.243961095809936523e-01 -1.783325150609016418e-02 -1.007820293307304382e-01 -3.731203675270080566e-01 -3.453043699264526367e-01 -2.595465481281280518e-01 2.117647603154182434e-02
-5.718443989753723145e-01 3.380652666091918945e-01 -1.458760976791381836e+00 -7.506033033132553101e-02 -1.872126311063766479e-01 -2.569770216941833496e-01 -4.185836613178253174e-01 1.903524436056613922e-02
4.245492219924926758e-01 -2.268761247396469116e-01 1.946934014558792114e-01 -2.454270571470260620e-01 -1.515198200941085815e-01 -2.555995583534240723e-01 -3.371642529964447021e-01 -5.432177335023880005e-03
4.555596411228179932e-01 5.892485976219177246e-01 3.133403360843658447e-01 6.889979243278503418e-01 7.441499084234237671e-02 5.993153317831456661e-04 2.265129983425140381e-01 -9.276188910007476807e-03
-6.437071561813354492e-01 5.513299703598022461e-01 3.685030043125152588e-01 -6.088108941912651062e-02 2.063601464033126831e-01 9.250512719154357910e-02 -9.943215548992156982e-02 -1.040178118273615837e-03
-2.162988632917404175e-01 4.009741544723510742e-01 -8.412254601716995239e-02 4.151416420936584473e-01 -2.508960664272308350e-01 3.365908563137054443e-01 -5.597422122955322266e-01 1.142205819487571716e-01
-4.791680276393890381e-01 1.711765080690383911e-01 -2.747030258178710938e-01 -3.602688312530517578e-01 1.859406828880310059e-01 1.317921839654445648e-02 2.960385084152221680e-01 -9.637321233749389648e-01
2.254126518964767456e-01 -2.167916446924209595e-01 4.777793884277343750e-01 3.541387021541595459e-01 6.571989059448242188e-01 -5.890141129493713379e-01 9.318298101425170898e-01 -8.100424893200397491e-03
1.504070758819580078e-01 2.339432239532470703e-01 8.979499340057373047e-03 -1.664284318685531616e-01 -9.079364687204360962e-02 1.252205222845077515e-01 -1.273321658372879028e-01 1.219838708639144897e-01
7.130292057991027832e-01 2.205835133790969849e-01 9.482170343399047852e-01 9.432437270879745483e-02 5.824106931686401367e-01 -3.077200651168823242e-01 2.858580350875854492e-01 -2.204222418367862701e-02
2.132162451744079590e-02 -1.038581505417823792e-02 9.152716994285583496e-01 1.037785932421684265e-01 -4.923367872834205627e-02 1.332848221063613892e-01 3.400948345661163330e-01 -2.425419241189956665e-01
-2.996101081371307373e-01 2.830431461334228516e-01 2.285189777612686157e-01 -9.088528901338577271e-02 -3.320524990558624268e-01 -3.446049094200134277e-01 -4.804520308971405029e-01 2.727456949651241302e-02
5.097318887710571289e-01 2.761741578578948975e-01 -1.393463969230651855e+00 -4.052095487713813782e-02 -6.149839162826538086e-01 -5.814453363418579102e-01 -2.392733544111251831e-01 1.025651991367340088e-01
-1.247405648231506348e+00 4.119496345520019531e-01 -5.578172802925109863e-01 3.284622430801391602e-01 -7.646718621253967285e-02 -7.293646037578582764e-02 2.420242130756378174e-01 -1.118525862693786621e-01
3.617538213729858398e-01 -1.394288390874862671e-01 -3.022252023220062256e-01 -4.261017441749572754e-01 1.244218945503234863e-01 -1.324419081211090088e-01 -1.074095591902732849e-01 -1.413645148277282715e-01
-3.238442540168762207e-01 -1.464993059635162354e-01 -1.658930331468582153e-01 5.154271125793457031e-01 -1.526364088058471680e-01 -1.143339127302169800e-01 -5.807194709777832031e-01 -4.209080245345830917e-03
-6.215946674346923828e-01 1.839406490325927734e-01 -6.660593152046203613e-01 -3.584528807550668716e-03 -3.681853711605072021e-01 -3.399443328380584717e-01 -2.215456031262874603e-02 -2.312913723289966583e-02
2.643237709999084473e-01 -6.204166635870933533e-02 6.474132537841796875e-01 2.314641177654266357e-01 4.926898777484893799e-01 -3.474311828613281250e-01 8.231936097145080566e-01 -3.997203893959522247e-03
1.982950232923030853e-02 -1.584494411945343018e-01 5.021980404853820801e-01 3.997215330600738525e-01 6.568291187286376953e-01 -3.464550077915191650e-01 8.924353718757629395e-01 1.787592191249132156e-03
-2.299963384866714478e-01 -2.269733399152755737e-01 -5.751664042472839355e-01 -1.029481068253517151e-01 -3.348632529377937317e-02 8.115468025207519531e-01 -3.894846141338348389e-01 -2.981500886380672455e-02
-1.066295504570007324e+00 -1.295334696769714355e-01 9.875562041997909546e-02 -5.411604642868041992e-01 4.367883205413818359e-01 -1.902266591787338257e-01 2.804655767977237701e-02 2.385053038597106934e-02
