-9.203582257032394409e-02
2.151234596967697144e-01
-4.629443287849426270e-01
7.735821008682250977e-01
5.981364846229553223e-01
-5.351052284240722656e-01
7.944392561912536621e-01
8.493332862854003906e-01
-6.517150998115539551e-01
5.594921112060546875e-02
-8.655040860176086426e-01
8.620254397392272949e-01
2.938387095928192139e-01
8.162730336189270020e-01
-6.761962175369262695e-01
2.285171002149581909e-01
8.092303276062011719e-01
6.832015514373779297e-01
6.005446314811706543e-01
3.224475383758544922e-01
7.235289216041564941e-01
7.574881911277770996e-01
7.792676091194152832e-01
8.568928241729736328e-01
2.889352440834045410e-01
-5.083689093589782715e-01
6.592715382575988770e-01
9.491802006959915161e-02
-4.918320477008819580e-02
3.227478824555873871e-03
6.128404736518859863e-01
-6.530216932296752930e-01
