-4.282983541488647461e-01 4.324171692132949829e-02 1.913741677999496460e-01 3.952134549617767334e-01 4.991271793842315674e-01 -5.448752641677856445e-01 3.096873462200164795e-01 -1.054776385426521301e-01 2.292608469724655151e-01 1.268033534288406372e-01 -6.263209506869316101e-03 2.436563968658447266e-01 -6.584141254425048828e-01 7.048279792070388794e-02 2.003220468759536743e-02 1.894442588090896606e-01 1.963583230972290039e-01 3.552592992782592773e-01 2.970899939537048340e-01 -6.471734046936035156e-01 2.113346159458160400e-01 1.576586723327636719e+00 1.036880090832710266e-01 4.997740685939788818e-02 -4.345604777336120605e-02 1.062646061182022095e-01 -1.576506346464157104e-01 -2.351159602403640747e-02 6.043937802314758301e-01 -2.841344177722930908e-01 1.746292710304260254e-01 3.588704019784927368e-02 -9.574400633573532104e-02 5.084792375564575195e-01 -4.328818991780281067e-03 2.344094812870025635e-01 -1.174093857407569885e-01 -4.668214172124862671e-02 1.005551338195800781e+00 3.176139295101165771e-01 3.551487997174263000e-02 4.731611814349889755e-03 5.406095460057258606e-02 3.550805151462554932e-01 5.776974558830261230e-01 3.018044531345367432e-01 -3.320944905281066895e-01 1.485894799232482910e+00 3.517896234989166260e-01 6.036568284034729004e-01 -3.470059633255004883e-01 2.174765765666961670e-01 -2.021868675947189331e-01 5.177012681961059570e-01 2.586518228054046631e-01 3.598278760910034180e-01 7.570511102676391602e-01 2.121414095163345337e-01 3.135857880115509033e-01 8.259262144565582275e-02 -3.010655343532562256e-01 -3.972151279449462891e-01 1.933829635381698608e-01 7.114410400390625000e-02
-2.486661821603775024e-01 3.114661276340484619e-01 3.806764781475067139e-01 4.663628935813903809e-01 4.724815487861633301e-01 -5.506158471107482910e-01 4.851621687412261963e-01 1.151709333062171936e-01 3.539749979972839355e-01 2.327854931354522705e-01 1.538697034120559692e-01 2.506179809570312500e-01 -6.164005994796752930e-01 5.738079547882080078e-02 3.527696728706359863e-01 5.272032320499420166e-02 3.878030776977539062e-01 2.266658097505569458e-01 2.025366574525833130e-01 -1.993950456380844116e-01 -4.673841595649719238e-02 1.265766382217407227e+00 2.400850951671600342e-01 -3.588608279824256897e-02 2.540287375450134277e-01 -2.532167434692382812e-01 1.938742585480213165e-02 1.090421155095100403e-01 3.922589123249053955e-01 -4.686343669891357422e-01 2.275564521551132202e-01 1.516869813203811646e-01 -3.207276165485382080e-01 -4.673321172595024109e-02 -2.564872503280639648e-01 2.096795439720153809e-01 2.516794204711914062e-01 -6.037052348256111145e-02 1.776130944490432739e-01 5.800867676734924316e-01 3.306247889995574951e-01 1.896196156740188599e-01 4.224735796451568604e-01 4.557930529117584229e-01 6.415959596633911133e-01 4.406051635742187500e-01 -2.832607924938201904e-01 -2.223905563354492188e+00 2.294060438871383667e-01 1.348900049924850464e-01 -1.788102686405181885e-01 8.587455004453659058e-02 -7.108732461929321289e-01 3.062790930271148682e-01 3.276306092739105225e-01 5.968350172042846680e-01 4.077162146568298340e-01 1.051391065120697021e-01 2.692651450634002686e-01 4.567518532276153564e-01 -3.977815508842468262e-01 -6.517812609672546387e-01 3.010742366313934326e-01 -2.307781390845775604e-02
2.785952687263488770e-01 2.537274360656738281e-01 1.707002818584442139e-01 1.272867769002914429e-01 1.684341579675674438e-01 -1.342097949236631393e-02 -7.872452139854431152e-01 8.172643780708312988e-01 -3.938605189323425293e-01 4.016737267374992371e-02 3.931026160717010498e-01 -8.795166388154029846e-03 -2.842083573341369629e-01 -3.869754672050476074e-01 -1.147845238447189331e-01 2.359298765659332275e-01 8.685090392827987671e-02 2.088940441608428955e-01 2.466287165880203247e-01 4.346331655979156494e-01 1.167185530066490173e-01 -2.350662052631378174e-01 -3.998180031776428223e-01 4.524357318878173828e-01 -2.165186405181884766e+00 1.393569707870483398e-01 1.047841757535934448e-01 1.154909357428550720e-01 8.271717429161071777e-01 -6.736542582511901855e-01 1.864379346370697021e-01 5.403019189834594727e-01 4.072990417480468750e-01 -1.555726379156112671e-01 -6.178027987480163574e-01 -1.136578470468521118e-01 -4.246795773506164551e-01 -3.913313150405883789e-01 -7.770572304725646973e-01 1.886374354362487793e-01 2.795342504978179932e-01 2.719503343105316162e-01 -2.946853160858154297e+00 -2.699275612831115723e-01 1.643097996711730957e-01 2.430723458528518677e-01 -2.688656188547611237e-02 1.163283824920654297e+00 7.837478816509246826e-02 -1.552980065345764160e+00 -3.248007297515869141e-01 3.262269496917724609e-01 -2.727610170841217041e-01 -1.077032804489135742e+00 -1.550483107566833496e-01 6.788222789764404297e-01 -1.958173632621765137e+00 4.405442625284194946e-02 -5.478653311729431152e-01 3.408492207527160645e-01 -5.619291663169860840e-01 -2.470456063747406006e-01 -8.681651353836059570e-01 3.408798575401306152e-01
3.674252927303314209e-01 6.105188280344009399e-02 -5.175619125366210938e-01 2.919281423091888428e-01 -3.698042333126068115e-01 4.877198338508605957e-01 -2.509423196315765381e-01 1.868761330842971802e-01 3.842490315437316895e-01 1.879354715347290039e-01 2.457282543182373047e-01 -2.488450519740581512e-02 -8.933609724044799805e-01 2.097829729318618774e-01 1.327083706855773926e-01 -1.553362160921096802e-01 -2.642232477664947510e-01 4.092515408992767334e-01 -2.213395237922668457e-01 1.515446603298187256e-01 9.776800870895385742e-02 -5.106582641601562500e-01 1.787728965282440186e-01 3.122321665287017822e-01 1.876942068338394165e-01 -3.756819665431976318e-01 1.186254024505615234e-01 1.341192871332168579e-01 -4.981381893157958984e-01 5.063164234161376953e-01 -3.040161728858947754e-01 -1.979522854089736938e-01 4.336014688014984131e-01 -3.385718166828155518e-01 1.243118494749069214e-01 2.408949881792068481e-01 2.732999920845031738e-01 3.817785978317260742e-01 -5.681738629937171936e-02 5.082677006721496582e-01 -2.125360369682312012e-01 1.513810902833938599e-01 6.485550105571746826e-02 3.758741021156311035e-01 -2.251518815755844116e-01 2.877110242843627930e-01 2.360910624265670776e-01 2.234848141670227051e-01 3.769628107547760010e-01 2.019500434398651123e-01 3.791041076183319092e-01 9.276279062032699585e-02 1.188779771327972412e-01 2.330355495214462280e-01 4.490965902805328369e-01 -3.542256355285644531e-01 -2.165626585483551025e-01 1.962530612945556641e-01 4.186873435974121094e-01 8.727142214775085449e-02 1.416793018579483032e-01 3.416540622711181641e-01 2.295716553926467896e-01 2.995356023311614990e-01
4.267997145652770996e-01 6.809812784194946289e-01 -4.708295822143554688e+00 3.477136194705963135e-01 2.014408856630325317e-01 2.519501745700836182e-01 -9.828757494688034058e-02 -1.478856086730957031e+00 3.697944059967994690e-02 4.319321736693382263e-02 1.148707121610641479e-01 5.918753147125244141e-01 -6.630451083183288574e-01 1.449618339538574219e-01 8.665352314710617065e-02 -1.375102400779724121e-01 -1.674510985612869263e-01 -9.303800016641616821e-02 -1.424861699342727661e-01 -1.123116835951805115e-01 -6.743612289428710938e-01 -7.418016195297241211e-01 -1.934621036052703857e-01 1.837593615055084229e-01 -2.897847890853881836e-01 -4.566931128501892090e-01 -2.647238224744796753e-02 7.284534722566604614e-02 -2.035591125488281250e+00 5.432559847831726074e-01 -1.277973532676696777e+00 -1.961187422275543213e-01 5.047862417995929718e-03 -3.955404460430145264e-01 3.662522882223129272e-02 1.612964123487472534e-01 2.204561978578567505e-01 -1.831559538841247559e-01 -3.700366735458374023e+00 3.904900252819061279e-01 -7.119967341423034668e-01 -1.160730645060539246e-01 2.821282446384429932e-01 -7.725325226783752441e-02 -3.019898533821105957e-01 2.118689417839050293e-01 1.954596638679504395e-01 -4.846033155918121338e-01 1.407195180654525757e-01 -1.257432341575622559e+00 2.923567593097686768e-01 2.167560756206512451e-01 2.078935205936431885e-01 2.008414566516876221e-01 1.684538871049880981e-01 -3.013346791267395020e-01 -3.223075568675994873e-01 5.087320134043693542e-02 -7.826263457536697388e-02 2.847048938274383545e-01 8.643840998411178589e-02 -2.795120701193809509e-02 -8.990817666053771973e-01 6.089866757392883301e-01
1.770292222499847412e-02 -4.596250057220458984e-01 -6.422109603881835938e-01 -1.637625992298126221e-01 4.602424800395965576e-01 9.574980288743972778e-02 -4.314378276467323303e-02 2.891472280025482178e-01 1.702429205179214478e-01 2.034862898290157318e-02 1.238516345620155334e-01 6.245845928788185120e-03 5.372859835624694824e-01 -5.390824675559997559e-01 -1.081202458590269089e-02 7.403755187988281250e-01 2.330276370048522949e-01 1.223287060856819153e-01 1.018155068159103394e-01 -1.228063106536865234e-01 6.421880424022674561e-02 5.159528851509094238e-01 1.337631046772003174e-01 8.746990561485290527e-02 -1.159689724445343018e-01 2.889027595520019531e-01 2.446933686733245850e-01 7.854017615318298340e-02 -4.107851684093475342e-01 -2.567647099494934082e-01 7.277379035949707031e-01 4.533965885639190674e-02 5.979984998703002930e-01 -1.374194025993347168e-01 2.315881252288818359e-01 -1.186457648873329163e-02 -3.905202448368072510e-02 -4.260285794734954834e-01 5.606712102890014648e-01 -3.081986606121063232e-01 2.120288014411926270e-01 1.660189330577850342e-01 -4.128824174404144287e-02 -3.346673846244812012e-01 2.397018373012542725e-01 -2.270522266626358032e-01 4.793641269207000732e-01 2.181653738021850586e+00 3.841674327850341797e-02 1.354587435722351074e+00 3.146574497222900391e-01 1.971857994794845581e-01 7.497904300689697266e-01 7.032039165496826172e-01 -1.614829301834106445e-01 2.528177797794342041e-01 1.602218002080917358e-01 5.302270129323005676e-02 -3.200570866465568542e-02 -3.899948894977569580e-01 3.739030659198760986e-01 6.579623222351074219e-01 -1.351696014404296875e+00 -4.641899764537811279e-01
2.558395266532897949e-01 1.894018352031707764e-01 -6.878151893615722656e-01 3.171927332878112793e-01 -5.530126094818115234e-01 4.176606535911560059e-01 -1.024887114763259888e-01 3.850771114230155945e-02 3.746613264083862305e-01 3.354184925556182861e-01 2.599699497222900391e-01 -1.359211206436157227e-01 -7.807692885398864746e-01 2.464878708124160767e-01 2.145887017250061035e-01 -2.250066697597503662e-01 -3.137123584747314453e-01 2.457011193037033081e-01 -1.634143441915512085e-01 1.495209187269210815e-01 5.131491925567388535e-03 -7.194525003433227539e-01 1.934821307659149170e-01 3.151997625827789307e-01 8.701919764280319214e-02 -3.115188479423522949e-01 1.015538424253463745e-01 1.233670040965080261e-01 -5.966063141822814941e-01 2.951032817363739014e-01 -1.931117326021194458e-01 -1.132126152515411377e-01 2.814056277275085449e-01 -1.682437956333160400e-01 8.087971061468124390e-02 2.238917648792266846e-01 1.940805763006210327e-01 4.279314875602722168e-01 4.708535969257354736e-02 3.443810641765594482e-01 -2.624914944171905518e-01 2.364297807216644287e-01 3.437858819961547852e-02 3.966167867183685303e-01 -1.717204600572586060e-01 2.239055931568145752e-01 1.135644018650054932e-01 9.976190328598022461e-02 2.779268324375152588e-01 1.852144747972488403e-01 4.115722477436065674e-01 1.078467145562171936e-01 2.004367709159851074e-01 2.324979454278945923e-01 2.372414469718933105e-01 -2.617564797401428223e-01 -2.416590154170989990e-01 1.313090324401855469e-01 2.476323246955871582e-01 1.451812833547592163e-01 3.109640181064605713e-01 8.812417089939117432e-02 1.885607689619064331e-01 2.371754646301269531e-01
1.369325220584869385e-01 1.346135628409683704e-03 -4.904316365718841553e-01 4.280718266963958740e-01 -5.497707128524780273e-01 4.567643105983734131e-01 -1.682178080081939697e-01 1.845995932817459106e-01 2.747030854225158691e-01 2.247354090213775635e-01 3.298930823802947998e-01 -9.347427636384963989e-02 -8.626208901405334473e-01 2.916000783443450928e-01 1.291710138320922852e-01 -1.830546259880065918e-01 -1.795463263988494873e-01 4.053933322429656982e-01 -1.539588570594787598e-01 1.935063451528549194e-01 7.975139468908309937e-02 -4.991698563098907471e-01 1.910741329193115234e-01 2.339869290590286255e-01 1.231184322386980057e-02 -3.747324049472808838e-01 7.029321044683456421e-02 7.641717046499252319e-02 -6.061849594116210938e-01 4.422565400600433350e-01 -3.184956014156341553e-01 3.112979233264923096e-02 3.560492396354675293e-01 -3.596696853637695312e-01 4.868245124816894531e-02 1.474844813346862793e-01 3.251402378082275391e-01 4.937157630920410156e-01 2.118232659995555878e-02 3.201236426830291748e-01 -1.097560003399848938e-01 1.689848899841308594e-01 2.730475962162017822e-01 3.535154163837432861e-01 -1.402421444654464722e-01 2.708580791950225830e-01 1.997680813074111938e-01 1.219000667333602905e-01 2.546389102935791016e-01 1.981919258832931519e-01 3.988540470600128174e-01 1.693936884403228760e-01 1.475548595190048218e-01 3.019195497035980225e-01 4.817328453063964844e-01 -1.437329202890396118e-01 -3.237316310405731201e-01 2.031365633010864258e-01 3.579158484935760498e-01 4.245954379439353943e-02 3.404763936996459961e-01 2.710111737251281738e-01 1.868763715028762817e-01 3.864178359508514404e-01
3.203419744968414307e-01 -1.371163010597229004e+00 -1.483964920043945312e-01 -3.924252986907958984e-01 3.288963735103607178e-01 4.264397025108337402e-01 -4.325803518295288086e-01 4.304735958576202393e-01 1.823679059743881226e-01 5.809104442596435547e-02 1.505723148584365845e-01 -1.021727442741394043e+00 7.034143209457397461e-01 -1.015906691551208496e+00 8.398945629596710205e-02 -6.777244806289672852e-01 1.284908801317214966e-01 2.023466229438781738e-01 6.156868115067481995e-02 -2.252937555313110352e-01 -3.028146550059318542e-02 6.537824869155883789e-01 8.564186096191406250e-02 2.038063555955886841e-01 -4.586291611194610596e-01 3.340822458267211914e-01 6.109950691461563110e-02 1.484803408384323120e-01 -3.344222307205200195e-01 -6.018168106675148010e-02 7.486534714698791504e-01 1.091349273920059204e-01 8.180432319641113281e-01 -1.231706887483596802e-01 5.407877564430236816e-01 3.568548336625099182e-02 2.764770388603210449e-01 -1.137533307075500488e+00 5.809077620506286621e-01 -4.448650181293487549e-01 1.309719681739807129e+00 1.364270411431789398e-02 9.021805226802825928e-02 -5.573536157608032227e-01 -2.112054452300071716e-02 -4.393265247344970703e-01 6.841617226600646973e-01 2.566407442092895508e+00 2.099001407623291016e-01 -8.124726414680480957e-01 3.619539737701416016e-01 1.386266201734542847e-01 7.263026237487792969e-01 5.672522187232971191e-01 3.199191391468048096e-02 1.593908518552780151e-01 -1.306396722793579102e-02 5.493969842791557312e-02 -6.648140028119087219e-03 -1.087048184126615524e-02 6.109141111373901367e-01 8.638535141944885254e-01 -1.286348581314086914e+00 -1.889918684959411621e+00
5.066891014575958252e-02 -2.188279628753662109e-01 3.565295040607452393e-01 3.777434527873992920e-01 5.879180431365966797e-01 -3.766134083271026611e-01 5.017040371894836426e-01 2.825980186462402344e-01 3.517814353108406067e-02 1.110724210739135742e-01 -9.556523710489273071e-02 4.404697418212890625e-01 -4.772299230098724365e-01 -5.711227655410766602e-01 2.225796133279800415e-01 7.613905668258666992e-01 1.877915412187576294e-01 4.052609503269195557e-01 2.532251477241516113e-01 -5.099274516105651855e-01 -1.110104322433471680e-01 -2.911725342273712158e-01 -1.121649518609046936e-01 9.777630865573883057e-02 -2.595014572143554688e-01 -1.520217359066009521e-01 -2.513320446014404297e-01 -1.607258021831512451e-01 2.181133255362510681e-02 -3.638785839080810547e+00 5.053747892379760742e-01 2.276626043021678925e-02 2.326272428035736084e-01 -1.848228275775909424e-01 -5.918189883232116699e-01 1.404688060283660889e-01 -2.974502146244049072e-01 -8.845976591110229492e-01 -7.660036683082580566e-01 2.913756370544433594e-01 3.153571784496307373e-01 -2.930833697319030762e-01 5.994850071147084236e-04 3.348179459571838379e-01 2.904540002346038818e-01 2.112333923578262329e-01 7.709777355194091797e-02 -1.250687122344970703e+00 -1.122502684593200684e-01 2.677365541458129883e-01 2.261638045310974121e-01 -7.024366408586502075e-02 -1.828355044126510620e-01 2.269876241683959961e+00 2.707725465297698975e-01 3.956145048141479492e-01 4.878085106611251831e-02 1.355489790439605713e-01 8.545526117086410522e-02 3.352563679218292236e-01 -2.382571622729301453e-02 2.390539944171905518e-01 1.611181162297725677e-02 -2.170311063528060913e-01
-1.399569362401962280e-01 -9.281236678361892700e-02 4.686042368412017822e-01 -3.094449639320373535e-01 3.948995769023895264e-01 -2.707578837871551514e-01 9.252883493900299072e-02 -1.297407746315002441e-01 -3.953993022441864014e-01 -3.926231861114501953e-01 -2.336953282356262207e-01 1.400633454322814941e-01 7.731984257698059082e-01 -3.165083825588226318e-01 -2.629485130310058594e-01 1.071271523833274841e-01 2.997555136680603027e-01 -3.858610987663269043e-01 1.125027239322662354e-01 -3.486321568489074707e-01 -1.719449758529663086e-01 4.680025279521942139e-01 -2.566114962100982666e-01 -2.587902545928955078e-01 -5.757721886038780212e-02 3.125368058681488037e-01 4.406440537422895432e-03 -1.496028751134872437e-01 4.866304695606231689e-01 -3.388331234455108643e-01 2.436086982488632202e-01 -4.426952823996543884e-02 -3.017697930335998535e-01 1.751167923212051392e-01 -6.103316321969032288e-02 -2.384681403636932373e-01 -1.198053061962127686e-01 -3.149428069591522217e-01 7.342545688152313232e-02 -3.608549237251281738e-01 1.292205452919006348e-01 -5.960182473063468933e-02 -1.679989993572235107e-01 -4.190559089183807373e-01 2.036754041910171509e-01 -6.306887418031692505e-02 -1.152580417692661285e-02 -1.627992093563079834e-01 -4.197449386119842529e-01 -1.454724222421646118e-01 -3.261944353580474854e-01 -2.328643053770065308e-01 -2.812214791774749756e-01 -2.049815654754638672e-01 -2.942175865173339844e-01 3.310903012752532959e-01 3.012547492980957031e-01 -1.279623210430145264e-01 -2.453062832355499268e-01 -1.579882502555847168e-01 -2.585206925868988037e-01 -3.401992619037628174e-01 -3.049343451857566833e-02 -3.757883012294769287e-01
1.874071359634399414e-01 1.633059531450271606e-01 -6.154388189315795898e-01 2.681254744529724121e-01 -5.446131825447082520e-01 4.094272851943969727e-01 -1.533153206110000610e-01 2.241684794425964355e-01 4.127185642719268799e-01 3.161939382553100586e-01 3.126588165760040283e-01 4.661867860704660416e-03 -9.242575764656066895e-01 2.687954604625701904e-01 1.869641393423080444e-01 -2.237007021903991699e-01 -3.569634854793548584e-01 2.111777961254119873e-01 -2.688897252082824707e-01 3.445540368556976318e-01 -1.701120100915431976e-02 -5.493074059486389160e-01 1.354193538427352905e-01 2.333182841539382935e-01 1.414127945899963379e-01 -2.995970249176025391e-01 -6.153541803359985352e-02 9.297616779804229736e-02 -6.355777382850646973e-01 4.144302606582641602e-01 -2.499338239431381226e-01 -2.681414596736431122e-02 4.434064626693725586e-01 -2.246368229389190674e-01 1.839147508144378662e-01 2.549558877944946289e-01 1.219539865851402283e-01 4.228169620037078857e-01 -8.241562545299530029e-02 4.571852684020996094e-01 -1.262812167406082153e-01 1.472331136465072632e-01 2.099623382091522217e-01 3.399284780025482178e-01 -1.593090146780014038e-01 3.239172697067260742e-01 2.525090873241424561e-01 8.633938431739807129e-02 2.929241359233856201e-01 1.306179910898208618e-01 3.110995888710021973e-01 5.501475557684898376e-02 3.294204771518707275e-01 2.216490209102630615e-01 4.038495421409606934e-01 -3.212159574031829834e-01 -2.748662829399108887e-01 7.454140484333038330e-02 3.881270587444305420e-01 1.816730797290802002e-01 2.385690808296203613e-01 2.318318337202072144e-01 1.288068145513534546e-01 4.143336415290832520e-01
-3.059815466403961182e-01 3.977320194244384766e-01 2.173241525888442993e-01 3.714724779129028320e-01 3.224157094955444336e-01 -5.937451720237731934e-01 3.538256585597991943e-01 3.969427198171615601e-02 2.558293640613555908e-01 1.437758356332778931e-01 1.967532783746719360e-01 3.220576047897338867e-01 -6.677893400192260742e-01 -5.982870236039161682e-02 2.351901680231094360e-01 8.998518437147140503e-02 4.045783579349517822e-01 1.369833350181579590e-01 3.145024776458740234e-01 -2.615601122379302979e-01 7.690993696451187134e-02 1.311495304107666016e+00 3.105922639369964600e-01 1.971723288297653198e-01 9.242780506610870361e-02 -1.908642947673797607e-01 4.434287548065185547e-03 2.103146910667419434e-01 5.011842846870422363e-01 -3.392569422721862793e-01 1.030303761363029480e-01 6.549360603094100952e-02 -4.032928049564361572e-01 6.776142865419387817e-02 -3.874890208244323730e-01 3.104342222213745117e-01 1.653979569673538208e-01 9.632369503378868103e-03 5.271353721618652344e-01 4.666160345077514648e-01 1.427541226148605347e-01 2.458066940307617188e-01 6.368674635887145996e-01 3.414306044578552246e-01 5.508596301078796387e-01 4.258041381835937500e-01 -2.081219255924224854e-01 -3.013094186782836914e+00 2.237754017114639282e-01 -1.201432421803474426e-01 -1.494180262088775635e-01 5.527570843696594238e-02 -4.875286817550659180e-01 1.539384871721267700e-01 3.642151951789855957e-01 5.760819315910339355e-01 4.664459079504013062e-02 7.499103248119354248e-02 2.798396050930023193e-01 4.016104936599731445e-01 -2.943683266639709473e-01 -6.059625148773193359e-01 4.279542863368988037e-01 -5.542223900556564331e-02
3.470037281513214111e-01 1.354163587093353271e-01 -6.157289743423461914e-01 3.000965416431427002e-01 -3.566996753215789795e-01 3.895565569400787354e-01 -1.486732959747314453e-01 2.763376832008361816e-01 3.889131546020507812e-01 1.698730140924453735e-01 1.806746572256088257e-01 -1.337594632059335709e-02 -8.643022179603576660e-01 3.277741968631744385e-01 1.472428888082504272e-01 -1.660320460796356201e-01 -3.732957541942596436e-01 3.366976082324981689e-01 -3.145525455474853516e-01 3.492898046970367432e-01 1.300118565559387207e-01 -5.214312076568603516e-01 8.752933889627456665e-02 2.968089580535888672e-01 4.299922659993171692e-02 -4.224048256874084473e-01 -5.342111364006996155e-02 9.234409779310226440e-02 -6.195225119590759277e-01 2.878907024860382080e-01 -2.816861569881439209e-01 -4.554816707968711853e-02 2.785915732383728027e-01 -1.462546586990356445e-01 1.415792107582092285e-01 1.787997186183929443e-01 1.837526410818099976e-01 2.725912332534790039e-01 -1.094520986080169678e-01 3.487065434455871582e-01 -1.830257624387741089e-01 2.063798904418945312e-01 2.349233627319335938e-01 2.083390057086944580e-01 -1.213039234280586243e-01 2.414571344852447510e-01 1.951134353876113892e-01 4.134293645620346069e-02 1.926211267709732056e-01 1.704770475625991821e-01 4.301658570766448975e-01 2.374329417943954468e-01 1.083415970206260681e-01 2.866685986518859863e-01 4.074408113956451416e-01 -4.059305787086486816e-01 -4.601103663444519043e-01 1.351273804903030396e-01 4.126823842525482178e-01 2.405369728803634644e-01 1.247857287526130676e-01 2.001286298036575317e-01 2.082331329584121704e-01 4.309744834899902344e-01
-2.002617120742797852e+00 2.701175510883331299e-01 7.720515131950378418e-02 1.407306194305419922e-01 1.643214374780654907e-01 -1.470161676406860352e-01 -7.351488471031188965e-01 -8.167414665222167969e-01 -6.883983016014099121e-01 -2.871223986148834229e-01 -8.104342222213745117e-02 2.699780762195587158e-01 -1.798885315656661987e-02 2.316693663597106934e-01 7.007795572280883789e-02 7.740716636180877686e-02 -5.544300079345703125e-01 -7.676445245742797852e-01 -1.545456647872924805e-01 -9.809200651943683624e-03 -9.891068935394287109e-01 1.875321120023727417e-01 2.342739142477512360e-02 -9.208650141954421997e-02 2.563547901809215546e-02 3.310304135084152222e-02 9.488246589899063110e-02 6.630168855190277100e-02 8.689727783203125000e-01 5.579690933227539062e-01 2.144132405519485474e-01 -3.400292098522186279e-01 3.444348573684692383e-01 -1.169648021459579468e-01 1.134081006050109863e+00 -6.737527847290039062e-01 -1.466008782386779785e+00 -1.158926635980606079e-01 -3.504345417022705078e-01 -7.161207199096679688e-01 -4.763017296791076660e-01 -9.352556467056274414e-01 1.274451729841530323e-03 -2.965322136878967285e-01 -2.114111185073852539e-01 -4.287055507302284241e-02 -2.097820043563842773e+00 9.462088346481323242e-01 -9.802134633064270020e-01 2.524842619895935059e-01 1.433361321687698364e-01 -8.320234715938568115e-02 1.039211273193359375e+00 7.554624080657958984e-01 -5.437693595886230469e-01 -5.620085000991821289e-01 -1.471361517906188965e-01 2.473619580268859863e-01 -3.284194767475128174e-01 -9.427368640899658203e-01 4.137943089008331299e-01 8.680726885795593262e-01 -8.574188947677612305e-01 1.087454706430435181e-01
-4.233066439628601074e-01 2.833509743213653564e-01 2.329237312078475952e-01 4.476946890354156494e-01 7.584179639816284180e-01 -4.295265376567840576e-01 3.579024672508239746e-01 1.479536741971969604e-01 2.360095381736755371e-01 2.148418277502059937e-01 2.338376194238662720e-01 1.343881636857986450e-01 -7.914424538612365723e-01 -5.946111306548118591e-02 3.013562560081481934e-01 4.844327270984649658e-02 1.958531141281127930e-01 1.472711414098739624e-01 2.008365988731384277e-01 -1.855070292949676514e-01 1.829202622175216675e-01 6.073611378669738770e-01 7.774246484041213989e-02 6.724976003170013428e-02 -4.650863353163003922e-03 -3.721548244357109070e-02 7.887206971645355225e-02 -7.717282976955175400e-03 6.136929392814636230e-01 -3.801522552967071533e-01 1.618902981281280518e-01 2.753742635250091553e-01 -2.168686091899871826e-01 2.332303225994110107e-01 -1.190145164728164673e-01 3.674844801425933838e-01 4.043695032596588135e-01 -1.885545551776885986e-01 8.506614565849304199e-01 4.018010497093200684e-01 1.199579164385795593e-01 1.858482211828231812e-01 4.268656969070434570e-01 2.497016936540603638e-01 6.859332323074340820e-01 3.678886294364929199e-01 -3.564378023147583008e-01 -1.301517844200134277e+00 1.733638346195220947e-01 4.119114875793457031e-01 -2.446773797273635864e-01 9.211046248674392700e-02 -3.969478607177734375e-01 5.377091169357299805e-01 3.935513794422149658e-01 2.164339423179626465e-01 3.511695861816406250e-01 1.367147713899612427e-01 3.163069486618041992e-01 1.367430835962295532e-01 -4.738481342792510986e-01 -7.318490743637084961e-01 2.531733512878417969e-01 3.959867730736732483e-02
2.870599627494812012e-01 6.760232150554656982e-03 -5.965761542320251465e-01 3.516017496585845947e-01 -3.996071219444274902e-01 3.276465535163879395e-01 -2.100001126527786255e-01 1.546847969293594360e-01 1.910267621278762817e-01 1.107018291950225830e-01 3.033491671085357666e-01 -4.807488620281219482e-02 -8.220008611679077148e-01 1.432700455188751221e-01 1.045489832758903503e-01 -1.814987510442733765e-01 -3.157855272293090820e-01 3.383180797100067139e-01 -3.518695235252380371e-01 2.997884750366210938e-01 2.207153737545013428e-01 -5.601274371147155762e-01 1.330199837684631348e-01 1.521048098802566528e-01 -5.444130674004554749e-02 -3.862443268299102783e-01 -5.289799720048904419e-02 5.333618447184562683e-02 -6.362547874450683594e-01 3.243947625160217285e-01 -3.064424693584442139e-01 -1.516116112470626831e-01 3.437198400497436523e-01 -2.116945087909698486e-01 1.419028639793395996e-01 2.552953660488128662e-01 2.440934479236602783e-01 4.150874316692352295e-01 5.952948331832885742e-02 2.583739757537841797e-01 -1.394476145505905151e-01 7.474375516176223755e-02 1.846322417259216309e-01 2.523431777954101562e-01 -2.022331953048706055e-01 1.380261033773422241e-01 7.362953573465347290e-02 1.747557520866394043e-01 3.415002226829528809e-01 2.719299681484699249e-02 3.674686253070831299e-01 7.902694493532180786e-02 2.803041636943817139e-01 1.872725486755371094e-01 3.162405192852020264e-01 -2.548854649066925049e-01 -2.956181764602661133e-01 3.824053704738616943e-02 1.549901664257049561e-01 9.123319387435913086e-02 1.168554946780204773e-01 8.783384412527084351e-02 7.129698991775512695e-02 2.880864143371582031e-01
1.464931666851043701e-01 1.798908710479736328e-01 -6.894824504852294922e-01 3.577600121498107910e-01 -5.549125671386718750e-01 4.690106511116027832e-01 -1.632884591817855835e-01 1.164730861783027649e-01 4.392374455928802490e-01 1.641668379306793213e-01 1.166496947407722473e-01 -8.808386325836181641e-02 -7.714604139328002930e-01 1.910182535648345947e-01 1.445147246122360229e-01 -2.520265579223632812e-01 -3.951889872550964355e-01 2.238634526729583740e-01 -2.894617915153503418e-01 2.749612033367156982e-01 1.723796427249908447e-01 -4.874575138092041016e-01 2.144542932510375977e-01 3.080353438854217529e-01 1.056833714246749878e-01 -3.233053386211395264e-01 1.144233494997024536e-01 8.762068301439285278e-02 -5.981518626213073730e-01 2.977088391780853271e-01 -2.700232863426208496e-01 -4.646084085106849670e-02 4.761262238025665283e-01 -2.236779481172561646e-01 8.589719980955123901e-02 2.151510268449783325e-01 2.987265586853027344e-01 3.198909759521484375e-01 -7.702719420194625854e-02 4.730137586593627930e-01 -2.189571596682071686e-02 7.223562151193618774e-02 1.226528361439704895e-01 3.275293111801147461e-01 -1.286655515432357788e-01 2.269893288612365723e-01 2.087716907262802124e-01 1.499686688184738159e-01 4.145720601081848145e-01 1.183608174324035645e-02 3.621653616428375244e-01 2.258978337049484253e-01 3.232810199260711670e-01 2.797206640243530273e-01 2.961153686046600342e-01 -3.511255681514739990e-01 -3.930841386318206787e-01 7.680969685316085815e-02 3.383478820323944092e-01 5.871359631419181824e-02 2.232204228639602661e-01 2.917084693908691406e-01 7.036655396223068237e-02 3.115359544754028320e-01
1.674185395240783691e-01 -6.679008714854717255e-03 -5.650733113288879395e-01 2.368687838315963745e-01 -5.439798235893249512e-01 4.310311079025268555e-01 -1.425201445817947388e-01 9.846236556768417358e-02 3.077303171157836914e-01 1.480103880167007446e-01 9.181155264377593994e-02 -1.659459024667739868e-01 -8.400102853775024414e-01 1.495204865932464600e-01 2.328044623136520386e-01 -3.543601930141448975e-01 -3.051277697086334229e-01 2.223712652921676636e-01 -2.979410886764526367e-01 2.586639225482940674e-01 8.930134028196334839e-02 -6.890349388122558594e-01 8.380430936813354492e-02 3.276819586753845215e-01 -9.012346155941486359e-03 -2.909200489521026611e-01 -8.163957297801971436e-02 1.563380807638168335e-01 -4.908398389816284180e-01 3.532775342464447021e-01 -3.907253146171569824e-01 -2.816118597984313965e-01 2.870855033397674561e-01 -2.133221775293350220e-01 3.502355189993977547e-03 3.238565921783447266e-01 2.911275327205657959e-01 4.173678457736968994e-01 9.020644426345825195e-02 4.638876020908355713e-01 -1.517505496740341187e-01 1.617151685059070587e-02 7.722207903861999512e-02 3.123503029346466064e-01 -2.585255205631256104e-01 1.255441159009933472e-01 2.205578684806823730e-01 7.920486479997634888e-02 2.428447753190994263e-01 4.588581994175910950e-02 3.630273044109344482e-01 1.795729696750640869e-01 1.424886286258697510e-01 3.017116785049438477e-01 3.233398795127868652e-01 -2.672305703163146973e-01 -3.017768561840057373e-01 1.192984730005264282e-01 2.011547684669494629e-01 8.326496183872222900e-02 1.262841969728469849e-01 2.206271439790725708e-01 2.654683589935302734e-01 4.240303039550781250e-01
-1.578700393438339233e-01 1.346212178468704224e-01 2.257178723812103271e-01 4.301404654979705811e-01 2.791076600551605225e-01 -4.741807579994201660e-01 4.793929159641265869e-01 1.401329338550567627e-01 1.329629719257354736e-01 2.375334650278091431e-01 8.261573500931262970e-03 2.920891046524047852e-01 -6.460639238357543945e-01 -5.390475690364837646e-02 1.222222298383712769e-01 7.359946519136428833e-02 4.704802334308624268e-01 1.513875573873519897e-01 2.469663619995117188e-01 -1.330292969942092896e-01 -1.001787260174751282e-01 1.273393392562866211e+00 1.767518222332000732e-01 -2.888879505917429924e-03 4.087236523628234863e-02 -2.331314384937286377e-01 -2.877238951623439789e-02 2.074471414089202881e-01 4.711265563964843750e-01 -3.422355055809020996e-01 1.955918222665786743e-01 2.466834150254726410e-02 -2.172455936670303345e-01 1.710198372602462769e-01 -2.059082239866256714e-01 1.953401416540145874e-01 3.197996020317077637e-01 -1.679158397018909454e-02 5.218068361282348633e-01 3.292746543884277344e-01 2.781037688255310059e-01 3.004900217056274414e-01 3.501942753791809082e-01 3.798007369041442871e-01 5.192072987556457520e-01 3.789491057395935059e-01 -1.920517534017562866e-01 -2.150553703308105469e+00 8.106393367052078247e-02 -1.130217406898736954e-02 -2.609420418739318848e-01 2.510709166526794434e-01 -3.785210549831390381e-01 4.913446009159088135e-01 3.048430085182189941e-01 4.604327380657196045e-01 3.419073522090911865e-01 1.031423285603523254e-01 3.511153757572174072e-01 3.894313871860504150e-01 -4.272195398807525635e-01 -4.097872972488403320e-01 3.998534083366394043e-01 -1.090285554528236389e-01
2.284585535526275635e-01 8.537931740283966064e-02 -4.747348427772521973e-01 4.239690899848937988e-01 -5.915613174438476562e-01 4.447715282440185547e-01 -2.085948884487152100e-01 1.058967038989067078e-01 2.653208374977111816e-01 3.834502696990966797e-01 2.273141890764236450e-01 -6.100775301456451416e-02 -8.199239373207092285e-01 3.533643186092376709e-01 2.882468998432159424e-01 -2.006988227367401123e-01 -1.481226980686187744e-01 2.202839255332946777e-01 -3.047613799571990967e-01 2.352324128150939941e-01 7.790502160787582397e-02 -4.676523804664611816e-01 2.051115632057189941e-01 3.582238554954528809e-01 6.239200383424758911e-02 -3.494972586631774902e-01 1.308952122926712036e-01 1.192255914211273193e-01 -5.823860764503479004e-01 4.042323231697082520e-01 -2.142980545759201050e-01 -1.555925011634826660e-01 3.787551820278167725e-01 -1.212032362818717957e-01 6.336168199777603149e-02 3.541311323642730713e-01 1.976549625396728516e-01 4.023489356040954590e-01 8.499920368194580078e-02 3.073247969150543213e-01 -1.776492893695831299e-01 1.763564050197601318e-01 2.677100598812103271e-01 3.652579486370086670e-01 -2.747894823551177979e-01 1.297816336154937744e-01 2.386859804391860962e-01 2.328953295946121216e-01 3.323864042758941650e-01 9.508044272661209106e-02 3.495974838733673096e-01 8.053083717823028564e-02 2.069430053234100342e-01 2.190888673067092896e-01 4.188704192638397217e-01 -2.177526950836181641e-01 -4.211735427379608154e-01 1.446800082921981812e-01 3.144015371799468994e-01 1.535176187753677368e-01 2.903509438037872314e-01 1.653030216693878174e-01 2.976807951927185059e-01 4.532034993171691895e-01
1.285579353570938110e-01 8.637245744466781616e-02 -6.636199951171875000e-01 1.379278302192687988e-01 -3.891371488571166992e-01 3.254473805427551270e-01 -2.893109023571014404e-01 5.958470702171325684e-02 2.693106234073638916e-01 2.530158460140228271e-01 2.386421412229537964e-01 -9.443256258964538574e-02 -8.623033165931701660e-01 2.848933041095733643e-01 2.068004608154296875e-01 -2.975075840950012207e-01 -2.207521200180053711e-01 2.818404436111450195e-01 -1.990891546010971069e-01 3.701611459255218506e-01 -2.970080450177192688e-02 -6.166964769363403320e-01 2.338276207447052002e-01 1.340857446193695068e-01 -1.008457475109025836e-04 -2.529495060443878174e-01 5.622459203004837036e-02 9.828522801399230957e-02 -6.764746308326721191e-01 3.398849964141845703e-01 -2.552105486392974854e-01 -1.255096048116683960e-01 2.891419231891632080e-01 -1.769104301929473877e-01 8.363052457571029663e-02 1.864218413829803467e-01 1.377115249633789062e-01 4.091742932796478271e-01 -2.903468348085880280e-02 4.028064906597137451e-01 -2.414782345294952393e-01 1.715610921382904053e-01 2.260256260633468628e-01 2.290510237216949463e-01 -1.162468194961547852e-01 2.151995748281478882e-01 2.450517863035202026e-01 1.023158654570579529e-01 2.729049921035766602e-01 1.738665699958801270e-01 3.250950276851654053e-01 1.926025152206420898e-01 1.019713431596755981e-01 3.183148205280303955e-01 3.317164480686187744e-01 -2.518896758556365967e-01 -5.057536959648132324e-01 5.234652012586593628e-02 2.497390657663345337e-01 1.906466297805309296e-02 1.548906117677688599e-01 1.739079952239990234e-01 6.596621125936508179e-02 2.578513622283935547e-01
1.956290155649185181e-01 1.624370366334915161e-01 -5.632944703102111816e-01 1.905275732278823853e-01 -5.491374135017395020e-01 4.704027473926544189e-01 -2.029471993446350098e-01 2.404373288154602051e-01 3.050809502601623535e-01 3.582806289196014404e-01 2.431286573410034180e-01 3.418218716979026794e-02 -6.964791417121887207e-01 2.020946145057678223e-01 1.150442734360694885e-01 -3.213731348514556885e-01 -2.962634563446044922e-01 4.214891493320465088e-01 -2.268889844417572021e-01 3.051692247390747070e-01 3.641827404499053955e-02 -6.116616725921630859e-01 1.054427102208137512e-01 2.361485660076141357e-01 1.024326868355274200e-02 -3.583989739418029785e-01 1.891389116644859314e-02 2.209189087152481079e-01 -5.811461806297302246e-01 3.812597990036010742e-01 -1.352847665548324585e-01 -9.809408336877822876e-03 5.005223751068115234e-01 -2.369155138731002808e-01 -3.559640422463417053e-02 3.629526495933532715e-01 2.476397305727005005e-01 4.555793404579162598e-01 -1.344277858734130859e-01 4.184142351150512695e-01 -2.111936360597610474e-01 2.367074042558670044e-01 1.797602623701095581e-01 2.828024923801422119e-01 -2.493828833103179932e-01 2.190829068422317505e-01 1.073262467980384827e-01 5.792291834950447083e-02 4.010500907897949219e-01 7.306540012359619141e-02 3.723012804985046387e-01 1.278053075075149536e-01 2.760252356529235840e-01 3.557694554328918457e-01 2.539165019989013672e-01 -2.822537720203399658e-01 -4.229681789875030518e-01 1.088005527853965759e-01 3.784433305263519287e-01 5.377808958292007446e-02 3.587109744548797607e-01 3.836286664009094238e-01 1.786392033100128174e-01 2.770824134349822998e-01
2.870076298713684082e-01 1.135628148913383484e-01 -4.318892657756805420e-01 3.736077845096588135e-01 -3.952980935573577881e-01 4.827961027622222900e-01 -2.102524191141128540e-01 1.818611770868301392e-01 4.135152995586395264e-01 3.025773465633392334e-01 3.076851367950439453e-01 -1.398528832942247391e-02 -8.531898856163024902e-01 2.310977876186370850e-01 3.227830827236175537e-01 -9.342656284570693970e-02 -2.143478989601135254e-01 3.575044870376586914e-01 -2.858422696590423584e-01 3.538585901260375977e-01 2.014760822057723999e-01 -6.300164461135864258e-01 2.353679984807968140e-01 2.559442222118377686e-01 8.509358391165733337e-03 -2.482359260320663452e-01 3.601533547043800354e-02 1.879743188619613647e-01 -5.769652724266052246e-01 4.101150631904602051e-01 -1.644003093242645264e-01 -1.716651320457458496e-01 3.903707265853881836e-01 -1.918928027153015137e-01 1.102916151285171509e-01 2.990653514862060547e-01 2.118155062198638916e-01 4.465382099151611328e-01 -1.101432219147682190e-01 3.354943096637725830e-01 -1.176628917455673218e-01 5.330777913331985474e-02 2.560875415802001953e-01 2.785540819168090820e-01 -2.552654445171356201e-01 2.747887670993804932e-01 8.871750533580780029e-02 2.390018403530120850e-01 2.013958692550659180e-01 3.487957268953323364e-02 3.305418491363525391e-01 1.883752644062042236e-01 1.505271792411804199e-01 3.626020848751068115e-01 2.828998863697052002e-01 -2.424159049987792969e-01 -3.410849273204803467e-01 1.623473018407821655e-01 2.142945230007171631e-01 1.817975938320159912e-01 2.511647939682006836e-01 1.811902821063995361e-01 1.944349259138107300e-01 4.751302897930145264e-01
-1.592441797256469727e-01 2.297789603471755981e-01 2.854357063770294189e-01 2.641210258007049561e-01 4.914544522762298584e-01 -5.577254295349121094e-01 3.521464467048645020e-01 -6.339842826128005981e-02 1.430388689041137695e-01 3.995936810970306396e-01 3.114126622676849365e-02 1.115283295512199402e-01 -5.658551454544067383e-01 6.181526929140090942e-02 3.621515333652496338e-01 -6.443854421377182007e-02 3.560108542442321777e-01 3.467097580432891846e-01 3.166558444499969482e-01 -2.164616994559764862e-02 3.494327142834663391e-02 1.216671109199523926e+00 3.125221729278564453e-01 1.226277723908424377e-01 2.920188307762145996e-01 -2.593193054199218750e-01 3.961299359798431396e-02 2.311861887574195862e-02 3.957773745059967041e-01 -2.599143087863922119e-01 2.025555074214935303e-01 8.584884554147720337e-02 -3.858599364757537842e-01 2.651980146765708923e-02 -3.525601625442504883e-01 3.006366491317749023e-01 1.805514842271804810e-01 -1.373060792684555054e-01 2.558504343032836914e-01 5.210910439491271973e-01 1.463022977113723755e-01 1.331055313348770142e-01 3.355560302734375000e-01 4.039604663848876953e-01 4.842287898063659668e-01 4.213392436504364014e-01 -2.345828413963317871e-01 -2.683653593063354492e+00 1.402399241924285889e-01 -1.612505018711090088e-01 -1.120626404881477356e-01 1.335730105638504028e-01 -4.786360859870910645e-01 5.559989809989929199e-01 2.376302182674407959e-01 3.306592702865600586e-01 1.809311360120773315e-01 7.860119640827178955e-02 3.203486204147338867e-01 3.193010985851287842e-01 -3.477670550346374512e-01 -5.137504935264587402e-01 2.716467976570129395e-01 -1.864888072013854980e-01
2.323150038719177246e-01 4.472881555557250977e-01 -1.247773170471191406e-01 3.427934944629669189e-01 5.984312295913696289e-01 -3.630950689315795898e+00 -2.564884126186370850e-01 -6.569057703018188477e-01 -3.068104088306427002e-01 -1.489395499229431152e-01 2.237227186560630798e-02 3.274863362312316895e-01 -4.016776755452156067e-02 2.284141629934310913e-01 7.827143371105194092e-02 1.694677025079727173e-01 6.751464307308197021e-02 -2.503956556320190430e-01 1.028455734252929688e+00 5.931572243571281433e-02 1.689043827354907990e-02 -1.231920570135116577e-01 4.042827524244785309e-03 2.252058684825897217e-01 5.574370920658111572e-02 -5.433275103569030762e-01 2.280547469854354858e-02 -5.627325270324945450e-03 -4.410132169723510742e-01 -1.414312124252319336e+00 3.123095929622650146e-01 -4.331491291522979736e-01 4.931935071945190430e-01 -1.463026762008666992e+00 -1.338339805603027344e+00 -3.717266917228698730e-01 2.343365550041198730e-01 -1.374758481979370117e-01 -6.646634340286254883e-01 -2.966880798339843750e-01 -7.244619131088256836e-01 -1.585944741964340210e-01 1.001149713993072510e-01 -1.146028662333264947e-04 -1.958281695842742920e-01 1.607246994972229004e-01 -4.554794132709503174e-01 -3.116498708724975586e+00 -6.811310648918151855e-01 -1.497371494770050049e-01 3.700169026851654053e-01 4.790860041975975037e-02 5.424181222915649414e-01 -1.434543281793594360e-01 -2.169913351535797119e-01 -1.460923403501510620e-01 -1.264496922492980957e+00 1.812012493610382080e-01 -3.486633300781250000e-01 -8.566924333572387695e-01 4.458570480346679688e-01 5.486314296722412109e-01 1.950314939022064209e-01 2.445403337478637695e-01
2.301324605941772461e-01 1.316006183624267578e-01 -6.589509248733520508e-01 3.545770943164825439e-01 -5.217319130897521973e-01 3.652461767196655273e-01 -1.943679451942443848e-01 2.163598090410232544e-01 2.278123497962951660e-01 2.572613954544067383e-01 1.912102103233337402e-01 -1.360376477241516113e-01 -8.569476008415222168e-01 2.978088855743408203e-01 1.279249787330627441e-01 -1.165660768747329712e-01 -3.566036224365234375e-01 1.916819512844085693e-01 -1.568950861692428589e-01 1.530172675848007202e-01 1.479500532150268555e-01 -6.929730176925659180e-01 2.289298623800277710e-01 1.936927884817123413e-01 2.009978704154491425e-02 -3.187225759029388428e-01 -3.694906830787658691e-02 2.753364481031894684e-02 -6.676645278930664062e-01 4.622663557529449463e-01 -3.089705705642700195e-01 -1.968065649271011353e-02 4.233084321022033691e-01 -2.593138515949249268e-01 3.421228751540184021e-02 1.898193955421447754e-01 8.951718360185623169e-02 3.863666653633117676e-01 5.479406937956809998e-02 4.247667193412780762e-01 -3.671533241868019104e-02 2.430986613035202026e-01 1.865957826375961304e-01 3.489275872707366943e-01 -1.582243591547012329e-01 1.896618157625198364e-01 1.062103211879730225e-01 3.300240635871887207e-02 2.642004489898681641e-01 1.942757964134216309e-01 4.098265171051025391e-01 4.342076554894447327e-02 1.473008245229721069e-01 2.085802853107452393e-01 3.128236830234527588e-01 -3.706865012645721436e-01 -3.148639202117919922e-01 2.865085601806640625e-01 2.996952235698699951e-01 2.238204777240753174e-01 2.900189757347106934e-01 3.287018835544586182e-01 2.461480535566806793e-02 4.569948911666870117e-01
-4.770815670490264893e-01 1.230750530958175659e-01 3.348919451236724854e-01 4.072962105274200439e-01 6.754619479179382324e-01 -5.427811145782470703e-01 3.808604776859283447e-01 9.101057052612304688e-02 2.207046598196029663e-01 1.843498051166534424e-01 1.208844184875488281e-01 2.203663587570190430e-01 -6.892164945602416992e-01 4.746389389038085938e-02 2.619974315166473389e-01 2.476152479648590088e-01 2.335107922554016113e-01 3.672776520252227783e-01 1.627226471900939941e-01 -3.123871386051177979e-01 4.336641356348991394e-02 4.842199981212615967e-01 1.714919656515121460e-01 3.501145541667938232e-02 5.777428299188613892e-02 2.553137578070163727e-02 2.336619794368743896e-01 2.287531197071075439e-01 6.167765259742736816e-01 -3.977455794811248779e-01 7.763600349426269531e-02 2.828519642353057861e-01 -1.146888360381126404e-01 3.031541407108306885e-01 -1.925536394119262695e-01 3.868820071220397949e-01 2.003139406442642212e-01 -2.348448634147644043e-01 1.078850746154785156e+00 4.402159452438354492e-01 1.628669202327728271e-01 5.326577275991439819e-02 4.140795171260833740e-01 4.217617213726043701e-01 6.645508408546447754e-01 4.692843258380889893e-01 -3.325964510440826416e-01 -5.668617486953735352e-01 3.333759009838104248e-01 4.710480272769927979e-01 -3.616273403167724609e-01 2.187193334102630615e-01 -3.789374530315399170e-01 6.699041724205017090e-01 3.129015564918518066e-01 2.547544240951538086e-01 5.314306020736694336e-01 5.297133922576904297e-01 3.544050157070159912e-01 1.714505255222320557e-01 -5.758078694343566895e-01 -6.144452095031738281e-01 2.213910222053527832e-01 2.685246616601943970e-02
-4.238397479057312012e-01 -8.790118992328643799e-02 4.499573111534118652e-01 3.756199777126312256e-01 2.619651556015014648e-01 -5.940414071083068848e-01 4.441553056240081787e-01 2.485127933323383331e-02 3.402532339096069336e-01 3.596102297306060791e-01 1.634743213653564453e-01 1.358277350664138794e-01 -4.087752699851989746e-01 5.671045184135437012e-02 2.425662279129028320e-01 1.601507812738418579e-01 3.575031757354736328e-01 4.495275616645812988e-01 3.044650852680206299e-01 -5.463578701019287109e-01 2.007588893175125122e-01 1.720449924468994141e+00 2.860160470008850098e-01 -8.873417973518371582e-02 1.523963510990142822e-01 4.539636150002479553e-02 3.691213950514793396e-02 5.265726521611213684e-02 4.121303260326385498e-01 -2.636654078960418701e-01 9.179593622684478760e-02 8.806391805410385132e-02 -1.408814936876296997e-01 3.966375589370727539e-01 -2.075128704309463501e-01 2.297558486461639404e-01 -3.875935673713684082e-01 7.684160023927688599e-02 1.641503870487213135e-01 2.863795459270477295e-01 2.024470567703247070e-01 1.199107468128204346e-01 7.811609655618667603e-02 2.752954363822937012e-01 4.215674996376037598e-01 2.707230448722839355e-01 -2.353902161121368408e-01 1.596844553947448730e+00 7.071612402796745300e-03 4.291997253894805908e-01 -1.171454712748527527e-01 1.852191686630249023e-01 -4.242481291294097900e-01 7.987620830535888672e-01 2.059535980224609375e-01 5.949488282203674316e-01 6.749629378318786621e-01 7.697510719299316406e-02 2.070255875587463379e-01 2.030777931213378906e-01 -2.072187066078186035e-01 -2.220664024353027344e-01 2.709489464759826660e-01 2.048276923596858978e-02
-2.509700059890747070e-01 -7.448863238096237183e-02 -7.652623951435089111e-02 -7.797037065029144287e-02 7.742588520050048828e-01 -9.007596373558044434e-01 3.248050212860107422e-01 1.393161714076995850e-01 1.686603426933288574e-01 -1.964124850928783417e-02 -1.240149736404418945e-01 -3.705515563488006592e-01 -5.380645394325256348e-01 -8.414172381162643433e-02 -1.778596490621566772e-01 1.494980156421661377e-01 1.750050336122512817e-01 9.716460853815078735e-02 3.198007345199584961e-01 3.136135041713714600e-01 4.376009404659271240e-01 1.707036256790161133e+00 3.523241728544235229e-02 -2.268413603305816650e-01 9.721879661083221436e-02 2.416164381429553032e-03 6.124934926629066467e-02 2.581967413425445557e-01 4.169209301471710205e-01 -3.963223397731781006e-01 -9.065629243850708008e-01 7.023716717958450317e-02 -6.325729489326477051e-01 8.769002556800842285e-02 -7.826437801122665405e-02 1.143571827560663223e-02 -6.366931796073913574e-01 5.134437978267669678e-02 4.706279635429382324e-01 1.391589939594268799e-01 3.558544814586639404e-01 3.016486167907714844e-01 -8.125960230827331543e-01 7.052539288997650146e-02 6.575519442558288574e-01 -2.804555930197238922e-02 -3.617901504039764404e-01 8.514632582664489746e-01 -7.763065397739410400e-02 -3.507010936737060547e-01 -4.460965991020202637e-01 -7.973924279212951660e-02 -4.000126719474792480e-01 2.142196148633956909e-01 -4.808625578880310059e-02 1.921259760856628418e-01 3.009529113769531250e-01 -2.437405884265899658e-01 1.471995413303375244e-01 9.101282060146331787e-02 -4.217075705528259277e-01 -7.880467176437377930e-01 8.649655431509017944e-02 -3.505395725369453430e-02
1.273016035556793213e-01 5.957558378577232361e-02 -4.965530037879943848e-01 1.676581799983978271e-01 -3.510559797286987305e-01 4.540403187274932861e-01 -1.263250559568405151e-01 2.348251789808273315e-01 1.825973391532897949e-01 3.410155475139617920e-01 2.461350262165069580e-01 -2.345025986433029175e-01 -9.364354014396667480e-01 1.092188060283660889e-01 1.164137125015258789e-01 -1.394441872835159302e-01 -2.008530944585800171e-01 2.523766160011291504e-01 -3.673531115055084229e-01 2.741622626781463623e-01 1.110036745667457581e-01 -4.932914376258850098e-01 3.847783803939819336e-02 2.845937609672546387e-01 -4.893049597740173340e-02 -4.360216856002807617e-01 -3.316381014883518219e-03 -3.649017587304115295e-02 -5.879082083702087402e-01 4.220303893089294434e-01 -2.056519538164138794e-01 -6.692773103713989258e-02 3.393679857254028320e-01 -1.970381140708923340e-01 1.567439287900924683e-01 2.584380507469177246e-01 8.213812857866287231e-02 2.612324357032775879e-01 -7.799085974693298340e-02 2.758384048938751221e-01 -1.362727731466293335e-01 6.865740567445755005e-02 2.096554189920425415e-01 1.701721549034118652e-01 -3.022072613239288330e-01 1.170665696263313293e-01 2.032059431076049805e-01 2.183595150709152222e-01 3.846018612384796143e-01 6.303951144218444824e-02 3.435508310794830322e-01 1.456910669803619385e-01 2.758931517601013184e-01 3.148768842220306396e-01 3.858832418918609619e-01 -2.737698256969451904e-01 -2.942240238189697266e-01 2.096720933914184570e-01 3.658637404441833496e-01 2.174305617809295654e-01 1.468325108289718628e-01 2.666269540786743164e-01 1.797573566436767578e-01 3.875259160995483398e-01
2.360454648733139038e-01 -4.502913057804107666e-01 1.469515085220336914e+00 -2.066549509763717651e-01 5.510007143020629883e-01 4.243897274136543274e-02 -1.938821375370025635e-02 4.645086228847503662e-01 6.521948426961898804e-02 -8.702653646469116211e-02 1.249064654111862183e-01 -1.302565932273864746e-01 7.402557730674743652e-01 -5.066483020782470703e-01 -1.012423112988471985e-01 6.614801883697509766e-01 8.623622357845306396e-02 1.102609038352966309e-01 2.447084933519363403e-01 -1.557772010564804077e-01 1.721489280462265015e-01 6.495710611343383789e-01 -2.634850330650806427e-02 1.981854140758514404e-01 -1.044354960322380066e-01 4.134424924850463867e-01 7.873001508414745331e-03 2.084241211414337158e-01 -7.322131991386413574e-01 -2.645181119441986084e-01 7.133727073669433594e-01 -9.524796158075332642e-03 5.931589603424072266e-01 4.434231668710708618e-02 3.270277976989746094e-01 1.476680040359497070e-01 9.057167172431945801e-02 -6.696000099182128906e-01 4.936991035938262939e-01 -3.564332723617553711e-01 6.998972296714782715e-01 3.385308980941772461e-01 -1.866501420736312866e-01 -1.933201849460601807e-01 1.322647929191589355e-01 -6.199873238801956177e-02 3.793652951717376709e-01 2.154845476150512695e+00 4.848457500338554382e-02 1.344054937362670898e+00 4.034809768199920654e-01 2.439026087522506714e-01 6.178076863288879395e-01 2.167885780334472656e+00 -9.266999363899230957e-02 2.533308863639831543e-01 2.145143449306488037e-01 1.104338243603706360e-01 7.261970546096563339e-03 -1.303598135709762573e-01 3.881930112838745117e-01 6.903884410858154297e-01 -1.310528993606567383e+00 -7.046696543693542480e-01
