1.143395230174064636e-01
4.322154819965362549e-01
1.589384973049163818e-01
-2.670957744121551514e-01
-6.744288802146911621e-01
-4.968154430389404297e-01
-1.097462058067321777e+00
-7.047148942947387695e-01
6.272207945585250854e-03
-6.567915529012680054e-02
1.494275212287902832e+00
-4.739781022071838379e-01
1.103125333786010742e+00
-2.628346979618072510e-01
-3.372283875942230225e-01
6.399492174386978149e-02
2.615531086921691895e-01
9.052925705909729004e-01
4.443574324250221252e-02
-1.574657410383224487e-01
8.436362147331237793e-01
6.270499229431152344e-01
-1.000980377197265625e+00
-6.835707426071166992e-01
-1.742505431175231934e-01
-1.026398301124572754e+00
3.853463530540466309e-01
-6.947026252746582031e-01
-1.433128118515014648e-01
-1.376511931419372559e+00
-3.762188553810119629e-01
-7.797234505414962769e-02
-6.217603683471679688e-01
-1.066186904907226562e+00
-4.816022813320159912e-01
-5.216739773750305176e-01
-7.003396153450012207e-01
1.290861606597900391e+00
-7.611947655677795410e-01
-4.925374314188957214e-02
-3.258192837238311768e-01
-5.926799774169921875e-01
-1.955249607563018799e-01
-7.550812363624572754e-01
-8.712204098701477051e-01
-1.382644295692443848e+00
1.290270566940307617e+00
-6.020354628562927246e-01
7.307729721069335938e-01
3.803327083587646484e-01
-5.300321578979492188e-01
-2.613611221313476562e-01
-9.216898679733276367e-01
5.392869934439659119e-02
-4.154852926731109619e-01
1.083088517189025879e+00
-8.663922548294067383e-01
3.808362185955047607e-01
2.893936932086944580e-01
3.550712168216705322e-01
-5.096660256385803223e-01
-7.385115623474121094e-01
-4.717036187648773193e-01
-3.845684230327606201e-01
