1.209320351481437683e-01 6.040917336940765381e-02 4.388868436217308044e-02 -7.444652169942855835e-02 1.065378412604331970e-01 -1.475459188222885132e-01 1.579531431198120117e-01 1.014074161648750305e-01
-6.631121635437011719e-01 1.069518998265266418e-01 6.350505864247679710e-04 2.458268404006958008e-02 -6.184688806533813477e-01 3.659892976284027100e-01 -4.662323594093322754e-01 -1.861949276644736528e-04
2.315157949924468994e-01 -4.790384694933891296e-02 9.783755242824554443e-02 -1.315505355596542358e-01 -1.525265127420425415e-01 -1.349525153636932373e-01 -1.154131628572940826e-02 -2.275661230087280273e-01
2.519688606262207031e+00 1.191743463277816772e-01 -2.735274314880371094e+00 2.882648110389709473e-01 1.798931509256362915e-02 -3.249988332390785217e-02 -2.524966597557067871e-01 6.026095896959304810e-02
-9.731108546257019043e-01 -1.380968093872070312e-01 2.712460160255432129e-01 4.675981700420379639e-01 5.943784490227699280e-02 -8.320576548576354980e-01 2.723241150379180908e-01 7.647859398275613785e-03
1.667640447616577148e+00 -2.068440914154052734e-01 -6.475040316581726074e-01 2.243106365203857422e-01 1.796506643295288086e-01 -2.214171886444091797e-01 -1.313545703887939453e-01 -7.085394114255905151e-02
1.987232454121112823e-02 -7.919108867645263672e-02 4.652239084243774414e-01 -1.660480350255966187e-01 4.486996829509735107e-01 -4.592989012598991394e-02 6.407291889190673828e-01 -9.367901831865310669e-03
-5.030691623687744141e-01 -7.982645630836486816e-01 2.778724133968353271e-01 -8.685930967330932617e-01 1.143703088164329529e-01 1.777935400605201721e-02 1.532537192106246948e-01 -5.598275363445281982e-02
4.354789257049560547e-01 -8.929231762886047363e-02 -9.383354187011718750e-01 -3.896533846855163574e-01 -9.528830051422119141e-01 -3.576419875025749207e-02 -3.745340108871459961e-01 -1.973377317190170288e-01
1.041689962148666382e-01 2.190003246068954468e-01 -1.278454661369323730e+00 5.662785172462463379e-01 -8.285236358642578125e-01 -5.346701741218566895e-01 -7.408937215805053711e-01 1.342284232378005981e-01
-9.728186726570129395e-01 -6.667680144309997559e-01 3.281796872615814209e-01 -7.402523756027221680e-01 4.204486906528472900e-01 5.837144702672958374e-02 -9.432325512170791626e-02 -1.588929444551467896e-02
6.726921200752258301e-01 -2.203278243541717529e-01 -2.468256950378417969e+00 2.145469337701797485e-01 -1.844535171985626221e-01 5.861530303955078125e-01 5.352421998977661133e-01 -3.151801228523254395e-02
-6.934314966201782227e-01 -4.399115443229675293e-01 2.682917416095733643e-01 -5.735005140304565430e-01 2.390316575765609741e-01 4.566532075405120850e-01 -3.516787290573120117e-01 -6.485866755247116089e-02
9.102472066879272461e-01 -5.307908058166503906e-01 -3.297333121299743652e-01 -5.499641895294189453e-01 -7.874257564544677734e-01 7.705870270729064941e-01 -5.977075546979904175e-02 2.352162118768319488e-04
-1.534058690071105957e+00 1.063283085823059082e-01 -7.128942012786865234e-01 4.947842657566070557e-01 -4.369211196899414062e-01 -4.906595945358276367e-01 4.177541434764862061e-01 -4.911260679364204407e-02
-8.201156556606292725e-02 1.636508852243423462e-01 -1.612615466117858887e+00 2.183556556701660156e-03 -8.401156067848205566e-01 1.020804941654205322e-01 -2.584731578826904297e-01 -4.540466889739036560e-02
-4.022050201892852783e-01 -1.865653395652770996e-01 -9.651860594749450684e-01 -2.066634893417358398e-01 -8.393908739089965820e-01 -7.737997770309448242e-01 -3.712696433067321777e-01 -1.517768669873476028e-02
-1.436496376991271973e-01 -4.158879816532135010e-02 -1.898316264152526855e+00 -1.078968793153762817e-01 -3.449379205703735352e-01 -6.975095272064208984e-01 -4.970619380474090576e-01 -1.556691341102123260e-02
9.826540946960449219e-01 7.367657031863927841e-03 -2.671319246292114258e+00 1.297338157892227173e-01 -6.275345087051391602e-01 7.328215837478637695e-01 -5.183835625648498535e-01 4.615816287696361542e-03
-1.393153816461563110e-01 -4.541914537549018860e-02 -4.137912020087242126e-02 -1.936408579349517822e-01 -9.267876297235488892e-02 -2.561432719230651855e-01 -1.241733208298683167e-01 1.286728978157043457e-01
-9.953436851501464844e-01 -1.157814934849739075e-01 -6.216412186622619629e-01 1.378984004259109497e-01 -1.442042589187622070e-01 -3.025662899017333984e-01 6.382648348808288574e-01 1.548596024513244629e-01
-8.798988461494445801e-01 -5.614196062088012695e-01 5.195624381303787231e-02 -1.445552110671997070e-01 2.862352728843688965e-01 -8.646024465560913086e-01 -4.393374025821685791e-01 6.870178878307342529e-02
3.038007974624633789e+00 6.794838905334472656e-01 -1.694251418113708496e+00 3.298453390598297119e-01 -5.900125578045845032e-02 1.363891363143920898e-01 2.069681510329246521e-02 -1.848836801946163177e-02
-2.140489816665649414e+00 5.036723017692565918e-01 -1.540826678276062012e+00 5.597807168960571289e-01 -3.554044663906097412e-01 -4.703516606241464615e-03 1.325685679912567139e-01 2.538267709314823151e-02
-6.502206325531005859e-01 -2.206459082663059235e-02 -6.441112160682678223e-01 -3.575979471206665039e-01 -1.192555546760559082e+00 -6.599672436714172363e-01 -5.690153241157531738e-01 -2.024013102054595947e-01
-5.589135885238647461e-01 -1.372771710157394409e-01 3.353820443153381348e-01 2.704380452632904053e-01 3.101978003978729248e-01 -2.813033163547515869e-01 7.315416932106018066e-01 1.513506565243005753e-02
-6.828146576881408691e-01 1.590683162212371826e-01 -1.402916610240936279e-01 3.186492919921875000e-01 -5.715624988079071045e-02 -2.272040247917175293e-01 4.047581255435943604e-01 2.677689492702484131e-02
-2.060900442302227020e-02 -2.430677227675914764e-02 -3.426226377487182617e-01 -3.213062584400177002e-01 4.218321144580841064e-01 -6.354632228612899780e-02 1.247604042291641235e-01 6.465095281600952148e-02
4.742003977298736572e-02 -2.137090414762496948e-01 -1.311472151428461075e-02 2.437788546085357666e-01 2.021542564034461975e-02 2.155299112200737000e-02 -1.851473376154899597e-02 -8.002559654414653778e-03
-3.674972653388977051e-01 2.216786891222000122e-01 4.799152612686157227e-01 1.377429347485303879e-02 5.246536731719970703e-01 -4.334864392876625061e-02 6.126047968864440918e-01 -2.203597314655780792e-02
8.962014317512512207e-01 -9.578548073768615723e-01 2.616884708404541016e-01 -1.073510885238647461e+00 4.316537380218505859e-01 -1.347375810146331787e-01 -3.395931720733642578e-01 8.766617625951766968e-02
1.006709575653076172e+00 -2.941142320632934570e-01 -6.567891836166381836e-01 -8.747136592864990234e-01 -2.807183861732482910e-01 5.180168747901916504e-01 -7.288040518760681152e-01 4.005024582147598267e-02
6.429107189178466797e-01 -6.657437235116958618e-02 -7.132968306541442871e-02 3.292750194668769836e-02 -8.574498444795608521e-02 9.363523125648498535e-02 -1.238338276743888855e-01 2.189986109733581543e-01
-1.211730360984802246e+00 5.571720004081726074e-01 -1.515392512083053589e-01 3.408322930335998535e-01 -2.632113732397556305e-02 -1.033208221197128296e-01 2.439965605735778809e-01 -8.157728239893913269e-03
-1.087731480598449707e+00 3.801017999649047852e-01 -1.249643206596374512e+00 1.493452638387680054e-01 -2.305865883827209473e-01 5.569965839385986328e-01 -6.941700577735900879e-01 -1.533452235162258148e-02
-5.665733814239501953e-01 3.032746315002441406e-01 3.912874162197113037e-01 -2.566549740731716156e-02 2.021923065185546875e-01 -8.821156024932861328e-01 -1.022703126072883606e-01 -4.555400088429450989e-02
2.848208844661712646e-01 6.261502504348754883e-01 -7.089316099882125854e-02 9.627563357353210449e-01 1.847040466964244843e-02 3.995653688907623291e-01 -8.583774566650390625e-01 2.935753436759114265e-03
-5.812277197837829590e-01 1.470630317926406860e-01 -5.728297829627990723e-01 -1.679495573043823242e-01 -5.635815858840942383e-01 -6.570390611886978149e-02 -2.346172034740447998e-01 7.627405971288681030e-02
-6.162559390068054199e-01 4.038456380367279053e-01 3.833361566066741943e-01 1.233413517475128174e-01 -1.633766144514083862e-01 1.862893104553222656e-01 9.086426347494125366e-02 5.988525971770286560e-02
-2.847679853439331055e-01 1.901938393712043762e-02 -7.421846389770507812e-01 -6.354255974292755127e-02 -5.796666145324707031e-01 -3.123916685581207275e-01 -2.131002098321914673e-01 4.040280357003211975e-02
-2.122281640768051147e-01 -3.905759006738662720e-02 2.458009719848632812e-01 1.577001959085464478e-01 1.603777408599853516e-01 -4.771033227443695068e-01 -8.368340879678726196e-02 -8.267882466316223145e-02
3.562211990356445312e-01 4.346672296524047852e-01 7.761009931564331055e-01 6.807952523231506348e-01 6.932211518287658691e-01 1.019498407840728760e-01 4.831614494323730469e-01 1.092503592371940613e-02
-4.652702212333679199e-01 -2.134719491004943848e-01 -8.158812522888183594e-01 2.074898481369018555e-01 -1.291489303112030029e-01 -7.737133651971817017e-02 -2.736908197402954102e-01 -1.051939744502305984e-02
1.338130086660385132e-01 -2.094197422266006470e-01 -4.459411501884460449e-01 -5.292896628379821777e-01 -1.936313152313232422e+00 -8.068629354238510132e-02 -1.400636434555053711e+00 -7.792578339576721191e-01
2.053889274597167969e+00 3.142154812812805176e-01 -6.624713540077209473e-01 7.305570691823959351e-02 -3.942239284515380859e-01 3.458594083786010742e-01 -9.805328845977783203e-01 -3.732308745384216309e-02
-9.240449219942092896e-02 -6.793155074119567871e-01 2.300438135862350464e-01 -2.875519692897796631e-01 4.405304789543151855e-01 -5.804503560066223145e-01 2.019437551498413086e-01 2.735603600740432739e-02
5.574360489845275879e-02 -3.138347566127777100e-01 -5.419194102287292480e-01 6.691650301218032837e-02 5.435710772871971130e-03 -3.716013208031654358e-02 1.828582882881164551e-01 9.668395668268203735e-02
1.060772985219955444e-01 8.790388703346252441e-01 8.617487549781799316e-01 1.337756872177124023e+00 -1.290370244532823563e-02 -4.101057350635528564e-01 -6.730885803699493408e-02 1.996637880802154541e-02
-2.083746343851089478e-02 -8.524744510650634766e-01 -2.161965370178222656e+00 -5.693601369857788086e-01 -2.553245306015014648e+00 2.351973764598369598e-02 -5.835906043648719788e-02 3.139943256974220276e-02
-1.266686916351318359e+00 -1.797032915055751801e-02 -8.949590921401977539e-01 1.737153828144073486e-01 -7.943513393402099609e-01 2.266798354685306549e-02 -3.363474905490875244e-01 6.813598796725273132e-03
2.275095731019973755e-01 2.380843460559844971e-01 1.170881614089012146e-01 1.460987236350774765e-02 -1.042502596974372864e-01 1.054081797599792480e+00 5.328966379165649414e-01 3.406074270606040955e-02
2.605246543884277344e+00 -6.594191491603851318e-02 -1.911922216415405273e+00 2.336234748363494873e-01 -8.367146253585815430e-01 4.243600070476531982e-01 4.704030156135559082e-01 -6.258864304982125759e-04
-3.278465569019317627e-01 -6.855379939079284668e-01 6.569696068763732910e-01 -8.392241597175598145e-01 4.522802531719207764e-01 -1.834645420312881470e-01 -5.218847990036010742e-01 -3.382269293069839478e-02
-8.779771327972412109e-01 -7.874869108200073242e-01 -1.116189286112785339e-01 -4.271626472473144531e-01 -1.696460992097854614e-01 -1.085522413253784180e+00 2.993880026042461395e-02 -4.314863681793212891e-02
1.057471513748168945e+00 3.003133237361907959e-01 -1.933807611465454102e+00 -1.096876636147499084e-01 3.259191811084747314e-01 -5.437536835670471191e-01 6.076430082321166992e-01 2.495951950550079346e-02
-6.170960068702697754e-01 4.517277479171752930e-01 -1.840636134147644043e-01 3.697811961174011230e-01 -4.037639796733856201e-01 -8.595547080039978027e-02 4.345044791698455811e-01 -2.020920664072036743e-01
-1.009873151779174805e-01 -6.838395725935697556e-03 6.965273022651672363e-01 3.048507571220397949e-01 4.387831687927246094e-01 -8.018384575843811035e-01 -8.554642796516418457e-01 2.581748738884925842e-02
-1.129704266786575317e-01 6.835906952619552612e-02 -1.151352226734161377e-01 -6.012498587369918823e-02 -6.773430109024047852e-01 1.413826495409011841e-01 -1.132114082574844360e-01 -1.728329360485076904e-01
1.376731157302856445e+00 2.443462610244750977e-01 2.115455828607082367e-02 1.087682247161865234e-01 -5.889343470335006714e-02 -1.350571513175964355e+00 -1.065306365489959717e-01 4.767541959881782532e-02
-4.603089094161987305e-01 -1.067397236824035645e+00 1.336020082235336304e-01 -7.390072941780090332e-01 -3.376669064164161682e-02 -9.284063577651977539e-01 -2.359391599893569946e-01 1.892360672354698181e-02
1.899803429841995239e-01 2.703939974308013916e-01 2.279015630483627319e-01 -1.624753773212432861e-01 1.319346129894256592e-01 1.162373423576354980e-01 -5.680036172270774841e-02 -3.080272860825061798e-02
-6.743285059928894043e-01 2.569693326950073242e-01 6.452453136444091797e-01 2.488143444061279297e-01 4.113711118698120117e-01 8.996564745903015137e-01 4.964281022548675537e-01 -1.569387875497341156e-02
-2.219079434871673584e-01 1.799923628568649292e-01 6.636750698089599609e-01 6.419404745101928711e-01 3.873057067394256592e-01 1.060259938240051270e+00 1.443671807646751404e-02 8.676040917634963989e-02
-9.394138455390930176e-01 -4.923074543476104736e-01 -1.159716606140136719e+00 -1.703700050711631775e-02 -4.411788582801818848e-01 -1.116240620613098145e-01 9.397170543670654297e-01 1.349840313196182251e-02
