6.039157137274742126e-02 5.521589517593383789e-02 5.827597901225090027e-02 1.645767927169799805e+00 -9.678925275802612305e-01 -6.477599143981933594e-01 1.869711875915527344e-01 -1.027757003903388977e-01 1.720861047506332397e-01 3.103974759578704834e-01 3.647823035717010498e-01 3.375397622585296631e-01 3.948315978050231934e-01 -4.395102560520172119e-01 -5.852166414260864258e-01 3.921219706535339355e-01 -4.370021522045135498e-01 -3.753973841667175293e-01 1.629160791635513306e-01 4.363371133804321289e-01 -1.534037888050079346e-01 3.723754286766052246e-01 1.298137664794921875e+00 -2.212155103683471680e+00 -6.611424088478088379e-01 -3.364138007164001465e-01 -1.721626371145248413e-01 1.601654663681983948e-02 -7.629863172769546509e-02 -1.722676903009414673e-01 7.073618173599243164e-01 4.531835019588470459e-01 -5.570438131690025330e-02 2.666304111480712891e+00 8.547480106353759766e-01 -5.075544118881225586e-01 1.517814099788665771e-01 7.600589394569396973e-01 -2.936546802520751953e-01 2.741186022758483887e-01 8.018694818019866943e-02 -3.016127049922943115e-01 9.694118499755859375e-01 2.524925708770751953e+00 2.432491928339004517e-01 -2.287588566541671753e-01 5.560038089752197266e-01 -1.117861270904541016e+00 -1.874668002128601074e-01 -6.103769540786743164e-01 1.213595047593116760e-01 1.620965600013732910e+00 2.812234461307525635e-01 6.854832768440246582e-01 9.204517602920532227e-01 4.475009143352508545e-01 -3.654728829860687256e-01 6.431079506874084473e-01 -2.585096955299377441e-01 5.314745903015136719e-01 -3.390199691057205200e-02 -2.836542725563049316e-01 -4.041991531848907471e-01 -7.006950974464416504e-01
7.070969790220260620e-02 -3.284281864762306213e-02 2.130239009857177734e-01 -4.466613009572029114e-02 5.499552562832832336e-02 -5.944527387619018555e-01 5.688738226890563965e-01 -2.760380208492279053e-01 -1.404410749673843384e-01 -8.446092158555984497e-02 5.719817876815795898e-01 -1.242097690701484680e-01 3.266175091266632080e-01 3.896995186805725098e-01 -1.929529756307601929e-01 -8.132076263427734375e-02 6.130105853080749512e-01 -6.051635146141052246e-01 -2.060489803552627563e-01 4.302693996578454971e-03 2.038669735193252563e-01 3.398182392120361328e-01 7.008453011512756348e-01 -4.483999609947204590e-01 2.174851447343826294e-01 3.609517514705657959e-01 2.644773721694946289e-01 -1.271315664052963257e-01 4.474884271621704102e-02 4.024192988872528076e-01 -4.344751238822937012e-01 -9.618494659662246704e-02 4.562751576304435730e-02 -1.189300417900085449e+00 -4.023844897747039795e-01 1.820221692323684692e-01 -3.444039225578308105e-01 3.225620090961456299e-01 -9.331513941287994385e-02 1.949186474084854126e-01 1.666500605642795563e-02 1.876202672719955444e-01 3.795508295297622681e-02 -2.348729848861694336e+00 4.852639436721801758e-01 4.274570941925048828e-01 3.729010820388793945e-01 1.203504726290702820e-01 2.787058651447296143e-01 1.042577400803565979e-01 3.196978569030761719e-01 7.056510448455810547e-01 -1.619936227798461914e-01 3.014844059944152832e-01 -4.281859993934631348e-01 3.081236183643341064e-01 -3.277486562728881836e-02 1.126901507377624512e-01 7.633026242256164551e-01 3.306443095207214355e-01 1.628313660621643066e-01 1.758150011301040649e-01 5.862035974860191345e-02 7.792864739894866943e-02
-6.403325498104095459e-02 2.715003490447998047e-01 3.752848505973815918e-02 -9.356309175491333008e-01 -2.722270786762237549e-01 -5.416510626673698425e-02 -1.189688518643379211e-01 2.578070759773254395e-01 -3.798388540744781494e-01 1.909290254116058350e-01 -8.301058411598205566e-01 9.613217711448669434e-01 -2.259845137596130371e-01 -4.004688262939453125e-01 3.758045434951782227e-01 9.054484963417053223e-02 4.641928374767303467e-01 8.222555518150329590e-01 1.126540079712867737e-01 -1.706092990934848785e-02 7.954992055892944336e-01 -5.535462498664855957e-01 -1.423648953437805176e+00 1.113875389099121094e+00 -1.226127266883850098e+00 9.819209575653076172e-02 2.185814827680587769e-01 1.277729421854019165e-01 4.221366345882415771e-02 4.727405961602926254e-03 5.679061263799667358e-02 1.916036456823348999e-01 -4.897189438343048096e-01 -2.045294284820556641e+00 4.417839646339416504e-01 -1.335389137268066406e+00 7.106481194496154785e-01 3.963807821273803711e-01 -1.623160690069198608e-01 3.180194795131683350e-01 -5.447326898574829102e-01 -9.403429031372070312e-01 7.484500110149383545e-02 1.995814442634582520e+00 -5.488479733467102051e-01 4.560953676700592041e-01 1.991770714521408081e-01 -7.512323856353759766e-01 8.236372470855712891e-01 1.016406193375587463e-01 -4.503201544284820557e-01 -1.922887086868286133e+00 3.299868106842041016e-01 -3.465761542320251465e-01 4.176315665245056152e-01 2.612572312355041504e-01 -1.493805050849914551e+00 -5.652083456516265869e-02 -6.347475647926330566e-01 -5.190699100494384766e-01 -1.905934810638427734e-01 -8.016254305839538574e-01 -5.350030064582824707e-01 3.800764381885528564e-01
-3.502436280250549316e-01 -3.235360980033874512e-01 -2.542985379695892334e-01 -2.969025671482086182e-01 4.884963929653167725e-01 5.299193263053894043e-01 1.733388751745223999e-01 1.235695648938417435e-02 -2.280979156494140625e-01 2.783501744270324707e-01 -3.402164578437805176e-01 7.661179900169372559e-01 -4.909226000308990479e-01 -3.953212797641754150e-01 7.648391723632812500e-01 3.722714483737945557e-01 7.992128729820251465e-01 7.483427524566650391e-01 6.735973358154296875e-01 2.408336289227008820e-02 4.186883196234703064e-02 -3.836961090564727783e-01 -4.176923036575317383e-01 1.578425645828247070e+00 3.133224546909332275e-01 2.656361460685729980e-01 7.072765380144119263e-02 5.148118138313293457e-01 9.691590070724487305e-02 5.240530967712402344e-01 4.454558491706848145e-01 -9.448180198669433594e-01 -1.516301482915878296e-01 2.737861394882202148e+00 6.054810881614685059e-01 6.945328712463378906e-01 1.059120148420333862e-01 -3.643109798431396484e-01 1.384498775005340576e-01 3.952392339706420898e-01 1.385412812232971191e-01 -3.269458711147308350e-01 5.948879718780517578e-01 1.842485785484313965e+00 -1.300602197647094727e+00 1.009548828005790710e-01 -2.553100585937500000e-01 -3.590660095214843750e-01 9.725658595561981201e-02 3.348011076450347900e-01 1.057883054018020630e-01 -5.079488158226013184e-01 -4.923650920391082764e-01 -9.072858691215515137e-01 5.001668930053710938e-01 -1.252683103084564209e-01 2.334703207015991211e-01 -5.517925135791301727e-03 -8.579617738723754883e-01 -7.754616737365722656e-01 4.662474393844604492e-01 -1.537397503852844238e-01 -3.709009885787963867e-01 5.208717584609985352e-01
3.042358756065368652e-01 -1.264925394207239151e-02 3.100438714027404785e-01 9.823849052190780640e-02 2.155267447233200073e-01 -3.699975013732910156e-01 6.686732769012451172e-01 -8.062759786844253540e-02 7.418298721313476562e-02 -7.787206023931503296e-02 6.946603059768676758e-01 -1.898829638957977295e-01 5.868588089942932129e-01 4.738484025001525879e-01 -1.672856211662292480e-01 -1.489194929599761963e-01 7.030740976333618164e-01 -4.165835380554199219e-01 -1.956974714994430542e-01 2.054976820945739746e-01 3.595902025699615479e-01 6.412823200225830078e-01 7.826513051986694336e-01 -4.090130925178527832e-01 2.881047427654266357e-01 5.327876210212707520e-01 3.052211105823516846e-01 -2.488167136907577515e-01 2.135227201506495476e-03 5.712879896163940430e-01 -1.860426366329193115e-01 -5.381908733397722244e-03 1.990127563476562500e-02 -9.563909769058227539e-01 -2.961071729660034180e-01 1.184481158852577209e-01 -4.315519630908966064e-01 4.617723822593688965e-01 -1.286154836416244507e-01 8.446904271841049194e-02 1.283696740865707397e-01 1.620850116014480591e-01 8.023454248905181885e-02 -2.405646562576293945e+00 5.703668594360351562e-01 5.329984426498413086e-01 4.108370542526245117e-01 2.673465609550476074e-01 3.370155394077301025e-01 3.074023425579071045e-01 2.453049272298812866e-01 8.182350397109985352e-01 -1.863702833652496338e-01 5.150687694549560547e-01 -3.697205781936645508e-01 4.824814200401306152e-01 1.648095548152923584e-01 2.721483409404754639e-01 9.188213348388671875e-01 5.558499097824096680e-01 2.634030580520629883e-01 5.254153609275817871e-01 1.626203358173370361e-01 1.751879900693893433e-01
-1.696672588586807251e-01 9.355361014604568481e-02 -1.897177547216415405e-01 -7.161461114883422852e-01 -7.604013383388519287e-02 3.465516865253448486e-01 -9.769230335950851440e-02 1.307609379291534424e-01 1.463709175586700439e-01 9.913469851016998291e-02 -9.151216745376586914e-01 6.938203573226928711e-01 -1.704268455505371094e-01 2.242781780660152435e-02 3.780479729175567627e-01 -3.740936517715454102e-02 1.389425992965698242e-01 6.476803421974182129e-01 1.307422369718551636e-01 1.461680084466934204e-01 7.228845357894897461e-01 -7.636554837226867676e-01 -1.372821331024169922e+00 6.971156001091003418e-01 -4.524639546871185303e-01 1.944383084774017334e-01 3.999509662389755249e-02 3.116801977157592773e-01 -5.151348561048507690e-02 8.246781677007675171e-02 -4.481419548392295837e-02 5.910942554473876953e-01 -5.610651373863220215e-01 -5.099212527275085449e-01 4.805224835872650146e-01 -4.069973826408386230e-01 8.845877051353454590e-01 1.328164786100387573e-01 -2.846118062734603882e-02 -1.420962065458297729e-01 -1.924212127923965454e-01 -6.216677427291870117e-01 -9.433815255761146545e-03 1.291575908660888672e+00 -4.018464088439941406e-01 3.729086518287658691e-01 1.707495898008346558e-01 -4.465453028678894043e-01 -1.970844417810440063e-01 -2.300657927989959717e-01 -2.579178214073181152e-01 -2.107574224472045898e+00 3.445182740688323975e-01 4.890335351228713989e-02 3.020313084125518799e-01 2.095925211906433105e-01 -1.508542776107788086e+00 -1.363193541765213013e-01 -5.469871163368225098e-01 -1.432550102472305298e-01 -1.983421444892883301e-01 -4.059198498725891113e-01 -5.749104619026184082e-01 1.961983442306518555e-01
1.929166913032531738e-01 -9.130595922470092773e-01 1.316342949867248535e-01 3.403125107288360596e-01 6.571884155273437500e-01 1.425988316535949707e+00 3.972153067588806152e-01 1.544446468353271484e+00 2.349010854959487915e-01 2.890577539801597595e-02 -9.993278980255126953e-01 7.998898625373840332e-01 -9.114893674850463867e-01 -1.916126251220703125e+00 5.714948773384094238e-01 -4.976367056369781494e-01 -5.777162909507751465e-01 5.432928800582885742e-01 6.174132227897644043e-01 1.054197400808334351e-01 1.741700321435928345e-01 -1.846596151590347290e-01 -5.705824494361877441e-02 2.514898061752319336e+00 -5.003022551536560059e-01 7.670611143112182617e-01 2.907174825668334961e-01 1.260000228881835938e+00 8.753467351198196411e-03 1.059567451477050781e+00 9.223870038986206055e-01 -2.545956850051879883e+00 3.487429320812225342e-01 -5.115869641304016113e-01 7.794195413589477539e-01 7.181487679481506348e-01 -4.833219200372695923e-02 -2.455780804157257080e-01 -7.858762145042419434e-02 -1.220699027180671692e-01 4.375600516796112061e-01 3.928529024124145508e-01 9.931831061840057373e-02 6.309137940406799316e-01 -1.120815396308898926e+00 1.568032242357730865e-02 6.193705275654792786e-02 6.418837700039148331e-03 -4.211694002151489258e-01 8.898390531539916992e-01 6.438806653022766113e-01 -9.294279813766479492e-01 1.647196650505065918e+00 -1.993379443883895874e-01 5.698965787887573242e-01 2.471106797456741333e-01 8.623847961425781250e-01 1.156572811305522919e-02 -4.003975987434387207e-01 -3.866133689880371094e-01 4.128252267837524414e-01 7.670899033546447754e-01 -2.982768714427947998e-01 -1.810484379529953003e-01
4.169065058231353760e-01 3.326744213700294495e-02 4.348256289958953857e-01 -3.667232692241668701e-01 -2.301045693457126617e-02 8.572586774826049805e-01 4.010456800460815430e-01 8.384305983781814575e-02 1.295270770788192749e-01 5.703728795051574707e-01 5.703630298376083374e-02 5.785884857177734375e-01 -1.562496181577444077e-03 -2.653265893459320068e-01 2.806040048599243164e-01 4.422832131385803223e-01 -3.343743830919265747e-02 9.637920260429382324e-01 -2.402976155281066895e-01 6.112048774957656860e-02 4.898081719875335693e-01 3.294615447521209717e-01 -3.797422647476196289e-01 8.665482997894287109e-01 1.798687100410461426e+00 2.647288143634796143e-01 2.461955249309539795e-01 2.335349768400192261e-01 4.765313491225242615e-02 2.296529859304428101e-01 2.094773203134536743e-02 3.132491558790206909e-02 -2.726765573024749756e-01 5.844475626945495605e-01 2.939167618751525879e-01 -5.355444550514221191e-02 -6.816952824592590332e-01 6.230152845382690430e-01 -3.634133040904998779e-01 4.229094684123992920e-01 1.910501420497894287e-01 -6.242561936378479004e-01 1.367269754409790039e-01 2.563994407653808594e+00 -6.899349689483642578e-01 -1.452126652002334595e-01 6.837226748466491699e-01 -1.362586975097656250e+00 -2.029036581516265869e-01 1.011881530284881592e-01 6.540040373802185059e-01 -8.922150135040283203e-01 1.748073697090148926e-01 3.181702196598052979e-01 2.629598975181579590e-01 4.111093580722808838e-01 -7.757167816162109375e-01 4.488022029399871826e-01 -5.435871481895446777e-01 1.643715500831604004e-01 -2.375535815954208374e-01 1.169004812836647034e-01 -4.555064141750335693e-01 2.484283745288848877e-01
3.116972148418426514e-01 3.147997334599494934e-02 2.383735030889511108e-01 1.234926730394363403e-01 1.878651678562164307e-01 -5.660567879676818848e-01 6.109389066696166992e-01 -2.703435420989990234e-01 -2.016342990100383759e-02 -1.692040413618087769e-01 7.273172736167907715e-01 -1.272020488977432251e-01 4.890669286251068115e-01 6.004998683929443359e-01 -2.473299652338027954e-01 -8.303684741258621216e-02 6.249400377273559570e-01 -5.532501935958862305e-01 -1.101508736610412598e-02 1.197809353470802307e-01 4.466723501682281494e-01 6.063927412033081055e-01 6.821142435073852539e-01 -4.989690482616424561e-01 3.059457242488861084e-01 3.415784239768981934e-01 3.317499160766601562e-01 -1.513235270977020264e-02 8.059126138687133789e-02 5.651187896728515625e-01 -7.306944578886032104e-02 -7.209111005067825317e-02 -2.958274632692337036e-02 -1.181743144989013672e+00 -1.790667027235031128e-01 2.734623253345489502e-01 -2.813608944416046143e-01 5.642931461334228516e-01 -8.071064203977584839e-02 1.894095689058303833e-01 1.659387350082397461e-01 3.297740817070007324e-01 3.804540261626243591e-02 -2.446695804595947266e+00 5.264966487884521484e-01 3.952635526657104492e-01 3.794712722301483154e-01 1.195755377411842346e-01 3.320686817169189453e-01 1.942425668239593506e-01 3.606224656105041504e-01 7.423037886619567871e-01 -1.109068989753723145e-01 3.877062499523162842e-01 -2.356862872838973999e-01 4.445023834705352783e-01 -5.769711453467607498e-03 3.145307600498199463e-01 8.019819855690002441e-01 4.014271795749664307e-01 1.082511171698570251e-01 3.019611537456512451e-01 7.231402397155761719e-02 5.172868445515632629e-02
1.711854487657546997e-01 -1.479954179376363754e-02 3.738836944103240967e-01 1.568230986595153809e-01 1.380298882722854614e-01 -5.901924967765808105e-01 6.220584511756896973e-01 -1.066943258047103882e-01 -9.436104446649551392e-02 -1.649711579084396362e-01 5.355018377304077148e-01 -2.930877804756164551e-01 4.949600100517272949e-01 4.989330172538757324e-01 -1.139663606882095337e-01 -8.361190557479858398e-02 7.126711010932922363e-01 -6.858339309692382812e-01 -1.744764149188995361e-01 1.264991611242294312e-01 4.661346077919006348e-01 4.347507655620574951e-01 7.535615563392639160e-01 -3.265521824359893799e-01 2.066959589719772339e-01 3.880221545696258545e-01 2.184009104967117310e-01 -2.660869061946868896e-02 -1.442018151283264160e-01 6.508355140686035156e-01 -8.212100714445114136e-02 -3.419966995716094971e-02 2.339766547083854675e-02 -1.015291213989257812e+00 -2.098016887903213501e-01 2.276634871959686279e-01 -3.596346676349639893e-01 4.610475301742553711e-01 -1.115962862968444824e-01 1.790898889303207397e-01 1.351771950721740723e-01 1.844458878040313721e-01 1.043292060494422913e-01 -2.644582986831665039e+00 6.089736223220825195e-01 4.942853748798370361e-01 3.369810581207275391e-01 2.183370739221572876e-01 2.318706363439559937e-01 2.243977040052413940e-01 3.523438274860382080e-01 7.295613884925842285e-01 -1.055735349655151367e-01 5.270465612411499023e-01 -2.549450695514678955e-01 5.040733814239501953e-01 2.030235230922698975e-01 1.806354522705078125e-01 8.480114340782165527e-01 5.534112453460693359e-01 1.539905071258544922e-01 3.087116777896881104e-01 2.744154930114746094e-01 9.434672072529792786e-03
5.222515016794204712e-02 -1.575879752635955811e-01 -1.022703573107719421e-01 2.023522183299064636e-02 -9.447389096021652222e-02 -6.882930397987365723e-01 4.205703437328338623e-01 -3.278783559799194336e-01 -1.080008000135421753e-01 -4.314547777175903320e-02 2.608807682991027832e-01 -3.533422648906707764e-01 1.453040391206741333e-01 4.768846631050109863e-01 -2.100112140178680420e-01 -1.465207189321517944e-01 4.036514759063720703e-01 -6.177452802658081055e-01 -1.956094652414321899e-01 -5.837466195225715637e-02 1.389346271753311157e-02 2.177991420030593872e-01 5.659854412078857422e-01 -6.015958786010742188e-01 1.817072182893753052e-01 1.888224631547927856e-01 1.187281459569931030e-01 -6.290811300277709961e-02 1.802284717559814453e-01 3.218598067760467529e-01 -4.470771849155426025e-01 -1.285223960876464844e-01 -6.869102269411087036e-02 -1.156823158264160156e+00 -1.684738546609878540e-01 7.864622026681900024e-02 -3.063751757144927979e-01 2.641467452049255371e-01 -2.820754945278167725e-01 -1.471443194895982742e-02 -7.573205977678298950e-02 1.634948514401912689e-02 1.693916767835617065e-01 -2.242529392242431641e+00 5.269489288330078125e-01 2.458442896604537964e-01 2.748315222561359406e-02 -6.292326748371124268e-02 2.537206411361694336e-01 -5.629593506455421448e-03 5.947505310177803040e-02 5.953843593597412109e-01 -2.533173263072967529e-01 9.187070280313491821e-02 -5.358687639236450195e-01 2.693783044815063477e-01 -2.117493599653244019e-01 1.794469654560089111e-01 6.187487244606018066e-01 1.692356616258621216e-01 2.164199501276016235e-01 1.339069455862045288e-01 -7.597472984343767166e-03 -2.255695015192031860e-01
3.120009899139404297e-01 3.990516066551208496e-02 4.013128280639648438e-01 1.144096255302429199e-01 2.048490047454833984e-01 -6.572656631469726562e-01 5.649724602699279785e-01 -1.539745628833770752e-01 -1.263135075569152832e-01 -2.119997143745422363e-02 6.448406577110290527e-01 -3.077251911163330078e-01 4.423358738422393799e-01 4.200851619243621826e-01 -2.099157124757766724e-01 -5.425769463181495667e-02 6.706529855728149414e-01 -4.816916584968566895e-01 -2.669816017150878906e-01 1.693523824214935303e-01 3.538525104522705078e-01 6.278111338615417480e-01 7.854345440864562988e-01 -4.634409844875335693e-01 1.559983193874359131e-01 4.598152637481689453e-01 3.247340321540832520e-01 -2.343114018440246582e-01 5.259941145777702332e-02 6.653904318809509277e-01 -1.000315099954605103e-01 -1.514797061681747437e-01 -3.880000859498977661e-02 -1.122223019599914551e+00 -2.347272336483001709e-01 1.990454941987991333e-01 -2.514484524726867676e-01 4.018524587154388428e-01 -9.967027604579925537e-02 1.896697282791137695e-01 1.441217213869094849e-01 1.287499219179153442e-01 1.468018745072185993e-03 -2.418115139007568359e+00 6.481570601463317871e-01 3.395800292491912842e-01 4.823807477951049805e-01 2.319682389497756958e-01 2.689252495765686035e-01 4.364233091473579407e-02 2.876912057399749756e-01 7.787683606147766113e-01 -2.752981781959533691e-01 5.205112099647521973e-01 -3.885321617126464844e-01 4.150195121765136719e-01 4.373030364513397217e-02 1.226939558982849121e-01 8.243163824081420898e-01 3.740966022014617920e-01 1.682605296373367310e-01 4.721512794494628906e-01 2.679207026958465576e-01 1.125204339623451233e-01
2.541325390338897705e-01 -9.362804703414440155e-03 2.975166738033294678e-01 3.495408967137336731e-02 5.635644122958183289e-02 -6.398527622222900391e-01 6.034611463546752930e-01 -3.744763433933258057e-01 1.286419015377759933e-02 -1.351395845413208008e-01 5.927195549011230469e-01 -3.183425962924957275e-01 3.427135646343231201e-01 4.500652551651000977e-01 -1.583739817142486572e-01 -1.096520423889160156e-01 6.610603928565979004e-01 -6.994345188140869141e-01 -1.832245737314224243e-01 -5.849714949727058411e-02 2.859254479408264160e-01 5.176851749420166016e-01 7.607525587081909180e-01 -3.438594341278076172e-01 2.125335931777954102e-01 4.036817550659179688e-01 1.863180547952651978e-01 -2.395966649055480957e-01 9.889027476310729980e-02 4.405190646648406982e-01 -1.653046756982803345e-01 -5.358852818608283997e-02 -2.490754984319210052e-02 -1.165312886238098145e+00 -3.772830069065093994e-01 7.813382893800735474e-03 -3.867087960243225098e-01 3.644642829895019531e-01 -2.551862038671970367e-02 1.078026145696640015e-01 3.425431996583938599e-02 1.604553908109664917e-01 -3.740233555436134338e-02 -2.550930738449096680e+00 7.168136239051818848e-01 4.434770941734313965e-01 2.421512901782989502e-01 1.385154724121093750e-01 2.740200161933898926e-01 1.451111137866973877e-01 1.566043645143508911e-01 6.544465422630310059e-01 -3.372833132743835449e-01 4.983616471290588379e-01 -2.594746351242065430e-01 3.001075983047485352e-01 -5.610029399394989014e-02 2.537977993488311768e-01 7.216124534606933594e-01 3.000774383544921875e-01 3.785600140690803528e-02 3.449544012546539307e-01 4.932134598493576050e-02 -5.686106905341148376e-02
2.653299868106842041e-01 -2.037724852561950684e-02 1.397520601749420166e-01 -3.434568643569946289e-02 3.686980530619621277e-02 -4.676719903945922852e-01 6.712126731872558594e-01 -3.154665827751159668e-01 1.475364621728658676e-02 -1.113386377692222595e-01 4.800811707973480225e-01 -1.267019957304000854e-01 4.888225495815277100e-01 4.861920177936553955e-01 -6.616359204053878784e-02 -9.931901097297668457e-02 4.992802143096923828e-01 -6.473768353462219238e-01 -1.028214320540428162e-01 1.186195984482765198e-01 5.267070531845092773e-01 5.319029092788696289e-01 8.394732475280761719e-01 -5.113205313682556152e-01 3.034853339195251465e-01 4.083110392093658447e-01 2.648384571075439453e-01 -9.804648160934448242e-02 9.357003122568130493e-02 4.751601219177246094e-01 -3.210367858409881592e-01 -9.071791172027587891e-02 -1.318961568176746368e-02 -9.587714076042175293e-01 -3.365397453308105469e-01 1.946156620979309082e-01 -2.801471054553985596e-01 5.381900668144226074e-01 -4.721796140074729919e-02 8.633299171924591064e-02 1.280175745487213135e-01 2.156500965356826782e-01 1.086276024580001831e-01 -2.586935043334960938e+00 6.167330741882324219e-01 4.752174019813537598e-01 2.610340416431427002e-01 1.338311284780502319e-01 2.619568705558776855e-01 1.898494362831115723e-01 2.015012651681900024e-01 6.426470279693603516e-01 -2.210617661476135254e-01 4.956279098987579346e-01 -3.495459258556365967e-01 3.512783944606781006e-01 7.588899135589599609e-02 2.202099859714508057e-01 8.924096822738647461e-01 3.745254278182983398e-01 1.304122209548950195e-01 4.123716354370117188e-01 2.034599483013153076e-01 -3.493671491742134094e-02
-4.475615173578262329e-02 2.808391153812408447e-01 1.161007061600685120e-01 -1.028596162796020508e+00 2.442329525947570801e-01 -6.042980123311281204e-03 3.667307496070861816e-01 1.525082737207412720e-01 1.031783580780029297e+00 1.101922631263732910e+00 -1.145698204636573792e-01 7.786182165145874023e-01 -1.651890389621257782e-02 1.260447144508361816e+00 9.242355227470397949e-01 3.272898197174072266e-01 1.059595704078674316e+00 1.430712103843688965e+00 2.425613999366760254e-01 -1.568427234888076782e-01 6.397308707237243652e-01 9.394288063049316406e-03 -1.362602949142456055e+00 8.952902555465698242e-01 9.508114457130432129e-01 2.880966961383819580e-01 4.451113641262054443e-01 1.927046030759811401e-01 2.098003588616847992e-02 -1.565532237291336060e-01 8.635173439979553223e-01 9.317592382431030273e-01 -4.059785306453704834e-01 -8.450728058815002441e-01 7.159461975097656250e-01 1.021253410726785660e-02 1.347433209419250488e+00 9.829252362251281738e-01 -1.491050273180007935e-01 5.299491286277770996e-01 4.378148168325424194e-02 -5.077525973320007324e-01 1.516478657722473145e-01 2.716689109802246094e+00 -1.741093158721923828e+00 1.078784227371215820e+00 4.763820767402648926e-01 -8.329359889030456543e-01 1.939969420433044434e+00 1.706702411174774170e-01 5.559157729148864746e-01 -7.003340125083923340e-01 5.755490064620971680e-01 2.895359881222248077e-02 1.725327223539352417e-02 6.020389199256896973e-01 -4.295874834060668945e-01 3.474066555500030518e-01 -6.955501437187194824e-01 -4.412169754505157471e-02 2.561018466949462891e-01 -3.468957841396331787e-01 -4.316481649875640869e-01 1.434503674507141113e+00
-1.205467730760574341e-01 4.328043460845947266e-01 -5.775984525680541992e-01 -1.912914156913757324e+00 -1.637050151824951172e+00 -1.096999287605285645e+00 -1.874522566795349121e-01 -3.261528015136718750e+00 -3.450339138507843018e-01 -5.065717697143554688e-01 1.005089953541755676e-01 -6.034635305404663086e-01 1.586197167634963989e-01 -9.074862599372863770e-01 -2.186073541641235352e+00 -6.522253751754760742e-01 4.155769944190979004e-01 -7.839160561561584473e-01 -4.317278385162353516e+00 -4.186173379421234131e-01 -2.208888716995716095e-02 6.060148775577545166e-02 -3.526731133460998535e-01 -1.012790560722351074e+00 -6.300299167633056641e-01 -9.363402724266052246e-01 1.986315660178661346e-02 -1.307697296142578125e-01 2.448628470301628113e-02 -1.812454938888549805e+00 -2.131999731063842773e+00 -4.612154960632324219e-01 4.605521634221076965e-02 -1.599364280700683594e+00 -5.365422368049621582e-01 -1.751112461090087891e+00 -3.248457193374633789e+00 2.697300612926483154e-01 1.176897585391998291e-01 -6.016358137130737305e-01 -9.862556457519531250e-01 2.999225854873657227e-01 -1.702771335840225220e-01 -1.656146168708801270e+00 -1.015629246830940247e-01 -2.417859993875026703e-02 -1.085010319948196411e-01 7.554671764373779297e-01 -4.257966876029968262e-01 -3.261440098285675049e-01 3.635246679186820984e-02 -6.283789873123168945e-01 -4.657868444919586182e-01 -1.519966363906860352e+00 -6.595520377159118652e-01 6.593846529722213745e-02 -1.917195677757263184e+00 -4.627373516559600830e-01 4.383028447628021240e-01 -2.169094800949096680e+00 -3.805838525295257568e-01 5.700874328613281250e-01 5.336524248123168945e-01 -3.729674518108367920e-01
2.265265285968780518e-01 1.101294234395027161e-01 4.271269440650939941e-01 2.272753238677978516e+00 -6.229429841041564941e-01 3.383308351039886475e-01 1.817149519920349121e-01 -7.475466281175613403e-02 1.753059029579162598e-01 -1.835357844829559326e-01 4.784546196460723877e-01 -8.307067751884460449e-01 4.777063429355621338e-01 -4.552622735500335693e-01 2.085647135972976685e-01 7.366477847099304199e-01 -2.907322645187377930e-01 2.902195751667022705e-01 5.006002262234687805e-02 2.010258585214614868e-01 -5.402797460556030273e-01 4.626199007034301758e-01 9.671778082847595215e-01 -1.407531023025512695e+00 -2.284672558307647705e-01 -2.121367454528808594e-01 -1.973160952329635620e-01 2.966705262660980225e-01 7.936118543148040771e-02 -6.203459501266479492e-01 2.915571928024291992e-01 1.491090655326843262e+00 2.324638217687606812e-01 1.662863254547119141e+00 1.266924023628234863e+00 -1.491118371486663818e-01 -1.111917138099670410e+00 3.526945710182189941e-01 4.877082630991935730e-02 1.727205961942672729e-01 2.363369315862655640e-01 -6.853613257408142090e-01 4.436101317405700684e-01 2.803995370864868164e+00 1.045701980590820312e+00 -1.905041038990020752e-01 -1.538380235433578491e-01 -1.151031613349914551e+00 -1.387914866209030151e-01 -1.009130120277404785e+00 -7.490225434303283691e-01 1.454406857490539551e+00 3.578147292137145996e-01 2.420096993446350098e-01 1.887762904167175293e+00 5.691274069249629974e-03 -9.687783569097518921e-02 -3.579553365707397461e-01 5.526401996612548828e-01 3.077681064605712891e-01 -3.777920454740524292e-02 -3.249420225620269775e-01 -4.159382581710815430e-01 -1.964269876480102539e-01
3.309588432312011719e-01 2.306336909532546997e-01 5.010829567909240723e-01 -8.918387293815612793e-01 5.145058035850524902e-01 1.329039096832275391e+00 1.183185428380966187e-01 2.727072536945343018e-01 -1.248126029968261719e+00 -2.789665013551712036e-03 -1.491050124168395996e-01 -5.415979623794555664e-01 -3.206725120544433594e-01 -9.425390511751174927e-03 -4.577861428260803223e-01 -1.636977940797805786e-01 1.352538168430328369e-01 1.520734667778015137e+00 -1.983451992273330688e-01 -1.978263705968856812e-01 4.916141331195831299e-01 4.129178822040557861e-02 -3.054790258407592773e+00 6.624858975410461426e-01 -1.141927838325500488e+00 6.383048892021179199e-01 2.845304012298583984e-01 2.784130871295928955e-01 1.843339414335787296e-03 8.277226984500885010e-02 -8.174777962267398834e-03 -9.290774464607238770e-01 -7.697997093200683594e-01 8.463939428329467773e-01 6.836148500442504883e-01 2.496844977140426636e-01 1.321015238761901855e+00 2.339449226856231689e-01 2.975918054580688477e-01 -1.418993156403303146e-02 2.865909337997436523e-01 -8.274571299552917480e-01 1.590562984347343445e-02 1.975088238716125488e+00 -1.185802459716796875e+00 9.830868244171142578e-02 3.157162666320800781e-01 -8.557347655296325684e-01 2.456984370946884155e-01 3.091284632682800293e-01 -4.430067539215087891e-01 -1.153553485870361328e+00 3.713764548301696777e-01 3.427398204803466797e-01 1.111052989959716797e+00 1.908580213785171509e-01 -4.438937604427337646e-01 -4.029396474361419678e-01 -1.308122575283050537e-01 -1.593832969665527344e-01 -5.650645494461059570e-02 -3.649372160434722900e-01 -1.685218065977096558e-01 1.929005086421966553e-01
-2.824123799800872803e-01 -1.548764705657958984e-01 -2.793206870555877686e-01 -2.055012732744216919e-01 -1.415959447622299194e-01 -1.070370674133300781e+00 7.761266827583312988e-02 -2.146084159612655640e-01 -2.440796494483947754e-01 -2.164125591516494751e-01 5.763856694102287292e-02 -3.588856160640716553e-01 1.803435087203979492e-01 3.269380331039428711e-01 -4.197653383016586304e-02 -3.440866470336914062e-01 3.572652339935302734e-01 -6.329446434974670410e-01 -3.502693772315979004e-01 -7.351116836071014404e-02 1.131353667005896568e-03 8.966913819313049316e-02 3.210505843162536621e-01 -2.211556732654571533e-01 2.255528867244720459e-01 1.195615157485008240e-01 -1.168428063392639160e-01 2.934705317020416260e-01 4.194620251655578613e-01 3.491923511028289795e-01 -5.429862141609191895e-01 2.060205675661563873e-02 1.124942749738693237e-01 -7.070105671882629395e-01 -8.290274441242218018e-02 -2.198936939239501953e-01 -2.314669787883758545e-01 1.955132186412811279e-01 -6.882899440824985504e-03 -5.269499868154525757e-02 -2.415288090705871582e-01 -3.977600932121276855e-01 4.559714794158935547e-01 -1.796519637107849121e+00 3.333227932453155518e-01 -1.841554045677185059e-02 -2.064586281776428223e-01 -1.264644227921962738e-02 2.247129976749420166e-01 2.558762133121490479e-01 3.603477776050567627e-02 3.617754578590393066e-01 -4.399006068706512451e-01 -1.852064579725265503e-02 -6.504800915718078613e-01 2.073686569929122925e-03 -4.221164435148239136e-02 -8.731025457382202148e-02 3.531976044178009033e-01 2.396955713629722595e-02 9.306268393993377686e-02 -7.181935757398605347e-02 -1.890500932931900024e-01 -1.866670548915863037e-01
1.431720703840255737e-01 -8.653738349676132202e-02 2.505620121955871582e-01 -5.893011093139648438e-01 2.407065033912658691e-01 6.919847130775451660e-01 -3.213379979133605957e-01 -1.240175031125545502e-02 -9.165599942207336426e-01 2.251709997653961182e-02 -2.267022579908370972e-01 1.454909145832061768e-01 -7.448367774486541748e-02 4.358639568090438843e-02 -3.795542716979980469e-01 -9.659767150878906250e-02 -2.465893328189849854e-01 9.128614664077758789e-01 1.368876993656158447e-01 -1.093766614794731140e-01 1.256906986236572266e-02 -9.362285584211349487e-02 -1.834744453430175781e+00 1.934279650449752808e-01 -9.819482564926147461e-01 2.944186329841613770e-01 1.739424653351306915e-02 -2.606860399246215820e-01 8.403965085744857788e-02 1.207184791564941406e-01 -2.156636416912078857e-01 -6.076395511627197266e-01 -6.238201856613159180e-01 6.873754262924194336e-01 3.970025181770324707e-01 2.277635782957077026e-01 8.958345651626586914e-01 -5.159298330545425415e-02 1.841367334127426147e-01 -1.447176486253738403e-01 8.006929606199264526e-02 -4.582868814468383789e-01 -2.466417402029037476e-01 1.771927952766418457e+00 -1.046345353126525879e+00 1.986221373081207275e-01 1.047620624303817749e-01 -6.315883994102478027e-01 4.540838673710823059e-02 -3.627627193927764893e-01 9.890525788068771362e-02 -6.683915853500366211e-01 3.223721981048583984e-01 -7.476178556680679321e-02 5.547370314598083496e-01 -5.155430361628532410e-02 -4.755750298500061035e-01 -6.681139469146728516e-01 -3.396182060241699219e-01 -2.702766656875610352e-01 -2.085998207330703735e-01 -2.522943615913391113e-01 -1.998145133256912231e-01 -1.928164809942245483e-02
2.576014697551727295e-01 6.746370345354080200e-02 2.262950539588928223e-01 9.265273064374923706e-02 7.465352118015289307e-02 -6.320924162864685059e-01 6.905856132507324219e-01 -9.960304945707321167e-02 -1.741694658994674683e-01 -1.082396507263183594e-01 5.999628305435180664e-01 -2.072611898183822632e-01 5.266664624214172363e-01 4.735972881317138672e-01 -1.158830747008323669e-01 -1.953219026327133179e-01 6.379054188728332520e-01 -5.096662640571594238e-01 -2.420023083686828613e-01 2.020432502031326294e-01 3.307352066040039062e-01 6.141122579574584961e-01 7.549824118614196777e-01 -4.329891502857208252e-01 3.821833729743957520e-01 4.235137999057769775e-01 4.035941660404205322e-01 -1.884886324405670166e-01 4.876991268247365952e-03 6.640337109565734863e-01 -1.530732214450836182e-01 -1.759912371635437012e-01 1.768876910209655762e-01 -1.041952610015869141e+00 -2.781962156295776367e-01 1.451103687286376953e-01 -4.019768834114074707e-01 5.025915503501892090e-01 -7.086847722530364990e-02 2.391723096370697021e-01 7.129646092653274536e-02 1.169385090470314026e-01 1.243647858500480652e-01 -2.377249479293823242e+00 5.913040041923522949e-01 4.085895121097564697e-01 4.927693009376525879e-01 2.720358371734619141e-01 2.506405711174011230e-01 1.889756917953491211e-01 2.650240361690521240e-01 6.877403855323791504e-01 -1.618112772703170776e-01 3.990027606487274170e-01 -3.899950683116912842e-01 5.647243261337280273e-01 1.947680562734603882e-01 3.530499041080474854e-01 7.157607078552246094e-01 3.479312956333160400e-01 7.067745178937911987e-02 4.974584281444549561e-01 2.011401653289794922e-01 8.946762979030609131e-02
1.061608195304870605e-01 -2.931072190403938293e-02 2.955554127693176270e-01 3.442279621958732605e-02 1.072992682456970215e-01 -7.412561774253845215e-01 4.740345478057861328e-01 -1.832602620124816895e-01 -1.525799036026000977e-01 -1.885500550270080566e-02 3.857534527778625488e-01 -3.334680497646331787e-01 2.890097796916961670e-01 3.865056931972503662e-01 -2.569239139556884766e-01 -9.462909400463104248e-02 4.600932598114013672e-01 -6.184622645378112793e-01 -1.067841202020645142e-01 9.760937839746475220e-02 1.849696040153503418e-01 4.293173551559448242e-01 7.166162133216857910e-01 -3.571807146072387695e-01 1.962180435657501221e-01 3.705150783061981201e-01 1.171183511614799500e-01 -1.760668158531188965e-01 1.289186347275972366e-02 5.392323732376098633e-01 -2.965229451656341553e-01 4.517746344208717346e-02 1.099128425121307373e-01 -1.032676577568054199e+00 -3.398936688899993896e-01 1.449610739946365356e-01 -3.627453446388244629e-01 3.621550798416137695e-01 -1.030001267790794373e-01 2.205470651388168335e-01 -1.968704164028167725e-03 1.007988601922988892e-01 1.797063462436199188e-02 -2.431030750274658203e+00 6.328931450843811035e-01 4.507121443748474121e-01 2.800998687744140625e-01 1.882751584053039551e-01 2.728992104530334473e-01 1.976923346519470215e-01 3.279538154602050781e-01 6.037963628768920898e-01 -2.575136125087738037e-01 2.988035678863525391e-01 -3.820701241493225098e-01 3.884344995021820068e-01 -7.106335461139678955e-02 1.550217419862747192e-01 7.887265086174011230e-01 2.358331680297851562e-01 1.481231898069381714e-01 3.484784364700317383e-01 1.214424669742584229e-01 1.281095892190933228e-01
-3.213750123977661133e-01 -5.666010454297065735e-02 -2.671656310558319092e-01 -1.932340264320373535e-01 -1.845837831497192383e-01 -8.408665060997009277e-01 7.192394137382507324e-02 -3.528417348861694336e-01 -1.156389787793159485e-01 -1.449138075113296509e-01 2.064591795206069946e-01 -2.759741544723510742e-01 9.052353352308273315e-02 3.501530587673187256e-01 -4.611972868442535400e-01 -4.758602753281593323e-02 4.241441190242767334e-01 -8.176718354225158691e-01 -1.709434241056442261e-01 -1.795317530632019043e-01 -4.705642908811569214e-02 1.371247973293066025e-02 4.017098844051361084e-01 -4.219087660312652588e-01 4.397290945053100586e-01 8.737166225910186768e-02 -5.897912383079528809e-02 4.596161842346191406e-02 2.649830877780914307e-01 2.850241363048553467e-01 -6.698912978172302246e-01 -5.970100313425064087e-02 -1.337454374879598618e-02 -1.252307415008544922e+00 -2.169546112418174744e-02 -8.576703816652297974e-02 -3.193565309047698975e-01 1.145427450537681580e-01 -3.002232015132904053e-01 1.992513090372085571e-01 -1.880398541688919067e-01 -3.239559531211853027e-01 4.002982676029205322e-01 -1.919896721839904785e+00 6.332030892372131348e-01 9.077479690313339233e-02 -2.613306641578674316e-01 -7.406734675168991089e-02 1.469261348247528076e-01 5.551617965102195740e-02 3.027962893247604370e-02 2.602579593658447266e-01 -4.258577227592468262e-01 3.662652149796485901e-02 -6.018037796020507812e-01 7.103803753852844238e-02 -1.857053339481353760e-01 9.517666883766651154e-03 3.496438264846801758e-01 8.736669085919857025e-03 1.651096343994140625e-01 -1.152263283729553223e-01 -2.289083003997802734e-01 -1.681042164564132690e-01
1.976357698440551758e-01 1.442157626152038574e-01 3.670608103275299072e-01 1.109252646565437317e-01 1.855014860630035400e-01 -5.504220724105834961e-01 7.113358974456787109e-01 -2.311681807041168213e-01 -1.270670145750045776e-01 -1.606221646070480347e-01 6.033207774162292480e-01 -1.350892037153244019e-01 4.045592546463012695e-01 4.428825080394744873e-01 -2.120711505413055420e-01 -1.750280559062957764e-01 5.837377905845642090e-01 -5.331967473030090332e-01 -4.639897495508193970e-02 2.264935672283172607e-01 4.200526475906372070e-01 6.866561770439147949e-01 7.849197983741760254e-01 -4.487203061580657959e-01 2.618663311004638672e-01 4.169968962669372559e-01 4.283424019813537598e-01 -1.381181087344884872e-02 -6.237804517149925232e-02 5.706350803375244141e-01 -2.148774415254592896e-01 -5.839191377162933350e-02 6.438857316970825195e-02 -1.147426128387451172e+00 -3.233466446399688721e-01 3.427450358867645264e-01 -4.028161466121673584e-01 6.229084134101867676e-01 -6.270152330398559570e-02 2.328628897666931152e-01 2.892989814281463623e-01 2.644073367118835449e-01 1.811061203479766846e-01 -2.590565204620361328e+00 6.995900273323059082e-01 3.748597800731658936e-01 4.511567056179046631e-01 1.582899242639541626e-01 3.498159348964691162e-01 2.639800012111663818e-01 4.127925336360931396e-01 7.169397473335266113e-01 1.232905080541968346e-03 4.415424168109893799e-01 -3.261820375919342041e-01 3.969302177429199219e-01 2.992673590779304504e-02 2.058544158935546875e-01 9.180085062980651855e-01 5.004490017890930176e-01 2.112490236759185791e-01 4.451776742935180664e-01 1.599078774452209473e-01 2.141863852739334106e-01
3.283462226390838623e-01 -3.794571459293365479e-01 6.529122591018676758e-02 -2.853646278381347656e+00 -3.176175951957702637e-01 4.562472403049468994e-01 2.701915800571441650e-01 2.448666281998157501e-02 2.951738238334655762e-02 1.434963583946228027e+00 1.599031090736389160e-01 8.633574843406677246e-01 2.532089054584503174e-01 -4.463592469692230225e-01 1.410865306854248047e+00 1.017495274543762207e+00 4.002747535705566406e-01 1.580191105604171753e-01 4.090861976146697998e-01 5.263590137474238873e-04 6.432477235794067383e-01 1.112084370106458664e-02 -3.507659435272216797e+00 1.448855042457580566e+00 -1.591508090496063232e-01 2.782495915889739990e-01 6.178120374679565430e-01 8.490362018346786499e-02 -6.922491639852523804e-02 8.948227390646934509e-03 9.081058502197265625e-01 -6.862346529960632324e-01 8.357524126768112183e-02 -3.204299211502075195e-01 -5.384193658828735352e-01 -2.411916255950927734e-01 2.433853894472122192e-01 9.145470261573791504e-01 -1.137922883033752441e+00 5.156449675559997559e-01 -3.489986062049865723e-01 -7.228104025125503540e-02 6.877634674310684204e-02 1.291686892509460449e+00 -4.370877444744110107e-01 7.308894395828247070e-01 5.225823521614074707e-01 -1.030758380889892578e+00 2.114488601684570312e+00 -8.472139388322830200e-02 4.098462164402008057e-01 -2.753897905349731445e+00 5.660797953605651855e-01 1.692298352718353271e-01 -6.121055483818054199e-01 8.616064190864562988e-01 -1.272089600563049316e+00 4.927337765693664551e-01 -1.170694947242736816e+00 3.419373035430908203e-01 2.319639623165130615e-01 -4.625134468078613281e-01 -4.996703267097473145e-01 1.637856066226959229e-01
3.154135346412658691e-01 1.480649113655090332e-01 2.625825703144073486e-01 2.611440978944301605e-02 8.181065320968627930e-02 -4.850536584854125977e-01 5.256070494651794434e-01 -3.036027960479259491e-02 -9.844216704368591309e-02 -1.004415303468704224e-01 6.814283132553100586e-01 -2.135079503059387207e-01 5.256673097610473633e-01 6.281778812408447266e-01 -1.317026466131210327e-01 -3.482421487569808960e-02 6.460479497909545898e-01 -6.352245807647705078e-01 -1.833164840936660767e-01 4.151451215147972107e-02 4.343122839927673340e-01 6.744990348815917969e-01 8.172729015350341797e-01 -5.188527107238769531e-01 2.601740062236785889e-01 4.925345778465270996e-01 4.401745498180389404e-01 -8.583883196115493774e-02 -1.980162598192691803e-02 6.235964298248291016e-01 -1.799183487892150879e-01 -2.787214331328868866e-02 9.567360579967498779e-02 -9.766426682472229004e-01 -2.470772564411163330e-01 1.219671219587326050e-01 -3.754346072673797607e-01 5.789796710014343262e-01 3.941258881241083145e-03 2.273828834295272827e-01 3.163171708583831787e-01 1.845442205667495728e-01 1.078831031918525696e-01 -2.565124988555908203e+00 5.587033033370971680e-01 4.407480061054229736e-01 4.912466704845428467e-01 1.376960277557373047e-01 3.169655203819274902e-01 1.682362556457519531e-01 2.862030565738677979e-01 7.124212384223937988e-01 -3.009185194969177246e-03 6.672394871711730957e-01 -2.279329448938369751e-01 5.474870204925537109e-01 1.509368866682052612e-01 3.223604559898376465e-01 9.107518196105957031e-01 6.043344736099243164e-01 1.298823952674865723e-01 3.991596102714538574e-01 1.427827626466751099e-01 3.196151182055473328e-02
1.586260348558425903e-01 2.782936692237854004e-01 4.341393709182739258e-01 3.395890444517135620e-02 -8.112572878599166870e-02 1.589040458202362061e-01 -2.120766788721084595e-01 -1.005288809537887573e-01 -6.505981087684631348e-01 -2.734457552433013916e-01 -1.295333951711654663e-01 1.968385100364685059e+00 3.356285393238067627e-02 7.888641953468322754e-02 4.298646152019500732e-01 -1.511126905679702759e-01 -5.497005581855773926e-01 1.806134462356567383e+00 -6.940460205078125000e-01 1.973521709442138672e-02 6.953494250774383545e-02 1.434309035539627075e-01 -1.831048011779785156e+00 1.389585137367248535e+00 -1.248212337493896484e+00 1.221449822187423706e-01 4.140259325504302979e-02 1.487404853105545044e-01 -8.051434159278869629e-02 1.970648765563964844e-02 5.235630869865417480e-01 4.231051802635192871e-01 4.206676185131072998e-01 7.841605544090270996e-01 2.868129909038543701e-01 2.547426819801330566e-01 8.063989281654357910e-01 3.086878657341003418e-01 3.305247724056243896e-01 -4.715713560581207275e-01 2.064088135957717896e-01 -3.750351071357727051e-01 1.923225522041320801e-01 1.970870256423950195e+00 -1.519177556037902832e+00 3.708248212933540344e-02 2.456826269626617432e-01 -4.988501667976379395e-01 -2.844970226287841797e+00 -3.748501539230346680e-01 -1.813328117132186890e-01 -1.115548610687255859e+00 3.368874788284301758e-01 1.768341213464736938e-01 8.083940744400024414e-01 3.716492652893066406e-01 -3.630088567733764648e-01 -1.326008439064025879e-01 -1.670203804969787598e-01 -6.449523568153381348e-02 -1.490565538406372070e-01 -4.831869006156921387e-01 -1.248584985733032227e-01 4.855573177337646484e-01
3.209489583969116211e-01 1.472530812025070190e-01 3.490054905414581299e-01 5.933433771133422852e-02 2.215622812509536743e-01 -4.871919155120849609e-01 5.545650124549865723e-01 -2.889223694801330566e-01 -1.496644318103790283e-01 -1.429726332426071167e-01 6.037420034408569336e-01 -1.848364174365997314e-01 4.462704956531524658e-01 5.974362492561340332e-01 -2.268352657556533813e-01 -2.212297320365905762e-01 6.473814845085144043e-01 -5.278223156929016113e-01 -4.069186002016067505e-02 2.199099026620388031e-02 4.088586866855621338e-01 6.581528186798095703e-01 6.342438459396362305e-01 -4.927552044391632080e-01 3.891171514987945557e-01 4.876999557018280029e-01 3.505585789680480957e-01 -9.841432422399520874e-02 -1.351963728666305542e-01 6.756668686866760254e-01 -2.399313002824783325e-01 -1.527386903762817383e-01 8.941812813282012939e-02 -1.067474961280822754e+00 -1.739379763603210449e-01 2.211825847625732422e-01 -3.337264657020568848e-01 5.094164609909057617e-01 -9.931711852550506592e-02 3.071204125881195068e-01 1.585058271884918213e-01 3.450207114219665527e-01 2.828472293913364410e-03 -2.643563270568847656e+00 4.858316183090209961e-01 3.645664453506469727e-01 5.104761123657226562e-01 9.633801132440567017e-02 2.489983588457107544e-01 2.812355160713195801e-01 2.723533511161804199e-01 6.432842016220092773e-01 -1.049223169684410095e-01 6.131899356842041016e-01 -1.900061070919036865e-01 5.251365303993225098e-01 1.621914207935333252e-01 3.158946931362152100e-01 9.408512711524963379e-01 3.992047011852264404e-01 2.063207924365997314e-01 5.687485933303833008e-01 2.775908410549163818e-01 1.316699981689453125e-01
2.583454251289367676e-01 -3.809231892228126526e-02 2.208814173936843872e-01 2.642114274203777313e-02 6.533964723348617554e-02 -5.752460360527038574e-01 5.492612123489379883e-01 -1.988306939601898193e-01 -1.100079268217086792e-01 -9.430073946714401245e-02 6.129514575004577637e-01 -1.996667683124542236e-01 4.396806657314300537e-01 5.091628432273864746e-01 -2.081259042024612427e-01 -8.215586841106414795e-02 5.893948674201965332e-01 -4.703821241855621338e-01 -2.254821360111236572e-01 1.971977055072784424e-01 5.056247115135192871e-01 5.636668205261230469e-01 7.890400886535644531e-01 -4.811573028564453125e-01 2.318273037672042847e-01 4.658889770507812500e-01 2.351613044738769531e-01 -1.730953007936477661e-01 4.944565892219543457e-02 5.323915481567382812e-01 -2.018129229545593262e-01 -1.219834685325622559e-01 5.181289091706275940e-02 -1.019247770309448242e+00 -1.376446038484573364e-01 1.590059995651245117e-01 -3.979745507240295410e-01 4.476445615291595459e-01 -3.788836672902107239e-02 3.036153912544250488e-01 1.408821791410446167e-01 3.017536401748657227e-01 7.432259619235992432e-02 -2.596319437026977539e+00 6.856210231781005859e-01 4.344912767410278320e-01 4.602443873882293701e-01 1.514564752578735352e-01 4.075897634029388428e-01 1.174081936478614807e-01 2.909772396087646484e-01 5.511186718940734863e-01 -2.787026464939117432e-01 4.595824778079986572e-01 -3.473685681819915771e-01 5.000303983688354492e-01 1.241545677185058594e-01 2.731486260890960693e-01 8.477045893669128418e-01 5.356042981147766113e-01 2.735099792480468750e-01 5.059838294982910156e-01 1.231303662061691284e-01 1.670184284448623657e-01
-9.980574250221252441e-02 -2.384152710437774658e-01 -1.616884022951126099e-01 -9.547864794731140137e-01 -1.426113694906234741e-01 -4.208479225635528564e-01 -1.906600296497344971e-01 -3.495234251022338867e-01 2.215583622455596924e-01 -9.349445253610610962e-02 1.808872967958450317e-01 -1.214919447898864746e+00 2.102628163993358612e-02 4.040356278419494629e-01 -3.195395171642303467e-01 -6.009005382657051086e-02 4.626295566558837891e-01 -5.492591261863708496e-01 -8.814132213592529297e-01 -1.765195727348327637e-01 -2.475306205451488495e-02 1.026511788368225098e-01 7.990387082099914551e-01 -5.021280050277709961e-01 3.513594567775726318e-01 1.528192427940666676e-03 -1.383430361747741699e-01 2.862959206104278564e-01 2.223199009895324707e-01 -1.226129889488220215e+00 -1.191873311996459961e+00 3.294561207294464111e-01 -2.950138747692108154e-01 -1.418219923973083496e+00 -1.341134458780288696e-01 -2.488427609205245972e-01 -3.691094517707824707e-01 -4.479269087314605713e-01 -5.143612623214721680e-01 2.015099823474884033e-01 -1.219737902283668518e-01 -2.572362720966339111e-01 1.182109341025352478e-01 -1.962163090705871582e+00 6.183723807334899902e-01 9.488779306411743164e-02 -1.167877614498138428e-01 -5.022442936897277832e-01 1.023322567343711853e-01 1.239134296774864197e-01 3.052148781716823578e-02 7.266775369644165039e-01 -3.645894825458526611e-01 1.642756611108779907e-01 -1.053600430488586426e+00 4.730926826596260071e-02 -8.137316256761550903e-02 -1.574688106775283813e-01 3.264997601509094238e-01 1.168218627572059631e-02 -7.389947772026062012e-01 3.082053270190954208e-03 -4.700998216867446899e-02 -6.331914663314819336e-01
1.114877611398696899e-01 6.224327534437179565e-02 2.279130369424819946e-01 2.014996528625488281e+00 -8.246662020683288574e-01 -5.695471167564392090e-01 7.636010050773620605e-01 -7.599211484193801880e-02 1.292770206928253174e-01 3.680495023727416992e-01 4.290425777435302734e-01 -4.985183775424957275e-01 5.809912085533142090e-01 -6.756093502044677734e-01 1.025648355484008789e+00 5.800043940544128418e-01 -6.422616839408874512e-01 -2.932526469230651855e-01 -1.309777349233627319e-01 4.430132210254669189e-01 -3.244623839855194092e-01 4.427741169929504395e-01 9.368228912353515625e-01 -6.384994387626647949e-01 -7.884310483932495117e-01 4.163645952939987183e-02 -2.010051161050796509e-01 2.385004758834838867e-01 3.283404931426048279e-02 3.265905380249023438e-01 5.552238821983337402e-01 1.142518281936645508e+00 4.705873727798461914e-01 1.958120107650756836e+00 6.918885707855224609e-01 -7.108886837959289551e-01 -5.543644428253173828e-01 4.567234218120574951e-01 2.148873955011367798e-01 -2.695086002349853516e-01 -1.793967336416244507e-01 -3.779105246067047119e-01 3.877605199813842773e-01 2.525098800659179688e+00 8.106650710105895996e-01 4.570715427398681641e-01 5.851556733250617981e-02 -1.258635520935058594e+00 -2.723448872566223145e-01 -1.561376810073852539e+00 -7.100070714950561523e-01 9.968934059143066406e-01 4.146749973297119141e-01 4.283545017242431641e-01 1.163466691970825195e+00 -1.211704313755035400e-01 2.133104503154754639e-01 2.262932211160659790e-01 -2.276109755039215088e-01 4.794435799121856689e-01 9.431028366088867188e-02 -3.635022640228271484e-01 -3.386694192886352539e-01 2.159828841686248779e-01
1.433321386575698853e-01 2.854801528155803680e-02 2.709436714649200439e-01 7.057433575391769409e-02 9.973335266113281250e-02 -5.141668319702148438e-01 3.964328467845916748e-01 -3.329553902149200439e-01 -1.207640767097473145e-01 -4.530742391943931580e-02 4.639109969139099121e-01 -3.326866924762725830e-01 4.095251560211181641e-01 4.940462708473205566e-01 -3.288877308368682861e-01 -9.116776287555694580e-02 4.442189037799835205e-01 -5.622538924217224121e-01 -1.495759785175323486e-01 -8.627529256045818329e-03 4.105898439884185791e-01 3.620964586734771729e-01 5.421154499053955078e-01 -3.987674713134765625e-01 2.649712264537811279e-01 4.344511628150939941e-01 1.621738225221633911e-01 -1.108892541378736496e-02 6.281501799821853638e-02 4.852469861507415771e-01 -1.784636676311492920e-01 -1.066349446773529053e-01 -8.206633850932121277e-03 -1.233336806297302246e+00 -2.156708389520645142e-01 1.546502858400344849e-01 -3.534684479236602783e-01 5.226182937622070312e-01 -2.428525537252426147e-01 2.148873507976531982e-01 1.280432045459747314e-01 1.447980850934982300e-01 1.960506737232208252e-01 -2.525393962860107422e+00 6.876832842826843262e-01 2.950836420059204102e-01 2.075685262680053711e-01 1.885623633861541748e-01 2.070102095603942871e-01 1.273993551731109619e-01 3.569066226482391357e-01 6.318318247795104980e-01 -2.392176538705825806e-01 4.067066907882690430e-01 -2.168012857437133789e-01 3.361197412014007568e-01 7.303945720195770264e-02 2.026231884956359863e-01 6.270785331726074219e-01 2.473861277103424072e-01 5.233627185225486755e-02 2.560932040214538574e-01 2.003647536039352417e-01 -1.065037120133638382e-02
