1.684829890727996826e-01
8.980299234390258789e-01
-1.041758358478546143e-01
-8.357588052749633789e-01
1.103170752525329590e+00
-1.817363314330577850e-02
-8.864998221397399902e-01
3.989431858062744141e-01
1.060494065284729004e+00
9.026555418968200684e-01
5.986406803131103516e-01
9.932439923286437988e-01
8.138790130615234375e-01
8.732491731643676758e-01
2.760500907897949219e-01
4.938222169876098633e-01
3.203221410512924194e-02
2.601988846436142921e-03
3.022709488868713379e-01
1.455523222684860229e-01
9.576132893562316895e-01
7.321128845214843750e-01
3.325577974319458008e-01
1.063014268875122070e+00
3.472160398960113525e-01
9.343113303184509277e-01
1.488166898488998413e-01
1.041766405105590820e+00
8.606720566749572754e-01
3.268767893314361572e-01
-8.209866471588611603e-03
8.805133700370788574e-01
